ori,ncic_agency_name,agency_name_edit,agency_type_name,state_abbr,data_year,population,male_officer_ct,male_civilian_ct,male_total_ct,female_officer_ct,female_civilian_ct,female_total_ct,officer_ct,civilian_ct,total_pe_ct,pe_ct_per_1000
AL0010000,JEFFERSON CO SO BIRMINGHAM,JEFFERSON CO SO BIRMINGHAM,County,AL,2022,149098,413,40,453,79,111,190,492,151,643,4.31
AL0010100,BESSEMER PD,BESSEMER PD,City,AL,2022,25265,73,8,81,12,29,41,85,37,122,4.83
AL0010200,BIRMINGHAM PD,BIRMINGHAM PD,City,AL,2022,195050,588,60,648,99,126,225,687,186,873,4.48
AL0010300,MOUNTAIN BROOK PD,MOUNTAIN BROOK PD,City,AL,2022,21910,56,1,57,6,3,9,62,4,66,3.01
AL0010900,VESTAVIA HILLS PD,VESTAVIA HILLS PD,City,AL,2022,38515,95,0,95,6,3,9,101,3,104,2.70
AL0010800,TARRANT PD,TARRANT PD,City,AL,2022,5913,15,3,18,3,4,7,18,7,25,4.23
AL0010700,MIDFIELD PD,MIDFIELD PD,City,AL,2022,5036,7,1,8,1,3,4,8,4,12,2.38
AL0010600,LEEDS PD,LEEDS PD,City,AL,2022,12206,28,0,28,2,1,3,30,1,31,2.54
AL0010500,GARDENDALE PD,GARDENDALE PD,City,AL,2022,16861,29,2,31,2,8,10,31,10,41,2.43
AL0011000,HOMEWOOD PD,HOMEWOOD PD,City,AL,2022,25788,74,10,84,5,17,22,79,27,106,4.11
AL0010400,FAIRFIELD PD,FAIRFIELD PD,City,AL,2022,9691,4,1,5,1,3,4,5,4,9,0.93
AL0011100,FULTONDALE PD,FULTONDALE PD,City,AL,2022,9699,29,3,32,3,5,8,32,8,40,4.12
CO0120000,COSTILLA,COSTILLA,County,CO,2022,3748,7,5,12,1,2,3,8,7,15,4.00
NJ0030000,BURLINGTON CO SHERIFFS OFF MOUNT HOLLY,BURLINGTON CO SHERIFFS OFF MOUNT HOLLY,County,NJ,2022,0,54,2,56,12,14,26,66,16,82,
IL0220800,GLENDALE HEIGHTS PD,GLENDALE HEIGHTS PD,City,IL,2022,32440,44,4,48,8,11,19,52,15,67,2.07
TX1010400,DEER PARK PD,DEER PARK PD,City,TX,2022,33022,47,13,60,13,15,28,60,28,88,2.66
NJ0100500,CLINTON PD,CLINTON PD,City,NJ,2022,2795,11,0,11,1,0,1,12,0,12,4.29
TN0620300,TELLICO PLAINS PD,TELLICO PLAINS PD,City,TN,2022,761,5,0,5,0,0,0,5,0,5,6.57
AL0150300,PENNINGTON PD,PENNINGTON PD,City,AL,2022,329,2,0,2,0,0,0,2,0,2,6.08
NY0042400,FRANKLINVILLE VILLAGE PD FRANKLINVILLE,FRANKLINVILLE VILLAGE PD FRANKLINVILLE,City,NY,2022,1674,3,0,3,0,0,0,3,0,3,1.79
MO0500600,PEVELY,PEVELY,City,MO,2022,5998,13,1,14,1,7,8,14,8,22,3.67
SC0460100,CLOVER PD,CLOVER PD,City,SC,2022,7153,20,1,21,1,4,5,21,5,26,3.63
WI0460500,THIENSVILLE PD,THIENSVILLE PD,City,WI,2022,3302,8,0,8,0,1,1,8,1,9,2.73
NH0091000,LEE PD,LEE PD,City,NH,2022,4634,5,0,5,2,1,3,7,1,8,1.73
MN0290100,PARK RAPIDS PD,PARK RAPIDS PD,City,MN,2022,4186,10,0,10,1,1,2,11,1,12,2.87
ND0430000,SIOUX CO SO FORT YATES,SIOUX CO SO FORT YATES,County,ND,2022,3634,1,0,1,0,0,0,1,0,1,0.28
TX2273600,THE CITY OF BEE CAVE POLICE DEPARTMENT,THE CITY OF BEE CAVE POLICE DEPARTMENT,City,TX,2022,8870,18,1,19,1,1,2,19,2,21,2.37
MT0300000,MEAGHER CO SO WHITE SULPHUR SPRINGS,MEAGHER CO SO WHITE SULPHUR SPRINGS,County,MT,2022,2004,4,0,4,0,5,5,4,5,9,4.49
OK0601000,OK STATE UNIV: MAIN CAMP,OK STATE UNIV: MAIN CAMP,University or College,OK,2022,0,29,5,34,5,6,11,34,11,45,
MN0272800,MINNETRISTA PUBLIC SAFETY DEPARTMENT,MINNETRISTA PUBLIC SAFETY DEPARTMENT,City,MN,2022,10959,13,2,15,0,2,2,13,4,17,1.55
AR0470600,,,City,AR,2022,728,1,0,1,0,0,0,1,0,1,1.37
OK0721400,OK STATE UNIV: TULSA,OK STATE UNIV: TULSA,University or College,OK,2022,0,6,0,6,1,1,2,7,1,8,
CO0480200,HAXTUN,HAXTUN,City,CO,2022,968,3,0,3,0,0,0,3,0,3,3.10
UT0020700,MANTUA PD BRIGHAM CITY,MANTUA PD BRIGHAM CITY,City,UT,2022,1336,2,0,2,0,0,0,2,0,2,1.50
MO0482900,,,Other,MO,2022,0,16,1,17,3,1,4,19,2,21,
OK0411500,TRYON,TRYON,City,OK,2022,389,1,0,1,0,1,1,1,1,2,5.14
SC0052600,STATE TRANSPORT POLICE,STATE TRANSPORT POLICE,Other State Agency,SC,2022,0,0,0,0,1,0,1,1,0,1,
CO0020000,ALAMOSA,ALAMOSA,County,CO,2022,6858,16,14,30,4,8,12,20,22,42,6.12
DE0031100,DAGSBORO PD,DAGSBORO PD,City,DE,2022,939,5,0,5,1,0,1,6,0,6,6.39
CO0620500,LA SALLE,LA SALLE,City,CO,2022,2326,6,0,6,1,0,1,7,0,7,3.01
PA0482300,TATAMY PD,TATAMY PD,City,PA,2022,1329,2,0,2,0,0,0,2,0,2,1.50
TN0630000,MONTGOMERY CO SO CLARKSVILLE,MONTGOMERY CO SO CLARKSVILLE,County,TN,2022,60756,133,131,264,28,98,126,161,229,390,6.42
CO0060000,BENT,BENT,County,CO,2022,5885,11,12,23,0,8,8,11,20,31,5.27
WI0400000,MENOMINEE COUNTY SHERIFFS OFF KESHENA,MENOMINEE COUNTY SHERIFFS OFF KESHENA,County,WI,2022,4318,6,2,8,4,4,8,10,6,16,3.71
KS0100100,SEDAN PD,SEDAN PD,City,KS,2022,1006,2,0,2,0,0,0,2,0,2,1.99
KS0260000,ELLIS CO SO HAYS,ELLIS CO SO HAYS,County,KS,2022,4862,18,3,21,2,2,4,20,5,25,5.14
CO0390200,FRUITA,FRUITA,City,CO,2022,13632,16,1,17,2,2,4,18,3,21,1.54
TX1190100,JACKSBORO PD,JACKSBORO PD,City,TX,2022,4292,10,0,10,0,1,1,10,1,11,2.56
SC0230000,GREENVILLE CO SO GREENVILLE,GREENVILLE CO SO GREENVILLE,County,SC,2022,371326,462,19,481,68,80,148,530,99,629,1.69
SD0110200,PLATTE PD,PLATTE PD,City,SD,2022,1243,2,0,2,0,0,0,2,0,2,1.61
SC0230300,GREER PD,GREER PD,City,SC,2022,42196,52,10,62,12,17,29,64,27,91,2.16
NJ0101700,LAMBERTVILLE PD,LAMBERTVILLE PD,City,NJ,2022,4173,10,1,11,0,1,1,10,2,12,2.88
WI0690100,CLINTONVILLE PD,CLINTONVILLE PD,City,WI,2022,4493,12,12,24,0,4,4,12,16,28,6.23
MA0061300,LEVERETT PD,LEVERETT PD,City,MA,2022,1861,2,0,2,1,0,1,3,0,3,1.61
UT0180600,WEST JORDAN PD,WEST JORDAN PD,City,UT,2022,115900,109,9,118,15,25,40,124,34,158,1.36
NJ0020000,BERGEN CO SHERIFFS OFF HACKENSACK,BERGEN CO SHERIFFS OFF HACKENSACK,County,NJ,2022,0,435,40,475,73,66,139,508,106,614,
MN0400000,LE SUEUR CO SO LE CENTER,LE SUEUR CO SO LE CENTER,County,MN,2022,12923,23,10,33,0,17,17,23,27,50,3.87
MO0050200,MONETT,MONETT,City,MO,2022,9782,20,1,21,2,5,7,22,6,28,2.86
ME0160200,KITTERY PD,KITTERY PD,City,ME,2022,10279,21,1,22,1,4,5,22,5,27,2.63
NC0340100,KERNERSVILLE PD,KERNERSVILLE PD,City,NC,2022,27076,59,5,64,6,16,22,65,21,86,3.18
WI0640300,EAGLE RIVER PD,EAGLE RIVER PD,City,WI,2022,1695,4,0,4,2,1,3,6,1,7,4.13
WI0660300,,,City,WI,2022,408,1,0,1,0,0,0,1,0,1,2.45
OR0270100,DALLAS,DALLAS,City,OR,2022,17622,16,0,16,3,3,6,19,3,22,1.25
OH0210600,SHAWNEE HILLS,SHAWNEE HILLS,City,OH,2022,889,5,0,5,0,0,0,5,0,5,5.62
OK0600000,PAYNE,PAYNE,County,OK,2022,21491,42,29,71,5,12,17,47,41,88,4.09
PA0070300,LOGAN TWP PD ALTOONA,LOGAN TWP PD ALTOONA,City,PA,2022,12154,16,0,16,0,2,2,16,2,18,1.48
LA0530600,ROSELAND,ROSELAND,City,LA,2022,903,3,0,3,0,1,1,3,1,4,4.43
CA0030000,AMADOR CO SO JACKSON,AMADOR CO SO JACKSON,County,CA,2022,28625,41,16,57,4,23,27,45,39,84,2.93
OH0182300,HIGHLAND HEIGHTS,HIGHLAND HEIGHTS,City,OH,2022,8536,22,0,22,2,7,9,24,7,31,3.63
WA0171300,RENTON PD,RENTON PD,City,WA,2022,103619,102,5,107,14,24,38,116,29,145,1.40
LA0320100,DENHAM SPRINGS PD,DENHAM SPRINGS PD,City,LA,2022,9361,23,0,23,3,8,11,26,8,34,3.63
TX0570100,ADDISON PD,ADDISON PD,City,TX,2022,17531,52,2,54,9,8,17,61,10,71,4.05
NH0084400,NEWINGTON PD,NEWINGTON PD,City,NH,2022,817,8,1,9,1,1,2,9,2,11,13.46
SD0070100,CHAMBERLAIN PD,CHAMBERLAIN PD,City,SD,2022,2451,7,0,7,0,0,0,7,0,7,2.86
NH0073000,HOOKSETT PD,HOOKSETT PD,City,NH,2022,15313,25,3,28,5,8,13,30,11,41,2.68
TN0830500,WESTMORELAND PD,WESTMORELAND PD,City,TN,2022,2740,10,0,10,2,1,3,12,1,13,4.74
TX0700600,MILFORD PD,MILFORD PD,City,TX,2022,736,5,0,5,1,2,3,6,2,8,10.87
MO0954400,LADUE,LADUE,City,MO,2022,8948,22,1,23,5,0,5,27,1,28,3.13
NC0420800,ST PARK RANGER MEDOC MTN ST PARK ENFIELD,ST PARK RANGER MEDOC MTN ST PARK ENFIELD,Other State Agency,NC,2022,0,2,0,2,0,0,0,2,0,2,
TX1015900,LONE STAR COLLEGE SYSTEM DIST POLICE,LONE STAR COLLEGE SYSTEM DIST POLICE,University or College,TX,2022,0,85,39,124,24,28,52,109,67,176,
AL0310700,SOUTHSIDE PD SOUTHSIDE,SOUTHSIDE PD SOUTHSIDE,City,AL,2022,9524,13,2,15,0,1,1,13,3,16,1.68
AZ0150200,COLORADO RIVER TRIBAL PD PARKER,COLORADO RIVER TRIBAL PD PARKER,Tribal,AZ,2022,0,13,2,15,2,6,8,15,8,23,
KS0871600,PARK CITY PD,PARK CITY PD,City,KS,2022,8565,16,1,17,2,1,3,18,2,20,2.34
MI3053600,LITCHFIELD PD,LITCHFIELD PD,City,MI,2022,1379,3,0,3,0,0,0,3,0,3,2.18
KY0190400,FORT THOMAS PD,FORT THOMAS PD,City,KY,2022,17159,23,0,23,0,1,1,23,1,24,1.40
OK0460200,EUFAULA,EUFAULA,City,OK,2022,2777,11,0,11,0,0,0,11,0,11,3.96
IL0141300,GERMANTOWN PD GERMANTOWN,GERMANTOWN PD GERMANTOWN,City,IL,2022,1312,2,0,2,0,0,0,2,0,2,1.52
MI8196400,NORTHFIELD TWP PD WHITMORE LAKE,NORTHFIELD TWP PD WHITMORE LAKE,City,MI,2022,8438,11,0,11,0,2,2,11,2,13,1.54
OH0060500,MINSTER,MINSTER,City,OH,2022,2993,7,0,7,0,1,1,7,1,8,2.67
OK0580100,COMMERCE,COMMERCE,City,OK,2022,2285,6,0,6,0,0,0,6,0,6,2.63
TX0190800,HOOKS PD,HOOKS PD,City,TX,2022,2510,6,1,7,0,0,0,6,1,7,2.79
KY0300100,OWENSBORO PD,OWENSBORO PD,City,KY,2022,59839,90,9,99,5,25,30,95,34,129,2.16
GA0650100,CAIRO PD,CAIRO PD,City,GA,2022,9864,21,0,21,1,3,4,22,3,25,2.53
ME0020600,PRESQUE ISLE PD,PRESQUE ISLE PD,City,ME,2022,8746,13,2,15,3,3,6,16,5,21,2.40
CA0180000,LASSEN CO SO SUSANVILLE,LASSEN CO SO SUSANVILLE,County,CA,2022,17149,41,8,49,7,21,28,48,29,77,4.49
IL0470000,KENDALL CO SO YORKVILLE,KENDALL CO SO YORKVILLE,County,IL,2022,28184,45,29,74,5,16,21,50,45,95,3.37
NC0140400,HUDSON PD,HUDSON PD,City,NC,2022,3769,11,0,11,1,1,2,12,1,13,3.45
MN0380100,SILVER BAY PD,SILVER BAY PD,City,MN,2022,1865,4,0,4,0,0,0,4,0,4,2.14
VA0340400,LORD FAIRFAX COMM COLLEGE,LORD FAIRFAX COMM COLLEGE,University or College,VA,2022,0,3,0,3,1,0,1,4,0,4,
TX0610800,SANGER POLICE DEPARTMENT,SANGER POLICE DEPARTMENT,City,TX,2022,9877,15,0,15,3,1,4,18,1,19,1.92
KS0720200,MINNEAPOLIS PD,MINNEAPOLIS PD,City,KS,2022,1974,5,0,5,0,0,0,5,0,5,2.53
SD0320100,PIERRE PD,PIERRE PD,City,SD,2022,13977,19,4,23,2,10,12,21,14,35,2.50
PAUNI110X,,,University or College,PA,2022,0,8,0,8,0,1,1,8,1,9,
AR0230500,GUY PD,GUY PD,City,AR,2022,743,2,0,2,0,0,0,2,0,2,2.69
MI8297400,,,University or College,MI,2022,0,12,1,13,1,4,5,13,5,18,
WI0140300,HORICON PD,HORICON PD,City,WI,2022,3827,6,0,6,2,1,3,8,1,9,2.35
NY0022000,ALFRED VILLAGE PD ALFRED,ALFRED VILLAGE PD ALFRED,City,NY,2022,3777,5,0,5,0,0,0,5,0,5,1.32
OH0540400,COLDWATER,COLDWATER,City,OH,2022,4676,10,0,10,0,1,1,10,1,11,2.35
TX1460300,DAYTON PD,DAYTON PD,City,TX,2022,9451,15,0,15,3,7,10,18,7,25,2.65
MA0020400,CHESHIRE PD,CHESHIRE PD,City,MA,2022,3226,2,0,2,0,0,0,2,0,2,0.62
TX1750100,CORSICANA PD,CORSICANA PD,City,TX,2022,25585,30,1,31,4,8,12,34,9,43,1.68
CA0310400,ROCKLIN PD,ROCKLIN PD,City,CA,2022,74168,50,2,52,5,21,26,55,23,78,1.05
MI6162500,NORTON SHORES PD MUSKEGON,NORTON SHORES PD MUSKEGON,City,MI,2022,25226,33,2,35,3,3,6,36,5,41,1.63
TN0790500,UNIV OF TN: HEALTH SCI C,UNIV OF TN: HEALTH SCI C,University or College,TN,2022,0,23,10,33,7,29,36,30,39,69,
OK0590100,CLEVELAND,CLEVELAND,City,OK,2022,3243,6,0,6,0,0,0,6,0,6,1.85
WI0620000,TREMPEALEAU CO SO WHITEHALL,TREMPEALEAU CO SO WHITEHALL,County,WI,2022,15549,25,14,39,3,17,20,28,31,59,3.79
VT0130100,BELLOWS FALLS PD,BELLOWS FALLS PD,City,VT,2022,2820,3,0,3,0,1,1,3,1,4,1.42
WY0030100,GILLETTE PD,GILLETTE PD,City,WY,2022,32320,51,2,53,6,22,28,57,24,81,2.51
NC026089E,METHODIST UNIVERSITY POLICE DEPARTMENT,METHODIST UNIVERSITY POLICE DEPARTMENT,University or College,NC,2022,0,6,8,14,1,4,5,7,12,19,
UT0271500,IVINS PUBLIC SAFETY DEPARTMENT,IVINS PUBLIC SAFETY DEPARTMENT,City,UT,2022,18275,14,0,14,1,3,4,15,3,18,0.98
PA0233400,TRAINER PD CHESTER,TRAINER PD CHESTER,City,PA,2022,1944,6,0,6,0,0,0,6,0,6,3.09
KY0340300,UNIVERSITY OF KENTUCKY PD LEXINGTON,UNIVERSITY OF KENTUCKY PD LEXINGTON,University or College,KY,2022,0,51,83,134,3,37,40,54,120,174,
OR0050500,VERNONIA,VERNONIA,City,OR,2022,2432,4,0,4,0,1,1,4,1,5,2.06
GA1250000,SEMINOLE CO SO DONALSONVILLE,SEMINOLE CO SO DONALSONVILLE,County,GA,2022,6454,20,2,22,5,7,12,25,9,34,5.27
IA0310300,DYERSVILLE PD,DYERSVILLE PD,City,IA,2022,4516,6,0,6,1,0,1,7,0,7,1.55
OK0451800,WRIGHT CITY,WRIGHT CITY,City,OK,2022,610,2,2,4,0,0,0,2,2,4,6.56
IN0320200,DANVILLE PD,DANVILLE PD,City,IN,2022,10925,20,0,20,2,2,4,22,2,24,2.20
OK0110000,CHEROKEE,CHEROKEE,County,OK,2022,30989,25,1,26,2,6,8,27,7,34,1.10
LADI00500,TUNICA BILOXI TRIBAL POLICE,TUNICA BILOXI TRIBAL POLICE,Tribal,LA,2022,0,11,0,11,2,1,3,13,1,14,
WA0010100,OTHELLO PD,OTHELLO PD,City,WA,2022,8876,17,3,20,0,5,5,17,8,25,2.82
NB0280600,BOYS TOWN PD,BOYS TOWN PD,City,NB,2022,413,10,0,10,0,0,0,10,0,10,24.21
NC0790100,EDEN PD,EDEN PD,City,NC,2022,15253,38,1,39,5,3,8,43,4,47,3.08
FL0510200,NEW PORT RICHEY PD,NEW PORT RICHEY PD,City,FL,2022,17249,37,5,42,3,9,12,40,14,54,3.13
TX2203300,UNIV OF TEXAS PD ARLINGTON,UNIV OF TEXAS PD ARLINGTON,University or College,TX,2022,0,34,24,58,9,20,29,43,44,87,
NY0320200,UTICA CITY PD UTICA,UTICA CITY PD UTICA,City,NY,2022,63906,153,8,161,12,8,20,165,16,181,2.83
TN0230200,NEWBERN PD,NEWBERN PD,City,TN,2022,3296,11,0,11,1,0,1,12,0,12,3.64
MO116069E,,,Other,MO,2022,0,5,0,5,0,0,0,5,0,5,
AR0042100,BELLA VISTA POLICE DEPARTMENT,BELLA VISTA POLICE DEPARTMENT,City,AR,2022,31316,38,8,46,1,9,10,39,17,56,1.79
MI3047300,HILLSDALE PD,HILLSDALE PD,City,MI,2022,8157,12,1,13,1,2,3,13,3,16,1.96
TX1610200,PALACIOS PD,PALACIOS PD,City,TX,2022,4425,9,1,10,0,1,1,9,2,11,2.49
TN0240000,FAYETTE CO SO SOMERVILLE,FAYETTE CO SO SOMERVILLE,County,TN,2022,25274,48,21,69,1,19,20,49,40,89,3.52
TX0180200,VALLEY MILLS POLICE DEPART,VALLEY MILLS POLICE DEPART,City,TX,2022,1256,2,0,2,2,0,2,4,0,4,3.18
MD0170300,BRENTWOOD POLICE DEPARTMENT,BRENTWOOD POLICE DEPARTMENT,City,MD,2022,3724,4,0,4,0,1,1,4,1,5,1.34
MS0610200,PEARL PD,PEARL PD,City,MS,2022,27484,45,5,50,6,8,14,51,13,64,2.33
IL0164000,GLENWOOD PD,GLENWOOD PD,City,IL,2022,8317,20,0,20,1,4,5,21,4,25,3.01
SD0150000,CORSON CO SO MC INTOSH,CORSON CO SO MC INTOSH,County,SD,2022,3876,5,0,5,0,0,0,5,0,5,1.29
OR0290500,MANZANITA,MANZANITA,City,OR,2022,625,4,0,4,0,0,0,4,0,4,6.40
NC0790300,MADISON PD,MADISON PD,City,NC,2022,2112,11,0,11,5,0,5,16,0,16,7.58
NJ0100600,CLINTON TWP PD ANNANDALE,CLINTON TWP PD ANNANDALE,City,NJ,2022,13759,22,0,22,2,3,5,24,3,27,1.96
GA0650000,GRADY CO SO CAIRO,GRADY CO SO CAIRO,County,GA,2022,15423,21,0,21,0,3,3,21,3,24,1.56
AZ0091300,PINETOP-LAKESIDE PD,PINETOP-LAKESIDE PD,City,AZ,2022,4179,14,1,15,1,4,5,15,5,20,4.79
TX0360700,MONT BELVIEU PD MONT BELVIEU,MONT BELVIEU PD MONT BELVIEU,City,TX,2022,8902,18,0,18,4,9,13,22,9,31,3.48
IA0230200,CAMANCHE PD,CAMANCHE PD,City,IA,2022,4587,6,0,6,2,0,2,8,0,8,1.74
WV0140100,ROMNEY PD,ROMNEY PD,City,WV,2022,1718,4,0,4,1,1,2,5,1,6,3.49
MN0740100,OWATONNA PD,OWATONNA PD,City,MN,2022,26394,31,1,32,6,3,9,37,4,41,1.55
MN0520100,NORTH MANKATO PD,NORTH MANKATO PD,City,MN,2022,14403,13,0,13,2,1,3,15,1,16,1.11
MA0141600,GARDNER PD,GARDNER PD,City,MA,2022,21231,24,4,28,3,13,16,27,17,44,2.07
NM0010100,ALBUQUERQUE PD,ALBUQUERQUE PD,City,NM,2022,560557,759,190,949,140,394,534,899,584,1483,2.65
OH0770100,AKRON,AKRON,City,OH,2022,188534,407,8,415,39,30,69,446,38,484,2.57
WA0174200,NEWCASTLE POLICE DEPARTMENT,NEWCASTLE POLICE DEPARTMENT,City,WA,2022,12782,9,0,9,2,3,5,11,3,14,1.10
CA0550100,SONORA PD,SONORA PD,City,CA,2022,5025,9,0,9,1,6,7,10,6,16,3.18
CA0270100,CARMEL PD,CARMEL PD,City,CA,2022,3176,11,0,11,1,8,9,12,8,20,6.30
KY0140000,BRECKINRIDGE CO SO HARDINSBURG,BRECKINRIDGE CO SO HARDINSBURG,County,KY,2022,16056,7,2,9,0,0,0,7,2,9,0.56
MO0780000,PEMISCOT,PEMISCOT,County,MO,2022,5151,21,13,34,0,15,15,21,28,49,9.51
MN0030000,BECKER CO SO DETROIT LAKES,BECKER CO SO DETROIT LAKES,County,MN,2022,22816,22,28,50,2,18,20,24,46,70,3.07
MO0190200,BELTON,BELTON,City,MO,2022,24395,35,13,48,5,11,16,40,24,64,2.62
WI0410500,FRANKLIN PD,FRANKLIN PD,City,WI,2022,36396,49,6,55,8,12,20,57,18,75,2.06
MI3382600,WILLIAMSTON PD,WILLIAMSTON PD,City,MI,2022,3780,5,1,6,1,1,2,6,2,8,2.12
SC036NR00,DNR: NEWBERRY COUNTY,DNR: NEWBERRY COUNTY,Other State Agency,SC,2022,0,3,0,3,0,0,0,3,0,3,
IL0164600,HICKORY HILLS PD,HICKORY HILLS PD,City,IL,2022,13924,21,3,24,4,7,11,25,10,35,2.51
KY0900000,NELSON CO SO BARDSTOWN,NELSON CO SO BARDSTOWN,County,KY,2022,31915,29,0,29,1,6,7,30,6,36,1.13
FL0060500,HOLLYWOOD PD,HOLLYWOOD PD,City,FL,2022,151559,271,31,302,53,81,134,324,112,436,2.88
TX1880200,AMARILLO COLLEGE PD AMARILLO,AMARILLO COLLEGE PD AMARILLO,University or College,TX,2022,0,10,1,11,1,1,2,11,2,13,
TN0780500,4TH JUDICIAL DIST DRUG TASK FORCE SEVIERVILLE,4TH JUDICIAL DIST DRUG TASK FORCE SEVIERVILLE,Other,TN,2022,0,1,0,1,0,0,0,1,0,1,
SC0290100,LANCASTER PD,LANCASTER PD,City,SC,2022,8678,27,1,28,6,11,17,33,12,45,5.19
NY0272800,BROCKPORT VILLAGE PD BROCKPORT,BROCKPORT VILLAGE PD BROCKPORT,City,NY,2022,6924,12,0,12,1,1,2,13,1,14,2.02
NB0710100,COLUMBUS PD,COLUMBUS PD,City,NB,2022,24158,32,1,33,3,5,8,35,6,41,1.70
VA1240000,SOUTH BOSTON PD,SOUTH BOSTON PD,City,VA,2022,7884,23,0,23,2,2,4,25,2,27,3.42
IA0570300,HIAWATHA PD,HIAWATHA PD,City,IA,2022,7109,14,0,14,1,0,1,15,0,15,2.11
FL0110300,CITY OF MARCO ISLAND POLICE DEPARTMENT,CITY OF MARCO ISLAND POLICE DEPARTMENT,City,FL,2022,16137,35,3,38,3,5,8,38,8,46,2.85
WVWSP3100,STATE POLICE OAK HILL,STATE POLICE OAK HILL,State Police,WV,2022,0,6,0,6,0,1,1,6,1,7,
GA1460400,CHICKAMAUGA PD,CHICKAMAUGA PD,City,GA,2022,3223,5,0,5,0,0,0,5,0,5,1.55
SD0140000,CODINGTON CO SO WATERTOWN,CODINGTON CO SO WATERTOWN,County,SD,2022,5901,12,7,19,0,12,12,12,19,31,5.25
MO0140500,HOLTS SUMMIT,HOLTS SUMMIT,City,MO,2022,5431,5,0,5,1,1,2,6,1,7,1.29
MS0260100,DURANT PD,DURANT PD,City,MS,2022,2076,4,3,7,1,2,3,5,5,10,4.82
TX2202100,NORTH RICHLAND HILLS POLICE DEPARTMENT,NORTH RICHLAND HILLS POLICE DEPARTMENT,City,TX,2022,70108,107,27,134,14,61,75,121,88,209,2.98
MO0850400,ST. ROBERT,ST. ROBERT,City,MO,2022,5399,14,0,14,3,8,11,17,8,25,4.63
MN0310400,,,City,MN,2022,968,3,0,3,0,0,0,3,0,3,3.10
KS0870300,WICHITA POLICE DEPARTMENT,WICHITA POLICE DEPARTMENT,City,KS,2022,394286,549,47,596,116,125,241,665,172,837,2.12
MS0470100,HOLLY SPRINGS PD,HOLLY SPRINGS PD,City,MS,2022,6488,12,0,12,2,4,6,14,4,18,2.77
MN0140300,,,City,MN,2022,2227,5,0,5,0,0,0,5,0,5,2.25
NV0130000,CARSON CITY SHERIFF'S OFFICE CARSON CITY,CARSON CITY SHERIFF'S OFFICE CARSON CITY,County,NV,2022,59377,92,6,98,8,32,40,100,38,138,2.32
OH0430700,MENTOR-ON-THE-LAKE,MENTOR-ON-THE-LAKE,City,OH,2022,7072,9,0,9,1,4,5,10,4,14,1.98
TX1700400,,,Other,TX,2022,0,46,0,46,8,5,13,54,5,59,
WI0440000,ONEIDA CO SO RHINELANDER,ONEIDA CO SO RHINELANDER,County,WI,2022,20524,27,46,73,7,33,40,34,79,113,5.51
MN0731600,AVON PD,AVON PD,City,MN,2022,1680,3,0,3,0,1,1,3,1,4,2.38
NC0860100,ELKIN PD,ELKIN PD,City,NC,2022,4045,14,1,15,2,3,5,16,4,20,4.94
IN0570000,NOBLE CO SO ALBION,NOBLE CO SO ALBION,County,IN,2022,30157,46,2,48,8,10,18,54,12,66,2.19
CO0630000,YUMA,YUMA,County,CO,2022,4160,8,7,15,1,0,1,9,7,16,3.85
NC0350400,BUNN PD,BUNN PD,City,NC,2022,353,1,0,1,1,1,2,2,1,3,8.50
NC0030200,ST PARK RANGER STONE MTN SP PARK ROARING GAP,ST PARK RANGER STONE MTN SP PARK ROARING GAP,Other State Agency,NC,2022,0,3,5,8,3,0,3,6,5,11,
CADIT1400,,,Tribal,CA,2022,0,10,0,10,0,0,0,10,0,10,
MD0172200,RIVERDALE PARK POLICE DEPARTMENT,RIVERDALE PARK POLICE DEPARTMENT,City,MD,2022,7156,22,2,24,2,4,6,24,6,30,4.19
WVWSP3600,STATE POLICE PHILIPPI,STATE POLICE PHILIPPI,State Police,WV,2022,0,5,0,5,0,1,1,5,1,6,
PA0031200,SOUTH BUFFALO TWP PD FREEPORT,SOUTH BUFFALO TWP PD FREEPORT,City,PA,2022,2681,3,0,3,0,0,0,3,0,3,1.12
UT0271000,WASHINGTON PD,WASHINGTON PD,City,UT,2022,33535,34,6,40,0,3,3,34,9,43,1.28
MA0021200,LANESBORO PD,LANESBORO PD,City,MA,2022,3021,6,0,6,0,0,0,6,0,6,1.99
CA0290000,NEVADA CO SO NEVADA CITY,NEVADA CO SO NEVADA CITY,County,CA,2022,70380,55,44,99,5,51,56,60,95,155,2.20
CA0190100,ALHAMBRA PD,ALHAMBRA PD,City,CA,2022,79703,67,5,72,10,36,46,77,41,118,1.48
MS0760200,LELAND PD,LELAND PD,City,MS,2022,3798,10,2,12,1,7,8,11,9,20,5.27
TN0740100,SPRINGFIELD PD,SPRINGFIELD PD,City,TN,2022,19330,30,0,30,5,3,8,35,3,38,1.97
AK0010300,JUNEAU PD,JUNEAU PD,City,AK,2022,31775,43,12,55,3,22,25,46,34,80,2.52
CA0210300,FAIRFAX PD,FAIRFAX PD,City,CA,2022,7477,9,3,12,1,3,4,10,6,16,2.14
NJ0022600,HAWORTH PD,HAWORTH PD,City,NJ,2022,3288,12,1,13,0,0,0,12,1,13,3.95
TN0430200,NEW JOHNSONVILLE PD,NEW JOHNSONVILLE PD,City,TN,2022,1851,5,0,5,0,1,1,5,1,6,3.24
AL0281300,VALLEY HEAD PD,VALLEY HEAD PD,City,AL,2022,585,2,0,2,0,0,0,2,0,2,3.42
CA0400000,SAN LUIS OBISPO CO SO SAN LUIS OBISPO,SAN LUIS OBISPO CO SO SAN LUIS OBISPO,County,CA,2022,124730,273,26,299,34,85,119,307,111,418,3.35
OR0020100,CORVALLIS,CORVALLIS,City,OR,2022,60031,63,7,70,9,30,39,72,37,109,1.82
MI4726900,BRIGHTON PD,BRIGHTON PD,City,MI,2022,7483,16,0,16,1,2,3,17,2,19,2.54
MS0520100,MACON PD,MACON PD,City,MS,2022,2488,4,0,4,1,1,2,5,1,6,2.41
GA0270000,CHATTOOGA CO SO SUMMERVILLE,CHATTOOGA CO SO SUMMERVILLE,County,GA,2022,20642,23,9,32,3,9,12,26,18,44,2.13
MS0160300,,,City,MS,2022,297,1,0,1,0,0,0,1,0,1,3.37
TX2430200,ELECTRA PD,ELECTRA PD,City,TX,2022,2286,8,1,9,0,4,4,8,5,13,5.69
KY0370100,FRANKFORT PD,FRANKFORT PD,City,KY,2022,28559,50,3,53,3,12,15,53,15,68,2.38
SC0420100,SPARTANBURG PUBLIC SAFETY,SPARTANBURG PUBLIC SAFETY,City,SC,2022,38271,92,3,95,33,17,50,125,20,145,3.79
GA1590300,WARWICK PD,WARWICK PD,City,GA,2022,496,2,0,2,1,2,3,3,2,5,10.08
LA0500100,BREAUX BRIDGE PD,BREAUX BRIDGE PD,City,LA,2022,7564,14,0,14,5,1,6,19,1,20,2.64
NC0740000,PITT CO SO GREENVILLE,PITT CO SO GREENVILLE,County,NC,2022,61239,105,140,245,9,60,69,114,200,314,5.13
IL0570500,LEROY PD,LEROY PD,City,IL,2022,3448,7,0,7,0,0,0,7,0,7,2.03
KY0840000,MERCER CO SO HARRODSBURG,MERCER CO SO HARRODSBURG,County,KY,2022,12867,8,1,9,0,2,2,8,3,11,0.85
CO0030100,ENGLEWOOD,ENGLEWOOD,City,CO,2022,33452,65,10,75,9,29,38,74,39,113,3.38
WI0720000,WOOD CO SO WISCONSIN RAPIDS,WOOD CO SO WISCONSIN RAPIDS,County,WI,2022,24617,43,14,57,3,15,18,46,29,75,3.05
OK0551400,NICOMA PARK,NICOMA PARK,City,OK,2022,2283,5,0,5,1,1,2,6,1,7,3.07
TX1014200,UNIV OF HOUSTON/DOWNTOWN COLLEGE PD HOUSTON,UNIV OF HOUSTON/DOWNTOWN COLLEGE PD HOUSTON,University or College,TX,2022,0,14,19,33,11,10,21,25,29,54,
IL0920300,DANVILLE PD,DANVILLE PD,City,IL,2022,28480,60,6,66,4,8,12,64,14,78,2.74
AL0280200,COLLINSVILLE PD,COLLINSVILLE PD,City,AL,2022,2029,3,1,4,1,3,4,4,4,8,3.94
MA0080200,BELCHERTOWN PD,BELCHERTOWN PD,City,MA,2022,15277,17,3,20,3,3,6,20,6,26,1.70
OK0490700,LANGLEY,LANGLEY,City,OK,2022,608,3,0,3,0,0,0,3,0,3,4.93
OK0121500,SAWYER,SAWYER,City,OK,2022,344,1,0,1,0,0,0,1,0,1,2.91
MN0210100,ALEXANDRIA PD,ALEXANDRIA PD,City,MN,2022,14564,23,0,23,2,3,5,25,3,28,1.92
FL0100100,GREEN COVE SPRINGS PD,GREEN COVE SPRINGS PD,City,FL,2022,9933,18,0,18,6,6,12,24,6,30,3.02
MA0142400,LEICESTER PD,LEICESTER PD,City,MA,2022,11084,15,0,15,0,1,1,15,1,16,1.44
MI7043200,GRAND HAVEN PD,GRAND HAVEN PD,City,MI,2022,10967,25,4,29,4,4,8,29,8,37,3.37
IL0380000,IROQUOIS CO SO WATSEKA,IROQUOIS CO SO WATSEKA,County,IL,2022,18737,16,10,26,1,3,4,17,13,30,1.60
TN0870000,UNION CO SO MAYNARDVILLE,UNION CO SO MAYNARDVILLE,County,TN,2022,15693,30,14,44,2,9,11,32,23,55,3.50
NC0620000,MONTGOMERY CO SO TROY,MONTGOMERY CO SO TROY,County,NC,2022,18418,24,5,29,3,14,17,27,19,46,2.50
WYWHP0000,SHP CHEYENNE,SHP CHEYENNE,State Police,WY,2022,0,155,65,220,4,68,72,159,133,292,
KS0870700,COLWICH PD,COLWICH PD,City,KS,2022,1457,4,0,4,0,0,0,4,0,4,2.75
TX0313200,TOWN OF RANCHO VIEJO POLICE DEPT,TOWN OF RANCHO VIEJO POLICE DEPT,City,TX,2022,2867,8,0,8,0,0,0,8,0,8,2.79
NJ0082400,WOOLWICH TOWNSHIP POLICE DEPT,WOOLWICH TOWNSHIP POLICE DEPT,City,NJ,2022,13625,30,0,30,1,2,3,31,2,33,2.42
VA0700000,PATRICK CO SO STUART,PATRICK CO SO STUART,County,VA,2022,17705,49,1,50,8,14,22,57,15,72,4.07
OH0831400,SPRINGBORO,SPRINGBORO,City,OH,2022,19431,29,0,29,1,4,5,30,4,34,1.75
MI6160300,MUSKEGON PD,MUSKEGON PD,City,MI,2022,37615,60,2,62,10,9,19,70,11,81,2.15
AR0630300,,,City,AR,2022,4061,7,0,7,0,0,0,7,0,7,1.72
ME0061500,,,Other State Agency,ME,2022,0,11,5,16,0,2,2,11,7,18,
NM0020000,CATRON CO SO RESERVE,CATRON CO SO RESERVE,County,NM,2022,3852,7,0,7,0,1,1,7,1,8,2.08
NJ0108900,HUNTERDON CNTY PROSECUTOR FLEMINGTON,HUNTERDON CNTY PROSECUTOR FLEMINGTON,Other,NJ,2022,0,18,5,23,7,22,29,25,27,52,
MS0220000,GRENADA CO SO GRENADA,GRENADA CO SO GRENADA,County,MS,2022,8808,6,0,6,3,1,4,9,1,10,1.14
WA0050200,FORKS PD,FORKS PD,City,WA,2022,3430,5,1,6,1,0,1,6,1,7,2.04
CA0250100,ALTURAS PD,ALTURAS PD,City,CA,2022,2692,5,0,5,0,1,1,5,1,6,2.23
NJ0060100,BRIDGETON PD,BRIDGETON PD,City,NJ,2022,26524,57,3,60,7,8,15,64,11,75,2.83
OK0260100,CHICKASHA,CHICKASHA,City,OK,2022,16031,16,4,20,3,6,9,19,10,29,1.81
MO0952900,FLORDELL HILLS,FLORDELL HILLS,City,MO,2022,711,6,0,6,0,0,0,6,0,6,8.44
TN0660500,OBION PD,OBION PD,City,TN,2022,964,2,0,2,0,0,0,2,0,2,2.07
NC0820100,CLINTON PD,CLINTON PD,City,NC,2022,8004,25,2,27,3,3,6,28,5,33,4.12
FL0520800,LARGO PD,LARGO PD,City,FL,2022,82167,127,7,134,28,21,49,155,28,183,2.23
TX0430900,PRINCETON PD,PRINCETON PD,City,TX,2022,22867,24,0,24,6,2,8,30,2,32,1.40
IL0162C00,WILMETTE PD,WILMETTE PD,City,IL,2022,27144,37,10,47,8,6,14,45,16,61,2.25
MT0450000,SANDERS CO SO THOMPSON FALLS,SANDERS CO SO THOMPSON FALLS,County,MT,2022,10228,10,5,15,3,5,8,13,10,23,2.25
IA0090000,BREMER CO SO WAVERLY,BREMER CO SO WAVERLY,County,IA,2022,12825,14,7,21,0,14,14,14,21,35,2.73
AR0090000,CHICOT CO SO LAKE VILLAGE,CHICOT CO SO LAKE VILLAGE,County,AR,2022,6267,6,0,6,0,1,1,6,1,7,1.12
LA0610100,PORT ALLEN PD,PORT ALLEN PD,City,LA,2022,4984,14,0,14,1,1,2,15,1,16,3.21
SC0220300,PAWLEY'S ISLAND POLICE DEPARTMENT,PAWLEY'S ISLAND POLICE DEPARTMENT,City,SC,2022,133,3,0,3,0,0,0,3,0,3,22.56
FL0190000,FRANKLIN COUNTY SHERIFF'S OFFICE EASTPOINT,FRANKLIN COUNTY SHERIFF'S OFFICE EASTPOINT,County,FL,2022,7646,37,1,38,1,23,24,38,24,62,8.11
TX2201600,HURST POLICE DEPT,HURST POLICE DEPT,City,TX,2022,39796,64,12,76,7,29,36,71,41,112,2.81
CA0570000,YOLO CO SO WOODLAND,YOLO CO SO WOODLAND,County,CA,2022,27966,76,86,162,11,78,89,87,164,251,8.98
KS0960100,WELLINGTON PD,WELLINGTON PD,City,KS,2022,7641,14,1,15,2,2,4,16,3,19,2.49
TX0911000,HOWE PD,HOWE PD,City,TX,2022,3659,6,0,6,0,1,1,6,1,7,1.91
NBDI00800,SANTEE TRIBAL POLICE DEPARTMENT,SANTEE TRIBAL POLICE DEPARTMENT,Tribal,NB,2022,0,4,0,4,1,0,1,5,0,5,
UT0020800,WILLARD PD,WILLARD PD,City,UT,2022,2251,2,0,2,0,0,0,2,0,2,0.89
NC0360600,GASTONIA PD,GASTONIA PD,City,NC,2022,81937,141,4,145,18,24,42,159,28,187,2.28
GA1210400,MEDICAL COLLEGE OF GEORGIA PUBLIC SAFETY,MEDICAL COLLEGE OF GEORGIA PUBLIC SAFETY,University or College,GA,2022,0,26,4,30,8,15,23,34,19,53,
MO0830500,RIVERSIDE,RIVERSIDE,City,MO,2022,4063,21,0,21,3,9,12,24,9,33,8.12
CO0360100,TRINIDAD,TRINIDAD,City,CO,2022,8350,18,3,21,6,8,14,24,11,35,4.19
MS0340500,,,University or College,MS,2022,0,4,0,4,1,0,1,5,0,5,
TX1790000,OCHILTREE CO SO PERRYTON,OCHILTREE CO SO PERRYTON,County,TX,2022,1522,8,9,17,0,8,8,8,17,25,16.43
ID0420300,KIMBERLY PD,KIMBERLY PD,City,ID,2022,5025,8,0,8,1,0,1,9,0,9,1.79
NJ0133400,NEPTUNE TOWNSHIP PD,NEPTUNE TOWNSHIP PD,City,NJ,2022,28491,68,1,69,6,9,15,74,10,84,2.95
UT0110400,COLL OF S UTAH PD,COLL OF S UTAH PD,University or College,UT,2022,0,6,0,6,0,1,1,6,1,7,
ND0400000,ROLETTE CO SO ROLLA,ROLETTE CO SO ROLLA,County,ND,2022,9784,8,8,16,1,5,6,9,13,22,2.25
WA0170200,BELLEVUE PD,BELLEVUE PD,City,WA,2022,147079,146,9,155,26,31,57,172,40,212,1.44
OH0186200,LINNDALE,LINNDALE,City,OH,2022,106,5,0,5,0,1,1,5,1,6,56.60
TN0740000,ROBERTSON CO SO SPRINGFIELD,ROBERTSON CO SO SPRINGFIELD,County,TN,2022,34466,61,34,95,5,36,41,66,70,136,3.95
OK0561100,MORRIS,MORRIS,City,OK,2022,1304,4,0,4,0,0,0,4,0,4,3.07
AL0590700,HELENA PD,HELENA PD,City,AL,2022,22035,27,1,28,1,5,6,28,6,34,1.54
WVWSP2300,STATE POLICE LOGAN,STATE POLICE LOGAN,State Police,WV,2022,0,16,0,16,0,2,2,16,2,18,
WI0530100,RICHLAND CENTER PD,RICHLAND CENTER PD,City,WI,2022,4997,8,0,8,3,2,5,11,2,13,2.60
NY0050100,AUBURN CITY PD AUBURN,AUBURN CITY PD AUBURN,City,NY,2022,26531,53,8,61,10,3,13,63,11,74,2.79
IA0180100,CHEROKEE PD,CHEROKEE PD,City,IA,2022,5040,6,0,6,1,1,2,7,1,8,1.59
NY0112000,HOMER VILLAGE PD HOMER,HOMER VILLAGE PD HOMER,City,NY,2022,3127,4,0,4,1,1,2,5,1,6,1.92
OK0402200,PANAMA,PANAMA,City,OK,2022,1293,3,0,3,0,0,0,3,0,3,2.32
OK0491900,GRND RVR DAM AUTH LK PTR,GRND RVR DAM AUTH LK PTR,Other State Agency,OK,2022,0,34,12,46,2,6,8,36,18,54,
SC0150200,EDISTO BEACH PD EDISTO BEACH,EDISTO BEACH PD EDISTO BEACH,City,SC,2022,1024,4,0,4,2,0,2,6,0,6,5.86
SC0180100,ST GEORGE PD,ST GEORGE PD,City,SC,2022,1774,9,0,9,1,1,2,10,1,11,6.20
WI0640000,VILAS CO SO EAGLE RIVER,VILAS CO SO EAGLE RIVER,County,WI,2022,22249,31,10,41,6,21,27,37,31,68,3.06
OK0750100,CORDELL,CORDELL,City,OK,2022,2770,3,0,3,0,0,0,3,0,3,1.08
PA0360300,EPHRATA PD,EPHRATA PD,City,PA,2022,34448,28,0,28,4,4,8,32,4,36,1.05
NB0180200,SUTTON PD,SUTTON PD,City,NB,2022,1430,3,0,3,0,0,0,3,0,3,2.10
TX0153000,HELOTES POLICE DEPT,HELOTES POLICE DEPT,City,TX,2022,9263,24,2,26,4,5,9,28,7,35,3.78
CO0430000,MONTROSE,MONTROSE,County,CO,2022,20733,38,27,65,10,15,25,48,42,90,4.34
ID0290000,LATAH CO SO MOSCOW,LATAH CO SO MOSCOW,County,ID,2022,14435,27,10,37,2,12,14,29,22,51,3.53
NJ0040700,BROOKLAWN PD,BROOKLAWN PD,City,NJ,2022,1802,7,0,7,1,0,1,8,0,8,4.44
MD0070000,CARROLL CO SO WESTMINSTER,CARROLL CO SO WESTMINSTER,County,MD,2022,2400,177,16,193,24,31,55,201,47,248,103.33
MA0134100,BUNKER HILL COMMUNITY COLLEGE POLICE DEPARTMENT,BUNKER HILL COMMUNITY COLLEGE POLICE DEPARTMENT,University or College,MA,2022,0,11,1,12,1,1,2,12,2,14,
CO0250300,KREMMLING,KREMMLING,City,CO,2022,1501,1,0,1,1,1,2,2,1,3,2.00
FL0351300,LADY LAKE PD,LADY LAKE PD,City,FL,2022,16445,21,0,21,4,5,9,25,5,30,1.82
OH0290300,XENIA,XENIA,City,OH,2022,25513,40,4,44,5,22,27,45,26,71,2.78
UT0290800,HARRISVILLE PD,HARRISVILLE PD,City,UT,2022,6948,9,0,9,1,1,2,10,1,11,1.58
IL0840900,ROCHESTER PD,ROCHESTER PD,City,IL,2022,3827,7,0,7,3,0,3,10,0,10,2.61
MA0081200,NORTHAMPTON PD,NORTHAMPTON PD,City,MA,2022,29150,49,0,49,12,7,19,61,7,68,2.33
MA0112800,WRENTHAM PD,WRENTHAM PD,City,MA,2022,12343,21,0,21,0,1,1,21,1,22,1.78
PA0232400,NORWOOD PD,NORWOOD PD,City,PA,2022,5863,6,0,6,0,1,1,6,1,7,1.19
NB0280700,BENNINGTON PD,BENNINGTON PD,City,NB,2022,1977,5,0,5,0,0,0,5,0,5,2.53
NJ0071700,ORANGE PD,ORANGE PD,City,NJ,2022,33615,110,12,122,24,14,38,134,26,160,4.76
VA0270000,DINWIDDIE CO SO DINWIDDIE,DINWIDDIE CO SO DINWIDDIE,County,VA,2022,28021,42,0,42,3,5,8,45,5,50,1.78
GA0770000,IRWIN CO SO OCILLA,IRWIN CO SO OCILLA,County,GA,2022,5912,12,0,12,1,10,11,13,10,23,3.89
OH0280000,GEAUGA,GEAUGA,County,OH,2022,53750,45,38,83,3,33,36,48,71,119,2.21
ID0230100,EMMETT PD,EMMETT PD,City,ID,2022,8007,10,0,10,4,1,5,14,1,15,1.87
MI2590400,UNIV OF MICH DEPT OF PUBLIC SAFETY FLINT,UNIV OF MICH DEPT OF PUBLIC SAFETY FLINT,University or College,MI,2022,0,15,5,20,1,9,10,16,14,30,
OK0391100,,,University or College,OK,2022,0,4,0,4,0,0,0,4,0,4,
WV0280500,BRAMWELL PD,BRAMWELL PD,City,WV,2022,272,2,0,2,0,0,0,2,0,2,7.35
GA1550500,DALTON COLLEGE SECURITY POLICE DALTON,DALTON COLLEGE SECURITY POLICE DALTON,University or College,GA,2022,0,6,0,6,3,3,6,9,3,12,
SC008NR00,DNR: BERKELEY COUNTY,DNR: BERKELEY COUNTY,Other State Agency,SC,2022,0,6,0,6,2,0,2,8,0,8,
SC0422800,GREENVILLE SPARTANBURG AIRPORT INT'L PD,GREENVILLE SPARTANBURG AIRPORT INT'L PD,Other,SC,2022,0,18,0,18,1,1,2,19,1,20,
PA0233700,UPPER DARBY PD,UPPER DARBY PD,City,PA,2022,84407,121,4,125,11,9,20,132,13,145,1.72
MI0537500,ELK RAPIDS PD,ELK RAPIDS PD,City,MI,2022,1582,5,0,5,0,0,0,5,0,5,3.16
TX0110300,SMITHVILLE PD,SMITHVILLE PD,City,TX,2022,4150,12,3,15,0,4,4,12,7,19,4.58
IL0492300,ZION PD,ZION PD,City,IL,2022,24348,46,1,47,4,2,6,50,3,53,2.18
CA0197600,WHITTIER PD,WHITTIER PD,City,CA,2022,83612,97,9,106,21,39,60,118,48,166,1.99
VA1260000,STAUNTON PD,STAUNTON PD,City,VA,2022,25611,41,3,44,5,12,17,46,15,61,2.38
MI6367100,PLEASANT RIDGE PD,PLEASANT RIDGE PD,City,MI,2022,2584,7,0,7,0,0,0,7,0,7,2.71
MN0410100,,,City,MN,2022,1109,2,0,2,0,0,0,2,0,2,1.80
IL0451300,SOUTH ELGIN PD,SOUTH ELGIN PD,City,IL,2022,23995,28,1,29,2,5,7,30,6,36,1.50
NY0042800,PORTVILLE VILLAGE PD PORTVILLE,PORTVILLE VILLAGE PD PORTVILLE,City,NY,2022,900,1,0,1,0,0,0,1,0,1,1.11
PA0091900,TULLYTOWN PD,TULLYTOWN PD,City,PA,2022,2262,3,0,3,0,0,0,3,0,3,1.33
CT0008500,MONROE PD,MONROE PD,City,CT,2022,18772,34,5,39,7,5,12,41,10,51,2.72
OK0490800,LOCUST GROVE,LOCUST GROVE,City,OK,2022,1373,7,0,7,0,0,0,7,0,7,5.10
SD0020000,BEADLE CO SO HURON,BEADLE CO SO HURON,County,SD,2022,5005,5,11,16,0,6,6,5,17,22,4.40
GA0340000,COFFEE CO SO DOUGLAS,COFFEE CO SO DOUGLAS,County,GA,2022,27828,48,26,74,3,47,50,51,73,124,4.46
GA0500000,ECHOLS CO SO STATENVILLE,ECHOLS CO SO STATENVILLE,County,GA,2022,3715,7,0,7,2,0,2,9,0,9,2.42
TX0110100,BASTROP PD,BASTROP PD,City,TX,2022,11101,20,0,20,5,5,10,25,5,30,2.70
VT0140800,WEATHERSFIELD PD,WEATHERSFIELD PD,City,VT,2022,2887,2,0,2,0,0,0,2,0,2,0.69
ID0330100,REXBURG PD,REXBURG PD,City,ID,2022,35711,32,2,34,1,7,8,33,9,42,1.18
SC017NR00,DNR: DILLON COUNTY,DNR: DILLON COUNTY,Other State Agency,SC,2022,0,3,0,3,0,0,0,3,0,3,
ME0090000,OXFORD CO SO SOUTH PARIS,OXFORD CO SO SOUTH PARIS,County,ME,2022,32495,29,0,29,0,2,2,29,2,31,0.95
PA0352400,ABINGTON TOWNSHIP,ABINGTON TOWNSHIP,City,PA,2022,1861,3,0,3,0,0,0,3,0,3,1.61
TX0433200,,,Other,TX,2022,0,5,0,5,1,0,1,6,0,6,
SC011SP00,HP: CHEROKEE COUNTY,HP: CHEROKEE COUNTY,State Police,SC,2022,0,5,19,24,0,28,28,5,47,52,
OH0090500,MONROE,MONROE,City,OH,2022,17817,34,5,39,4,5,9,38,10,48,2.69
PA0022D00,PORT AUTHORITY ALLEGHNY CO TRANS POL PITTSBURGH,PORT AUTHORITY ALLEGHNY CO TRANS POL PITTSBURGH,Other,PA,2022,0,41,7,48,0,6,6,41,13,54,
GA0080200,ADAIRSVILLE PD,ADAIRSVILLE PD,City,GA,2022,5063,17,0,17,1,2,3,18,2,20,3.95
NH0058000,WOODSTOCK PD,WOODSTOCK PD,City,NH,2022,1454,2,0,2,1,0,1,3,0,3,2.06
FL0010800,ALACHUA PD,ALACHUA PD,City,FL,2022,10746,28,0,28,1,7,8,29,7,36,3.35
IN0410600,,,City,IN,2022,4835,11,0,11,0,1,1,11,1,12,2.48
TN0350500,GRAND JUNCTION PD,GRAND JUNCTION PD,City,TN,2022,335,4,0,4,0,0,0,4,0,4,11.94
PA0400800,KINGSTON POLICE DEPARTMENT KINGSTON,KINGSTON POLICE DEPARTMENT KINGSTON,City,PA,2022,14232,21,1,22,0,2,2,21,3,24,1.69
OH0830400,MASON,MASON,City,OH,2022,35344,46,4,50,4,0,4,50,4,54,1.53
NY0358100,TOWN OF GOSHEN POLICE DEPARTMENT GOSHEN,TOWN OF GOSHEN POLICE DEPARTMENT GOSHEN,City,NY,2022,8679,6,0,6,0,0,0,6,0,6,0.69
MT0450200,HOT SPRINGS PD,HOT SPRINGS PD,City,MT,2022,610,1,0,1,0,0,0,1,0,1,1.64
FL0120000,COLUMBIA CO SO LAKE CITY,COLUMBIA CO SO LAKE CITY,County,FL,2022,59170,28,1,29,17,9,26,45,10,55,0.93
IL0168500,PALOS HEIGHTS PD,PALOS HEIGHTS PD,City,IL,2022,11602,26,1,27,2,3,5,28,4,32,2.76
AR0650000,SEARCY CO SO MARSHALL,SEARCY CO SO MARSHALL,County,AR,2022,6613,8,9,17,0,5,5,8,14,22,3.33
IA0020000,ADAMS CO SO CORNING,ADAMS CO SO CORNING,County,IA,2022,3589,7,0,7,0,5,5,7,5,12,3.34
TX0791400,,,City,TX,2022,18058,20,0,20,4,2,6,24,2,26,1.44
OK0540400,BOLEY,BOLEY,City,OK,2022,950,1,0,1,0,1,1,1,1,2,2.11
MA0120200,BRIDGEWATER PD,BRIDGEWATER PD,City,MA,2022,8820,38,1,39,4,3,7,42,4,46,5.22
TX0670000,EASTLAND CO SO EASTLAND,EASTLAND CO SO EASTLAND,County,TX,2022,6496,12,9,21,1,11,12,13,20,33,5.08
LA0240400,GROSSE TETE PD,GROSSE TETE PD,City,LA,2022,526,1,0,1,0,1,1,1,1,2,3.80
NJ0031700,WILLINGBORO TWP PD WILLINGBORO,WILLINGBORO TWP PD WILLINGBORO,City,NJ,2022,31795,49,1,50,9,8,17,58,9,67,2.11
OH0490000,MADISON,MADISON,County,OH,2022,26111,29,4,33,7,11,18,36,15,51,1.95
NC0160100,BEAUFORT PD,BEAUFORT PD,City,NC,2022,4678,17,0,17,1,1,2,18,1,19,4.06
OR0050400,SCAPPOOSE,SCAPPOOSE,City,OR,2022,8102,8,0,8,0,1,1,8,1,9,1.11
NJ0151200,LACEY TWP PD FORKED RIVER,LACEY TWP PD FORKED RIVER,City,NJ,2022,29903,43,4,47,1,9,10,44,13,57,1.91
KS0230300,BALDWIN CITY PD,BALDWIN CITY PD,City,KS,2022,4955,10,0,10,1,2,3,11,2,13,2.62
MO0921400,ST. CHARLES COMM COLLEGE,ST. CHARLES COMM COLLEGE,University or College,MO,2022,0,11,0,11,1,2,3,12,2,14,
WI0680000,WAUKESHA CO SO WAUKESHA,WAUKESHA CO SO WAUKESHA,County,WI,2022,96883,152,106,258,23,80,103,175,186,361,3.73
OR0320100,ENTERPRISE,ENTERPRISE,City,OR,2022,2144,3,0,3,1,1,2,4,1,5,2.33
CA0411700,SOUTH SAN FRANCISCO PD,SOUTH SAN FRANCISCO PD,City,CA,2022,62427,66,8,74,10,23,33,76,31,107,1.71
KS0600000,MEADE CO SO MEADE,MEADE CO SO MEADE,County,KS,2022,2509,8,0,8,1,5,6,9,5,14,5.58
MO0510100,HOLDEN,HOLDEN,City,MO,2022,2206,4,2,6,2,0,2,6,2,8,3.63
OK0150800,,,City,OK,2022,322,2,0,2,0,0,0,2,0,2,6.21
WY0080000,GOSHEN CO SO TORRINGTON,GOSHEN CO SO TORRINGTON,County,WY,2022,6046,8,8,16,0,10,10,8,18,26,4.30
NY0513200,EAST HAMPTON VILLAGE PD EAST HAMPTON,EAST HAMPTON VILLAGE PD EAST HAMPTON,City,NY,2022,1531,23,1,24,3,3,6,26,4,30,19.60
WV0230500,WEST LOGAN PD WEST LOGAN,WEST LOGAN PD WEST LOGAN,City,WV,2022,383,1,0,1,0,0,0,1,0,1,2.61
VA0980100,POQUOSON PD,POQUOSON PD,City,VA,2022,12738,22,0,22,4,2,6,26,2,28,2.20
NJ0091100,WEEHAWKEN TWP PD WEEHAWKEN,WEEHAWKEN TWP PD WEEHAWKEN,City,NJ,2022,17499,58,11,69,2,6,8,60,17,77,4.40
WV0320100,ALDERSON PD,ALDERSON PD,City,WV,2022,962,3,0,3,0,1,1,3,1,4,4.16
NJ0042300,MAGNOLIA PD,MAGNOLIA PD,City,NJ,2022,4325,16,0,16,0,0,0,16,0,16,3.70
NY0270200,IRONDEQUOIT TOWN PD ROCHESTER,IRONDEQUOIT TOWN PD ROCHESTER,City,NY,2022,50090,48,2,50,7,6,13,55,8,63,1.26
VA0550100,KENBRIDGE PD,KENBRIDGE PD,City,VA,2022,1110,4,0,4,0,0,0,4,0,4,3.60
IL0169400,RIVER FOREST PD,RIVER FOREST PD,City,IL,2022,11403,26,1,27,5,1,6,31,2,33,2.89
NC0560000,MC DOWELL CO SO MARION,MC DOWELL CO SO MARION,County,NC,2022,36668,49,19,68,5,9,14,54,28,82,2.24
MO0840100,BOLIVAR,BOLIVAR,City,MO,2022,11129,17,2,19,1,5,6,18,7,25,2.25
NY0010000,ALBANY CO SHERIFF'S DEPT ALBANY,ALBANY CO SHERIFF'S DEPT ALBANY,County,NY,2022,21632,118,45,163,17,32,49,135,77,212,9.80
OK0720300,SAND SPRINGS,SAND SPRINGS,City,OK,2022,20006,32,1,33,1,9,10,33,10,43,2.15
AL0150200,GILBERTOWN PD,GILBERTOWN PD,City,AL,2022,721,1,0,1,0,0,0,1,0,1,1.39
TX0780000,FOARD CO SO CROWELL,FOARD CO SO CROWELL,County,TX,2022,337,2,0,2,0,1,1,2,1,3,8.90
IL0840400,CHATHAM PD,CHATHAM PD,City,IL,2022,14420,16,2,18,0,4,4,16,6,22,1.53
OK0360300,PONCA CITY,PONCA CITY,City,OK,2022,24487,48,6,54,1,15,16,49,21,70,2.86
MI7929000,CARO PD,CARO PD,City,MI,2022,4292,7,0,7,0,0,0,7,0,7,1.63
NY0295500,PORT WASHINGTON VILLAGE PD PORT WASHINGTON,PORT WASHINGTON VILLAGE PD PORT WASHINGTON,City,NY,2022,20071,59,2,61,3,6,9,62,8,70,3.49
FL0030600,PANAMA CITY BEACH PD,PANAMA CITY BEACH PD,City,FL,2022,18629,64,5,69,12,16,28,76,21,97,5.21
MD0200300,UNIV OF MARYLAND EASTERN SHORE PD PRINCESS ANNE,UNIV OF MARYLAND EASTERN SHORE PD PRINCESS ANNE,University or College,MD,2022,0,8,12,20,0,18,18,8,30,38,
WV0160000,HARDY CO SO MOOREFIELD,HARDY CO SO MOOREFIELD,County,WV,2022,11611,11,1,12,0,4,4,11,5,16,1.38
SC030NR00,DNR: LAURENS COUNTY,DNR: LAURENS COUNTY,Other State Agency,SC,2022,0,4,0,4,0,0,0,4,0,4,
OH0185000,SOUTH EUCLID,SOUTH EUCLID,City,OH,2022,21360,27,1,28,8,3,11,35,4,39,1.83
PA0360600,LITITZ PD,LITITZ PD,City,PA,2022,9559,13,0,13,1,2,3,14,2,16,1.67
TX2141000,RIO GRANDE CITY CONSOLIDATED ISD POLICE DEPART,RIO GRANDE CITY CONSOLIDATED ISD POLICE DEPART,Other,TX,2022,0,15,47,62,5,13,18,20,60,80,
WA0180500,POULSBO PD,POULSBO PD,City,WA,2022,11814,16,0,16,4,4,8,20,4,24,2.03
WI0070000,BURNETT CO SO SIREN,BURNETT CO SO SIREN,County,WI,2022,14002,21,0,21,13,0,13,34,0,34,2.43
FL0501700,JUPITER PD,JUPITER PD,City,FL,2022,60557,101,8,109,15,24,39,116,32,148,2.44
MN0400100,,,City,MN,2022,2485,3,0,3,0,0,0,3,0,3,1.21
AR0630400,,,City,AR,2022,4625,5,0,5,0,0,0,5,0,5,1.08
TX0740200,,,City,TX,2022,1789,6,0,6,0,0,0,6,0,6,3.35
NJ0043500,WATERFORD TWP PD ATCO,WATERFORD TWP PD ATCO,City,NJ,2022,10393,25,0,25,1,1,2,26,1,27,2.60
CO0010400,THORNTON,THORNTON,City,CO,2022,143055,197,14,211,43,69,112,240,83,323,2.26
CT00A5900,GROTON TOWN PD,GROTON TOWN PD,City,CT,2022,28608,53,8,61,9,10,19,62,18,80,2.80
KY0400000,GARRARD CO SO LANCASTER,GARRARD CO SO LANCASTER,County,KY,2022,13793,8,0,8,0,2,2,8,2,10,0.73
NH0082000,EPPING PD,EPPING PD,City,NH,2022,7274,16,0,16,2,1,3,18,1,19,2.61
WVWSP8700,WV STATE POLICE CRIMINAL INVESTIGATIONS,WV STATE POLICE CRIMINAL INVESTIGATIONS,State Police,WV,2022,0,7,0,7,0,1,1,7,1,8,
KY0760100,BEREA PD,BEREA PD,City,KY,2022,16229,32,0,32,0,3,3,32,3,35,2.16
ND0070000,BURKE CO SO BOWBELLS,BURKE CO SO BOWBELLS,County,ND,2022,1772,5,0,5,0,0,0,5,0,5,2.82
TX0980200,SPEARMAN PD,SPEARMAN PD,City,TX,2022,3034,3,0,3,1,0,1,4,0,4,1.32
ND0180000,GRAND FORKS CO SO GRAND FORKS,GRAND FORKS CO SO GRAND FORKS,County,ND,2022,12002,32,0,32,2,7,9,34,7,41,3.42
IL0167E00,OAKTON COMMUNITY COLLEGE PD MORTON GROVE,OAKTON COMMUNITY COLLEGE PD MORTON GROVE,University or College,IL,2022,0,11,0,11,1,1,2,12,1,13,
NC0360300,CHERRYVILLE PD,CHERRYVILLE PD,City,NC,2022,6194,11,2,13,1,3,4,12,5,17,2.74
NC0810600,SPR: CHIMNEY ROCK,SPR: CHIMNEY ROCK,Other State Agency,NC,2022,0,4,3,7,0,1,1,4,4,8,
PA0024500,TURTLE CREEK PD,TURTLE CREEK PD,City,PA,2022,4986,5,0,5,1,0,1,6,0,6,1.20
OH0313300,SPRINGDALE,SPRINGDALE,City,OH,2022,10835,23,2,25,8,5,13,31,7,38,3.51
TX0201100,RICHWOOD PD,RICHWOOD PD,City,TX,2022,4730,6,0,6,4,0,4,10,0,10,2.11
AR0560100,MARKED TREE PD,MARKED TREE PD,City,AR,2022,2200,8,1,9,0,3,3,8,4,12,5.45
NC0020000,ALEXANDER CO SO TAYLORSVILLE,ALEXANDER CO SO TAYLORSVILLE,County,NC,2022,34711,33,25,58,2,21,23,35,46,81,2.33
TN0890000,WARREN CO SO MCMINNVILLE,WARREN CO SO MCMINNVILLE,County,TN,2022,28193,51,29,80,3,30,33,54,59,113,4.01
PA0370200,NEW CASTLE PD,NEW CASTLE PD,City,PA,2022,21614,31,1,32,6,1,7,37,2,39,1.80
MN0220400,WELLS PD,WELLS PD,City,MN,2022,2420,4,0,4,1,0,1,5,0,5,2.07
PA0676000,LOWER WINDSOR TWP PD WRIGHTSVILLE,LOWER WINDSOR TWP PD WRIGHTSVILLE,City,PA,2022,7567,10,0,10,0,1,1,10,1,11,1.45
AK0012300,KENAI PD,KENAI PD,City,AK,2022,7713,17,2,19,1,8,9,18,10,28,3.63
AZ0010300,ST JOHNS PD,ST JOHNS PD,City,AZ,2022,3365,6,2,8,0,1,1,6,3,9,2.67
OH0186100,CLEVELAND STATE UNIV,CLEVELAND STATE UNIV,University or College,OH,2022,0,22,13,35,3,10,13,25,23,48,
OK0080500,,,City,OK,2022,436,2,0,2,0,0,0,2,0,2,4.59
ID0330000,MADISON CO SO REXBURG,MADISON CO SO REXBURG,County,ID,2022,18722,21,25,46,0,12,12,21,37,58,3.10
GA0470100,ALBANY PD,ALBANY PD,City,GA,2022,68613,83,9,92,37,28,65,120,37,157,2.29
MNMHP0800,DPS-SP DISTRICT 2900 DETROIT LAKES,DPS-SP DISTRICT 2900 DETROIT LAKES,State Police,MN,2022,0,35,0,35,0,3,3,35,3,38,
AR0731200,ARKANSAS STATE UNIVERSITY BEEBE BRANCH BEEBE,ARKANSAS STATE UNIVERSITY BEEBE BRANCH BEEBE,University or College,AR,2022,0,5,0,5,0,1,1,5,1,6,
AL0100000,BUTLER CO SO GREENVILLE,BUTLER CO SO GREENVILLE,County,AL,2022,9825,12,0,12,1,2,3,13,2,15,1.53
NJ0121600,PERTH AMBOY PD,PERTH AMBOY PD,City,NJ,2022,55229,111,12,123,15,17,32,126,29,155,2.81
OH0090300,MIDDLETOWN,MIDDLETOWN,City,OH,2022,50970,59,7,66,10,26,36,69,33,102,2.00
TX0571400,HUTCHINS PD,HUTCHINS PD,City,TX,2022,5594,17,1,18,3,6,9,20,7,27,4.83
TX1013500,,,Other,TX,2022,0,139,16,155,55,25,80,194,41,235,
AL0200400,CHEROKEE PD,CHEROKEE PD,City,AL,2022,958,4,0,4,0,0,0,4,0,4,4.18
TX0791300,MEADOWS PLACE PD,MEADOWS PLACE PD,City,TX,2022,4591,13,0,13,4,2,6,17,2,19,4.14
NJ0032200,MEDFORD LAKES BORO PD,MEDFORD LAKES BORO PD,City,NJ,2022,4257,10,0,10,0,1,1,10,1,11,2.58
DE0030800,SEAFORD PD,SEAFORD PD,City,DE,2022,8526,23,1,24,4,6,10,27,7,34,3.99
MO0950700,BERKELEY,BERKELEY,City,MO,2022,8078,24,2,26,2,4,6,26,6,32,3.96
KS0190100,PITTSBURG PD,PITTSBURG PD,City,KS,2022,20774,32,7,39,10,21,31,42,28,70,3.37
CODI01100,UTE MOUNTAIN TRIBAL,UTE MOUNTAIN TRIBAL,Tribal,CO,2022,0,8,1,9,2,6,8,10,7,17,
WI0630400,WESTBY,WESTBY,City,WI,2022,2360,4,0,4,1,0,1,5,0,5,2.12
GA0850100,BARNESVILLE PD,BARNESVILLE PD,City,GA,2022,6449,15,0,15,4,0,4,19,0,19,2.95
ID0430100,MCCALL PD,MCCALL PD,City,ID,2022,4007,10,0,10,0,3,3,10,3,13,3.24
TX2540000,ZAVALA COUNTY SHERIFFS OFFICE,ZAVALA COUNTY SHERIFFS OFFICE,County,TX,2022,3222,19,13,32,2,9,11,21,22,43,13.35
MO0952300,EDMUNDSON,EDMUNDSON,City,MO,2022,851,11,0,11,0,1,1,11,1,12,14.10
TX2020700,,,Other,TX,2022,0,1,0,1,0,0,0,1,0,1,
KSKHP0900,,,State Police,KS,2022,0,15,2,17,0,1,1,15,3,18,
SC029SP00,HP: LANCASTER COUNTY,HP: LANCASTER COUNTY,State Police,SC,2022,0,14,0,14,3,0,3,17,0,17,
PA0140300,STATE COLLEGE PD,STATE COLLEGE PD,City,PA,2022,55998,48,3,51,9,8,17,57,11,68,1.21
PA0156200,EAST MARLBOROUGH POLICE TOWNSHIP DEPARTMENT,EAST MARLBOROUGH POLICE TOWNSHIP DEPARTMENT,City,PA,2022,7741,2,0,2,0,0,0,2,0,2,0.26
NC0150000,CAMDEN CO SO CAMDEN,CAMDEN CO SO CAMDEN,County,NC,2022,11303,16,2,18,3,2,5,19,4,23,2.03
KY1060000,SHELBY CO SO SHELBYVILLE,SHELBY CO SO SHELBYVILLE,County,KY,2022,28218,23,0,23,1,3,4,24,3,27,0.96
FL0640600,EDGEWATER PD,EDGEWATER PD,City,FL,2022,23367,27,1,28,3,4,7,30,5,35,1.50
VA0260100,CLINTWOOD PD,CLINTWOOD PD,City,VA,2022,1334,4,0,4,0,0,0,4,0,4,3.00
MD0170700,COLMAR MANOR POLICE DEPARTMENT,COLMAR MANOR POLICE DEPARTMENT,City,MD,2022,1554,3,1,4,1,0,1,4,1,5,3.22
ILCPD0000,CHICAGO PD,CHICAGO PD,City,IL,2022,2652124,8848,247,9095,2830,338,3168,11678,585,12263,4.62
WI0690400,MANAWA,MANAWA,City,WI,2022,1408,3,0,3,0,0,0,3,0,3,2.13
WA0160000,JEFFERSON CO SO PORT TOWNSEND,JEFFERSON CO SO PORT TOWNSEND,County,WA,2022,23836,24,18,42,0,7,7,24,25,49,2.06
NC0660600,WOODLAND PD,WOODLAND PD,City,NC,2022,534,1,0,1,0,0,0,1,0,1,1.87
AZ0150300,QUARTZSITE POLICE DEPARTMENT,QUARTZSITE POLICE DEPARTMENT,City,AZ,2022,2302,7,2,9,1,1,2,8,3,11,4.78
MT0320100,MISSOULA PD,MISSOULA PD,City,MT,2022,75705,98,6,104,16,26,42,114,32,146,1.93
NM0320100,BELEN PD,BELEN PD,City,NM,2022,7460,18,0,18,3,1,4,21,1,22,2.95
NY0590400,NEW ROCHELLE CITY PD NEW ROCHELLE,NEW ROCHELLE CITY PD NEW ROCHELLE,City,NY,2022,82628,156,20,176,19,21,40,175,41,216,2.61
LA0010100,CROWLEY PD,CROWLEY PD,City,LA,2022,11464,24,0,24,5,6,11,29,6,35,3.05
TX0579000,,,University or College,TX,2022,0,85,3,88,24,15,39,109,18,127,
KS0890500,KS ALCOHOLIC BEV CONTROL DIV TOPEKA,KS ALCOHOLIC BEV CONTROL DIV TOPEKA,Other State Agency,KS,2022,0,15,4,19,3,15,18,18,19,37,
OK0440100,BLANCHARD,BLANCHARD,City,OK,2022,9488,5,0,5,0,0,0,5,0,5,0.53
SC015FC00,FC: COLLETON COUNTY,FC: COLLETON COUNTY,Other State Agency,SC,2022,0,2,0,2,0,0,0,2,0,2,
KY0250400,CLARK CO SCHOOL SYST DIV LE,CLARK CO SCHOOL SYST DIV LE,Other,KY,2022,0,10,0,10,0,0,0,10,0,10,
VA0750500,HAYMARKET PD,HAYMARKET PD,City,VA,2022,1559,6,0,6,0,0,0,6,0,6,3.85
MO0951400,CLAYTON,CLAYTON,City,MO,2022,16851,42,4,46,5,5,10,47,9,56,3.32
AR0570100,MENA PD,MENA PD,City,AR,2022,5652,12,0,12,0,1,1,12,1,13,2.30
IL0110100,PANA PD,PANA PD,City,IL,2022,5218,8,0,8,0,4,4,8,4,12,2.30
KS0462000,JOHNSON COUNTY PARK PD,JOHNSON COUNTY PARK PD,Other,KS,2022,0,20,0,20,4,1,5,24,1,25,
CT0018000,,,Other State Agency,CT,2022,0,40,0,40,7,0,7,47,0,47,
ID0380300,PAYETTE PD,PAYETTE PD,City,ID,2022,8657,13,0,13,1,2,3,14,2,16,1.85
KY0570200,WILMORE PD,WILMORE PD,City,KY,2022,6081,9,0,9,0,1,1,9,1,10,1.64
OK0270000,GRANT,GRANT,County,OK,2022,1558,8,2,10,0,4,4,8,6,14,8.99
NY0339000,NYS PARK POLICE CENTRAL REGION,NYS PARK POLICE CENTRAL REGION,Other State Agency,NY,2022,0,11,0,11,1,2,3,12,2,14,
MI8286200,HURON TWP PD NEW BOSTON,HURON TWP PD NEW BOSTON,City,MI,2022,16837,22,1,23,2,7,9,24,8,32,1.90
CO0340200,SOUTHERN UTE TRIBAL,SOUTHERN UTE TRIBAL,Tribal,CO,2022,0,13,6,19,2,5,7,15,11,26,
OH0780600,NILES,NILES,City,OH,2022,18344,35,2,37,2,5,7,37,7,44,2.40
CA0440200,SANTA CRUZ PD,SANTA CRUZ PD,City,CA,2022,61650,69,14,83,10,18,28,79,32,111,1.80
MA0143600,OXFORD PD,OXFORD PD,City,MA,2022,13316,21,1,22,2,6,8,23,7,30,2.25
VA0920200,POCAHONTAS PD,POCAHONTAS PD,City,VA,2022,259,1,0,1,0,0,0,1,0,1,3.86
NC0330000,EDGECOMBE CO SO TARBORO,EDGECOMBE CO SO TARBORO,County,NC,2022,21038,47,24,71,6,46,52,53,70,123,5.85
MO048270X,JACKSON COUNTY DRUG T F,JACKSON COUNTY DRUG T F,Other,MO,2022,0,15,2,17,3,1,4,18,3,21,
KY0100000,BOYD CO SO CATLETTSBURG,BOYD CO SO CATLETTSBURG,County,KY,2022,24571,29,5,34,0,6,6,29,11,40,1.63
WADI00800,NISQUALLY TRIBAL POLICE DEPARTMENT OLYMPIA,NISQUALLY TRIBAL POLICE DEPARTMENT OLYMPIA,Tribal,WA,2022,0,17,0,17,3,4,7,20,4,24,
LA0460100,GREENSBURG,GREENSBURG,City,LA,2022,637,5,0,5,0,0,0,5,0,5,7.85
MA0091100,CAMBRIDGE PD,CAMBRIDGE PD,City,MA,2022,117044,227,15,242,33,24,57,260,39,299,2.55
PA0200300,CAMBRIDGE SPRINGS PD,CAMBRIDGE SPRINGS PD,City,PA,2022,2491,2,0,2,1,0,1,3,0,3,1.20
MO0610300,MACON,MACON,City,MO,2022,5480,5,0,5,2,2,4,7,2,9,1.64
OK0430800,,,City,OK,2022,412,2,0,2,0,0,0,2,0,2,4.85
WA0272300,LAKEWOOD POLICE DEPARTMENT,LAKEWOOD POLICE DEPARTMENT,City,WA,2022,63044,82,6,88,14,9,23,96,15,111,1.76
CT0016400,WINDSOR PD,WINDSOR PD,City,CT,2022,29326,42,1,43,7,12,19,49,13,62,2.11
NC0110200,BLACK MOUNTAIN PD,BLACK MOUNTAIN PD,City,NC,2022,8476,21,0,21,1,2,3,22,2,24,2.83
TX0572000,RICHARDSON PD,RICHARDSON PD,City,TX,2022,115771,146,26,172,18,55,73,164,81,245,2.12
ND0290200,HAZEN PD,HAZEN PD,City,ND,2022,2271,4,0,4,0,0,0,4,0,4,1.76
MN0210200,OSAKIS PD,OSAKIS PD,City,MN,2022,1729,3,0,3,0,0,0,3,0,3,1.74
WV0410100,BECKLEY PD,BECKLEY PD,City,WV,2022,16843,52,3,55,4,8,12,56,11,67,3.98
TX0572500,WILMER PD,WILMER PD,City,TX,2022,5590,22,0,22,2,0,2,24,0,24,4.29
NY0015100,BETHLEHEM TOWN PD DELMAR,BETHLEHEM TOWN PD DELMAR,City,NY,2022,34872,32,6,38,5,9,14,37,15,52,1.49
MA005389E,MERRIMACK COLLEGE,MERRIMACK COLLEGE,University or College,MA,2022,0,6,3,9,4,2,6,10,5,15,
MN0690200,BABBITT PD,BABBITT PD,City,MN,2022,1376,5,0,5,0,0,0,5,0,5,3.63
KS0590200,BLUE RAPIDS PD,BLUE RAPIDS PD,City,KS,2022,917,2,0,2,0,0,0,2,0,2,2.18
GA0270100,SUMMERVILLE,SUMMERVILLE,City,GA,2022,4387,13,0,13,0,2,2,13,2,15,3.42
CO0301000,RED ROCKS COMMUNITY COLL,RED ROCKS COMMUNITY COLL,University or College,CO,2022,0,4,0,4,0,3,3,4,3,7,
OK0220000,DEWEY,DEWEY,County,OK,2022,2961,7,10,17,0,13,13,7,23,30,10.13
OK0760000,WOODS,WOODS,County,OK,2022,2889,7,4,11,0,4,4,7,8,15,5.19
AR0190300,,,City,AR,2022,562,1,0,1,0,0,0,1,0,1,1.78
GA1590100,SYLVESTER PD,SYLVESTER PD,City,GA,2022,5488,17,0,17,3,6,9,20,6,26,4.74
TX0460000,COMAL CO SO NEW BRAUNFELS,COMAL CO SO NEW BRAUNFELS,County,TX,2022,90890,143,103,246,16,86,102,159,189,348,3.83
OR030110X,LIQUOR COMM: UMATILLA CO,LIQUOR COMM: UMATILLA CO,Other State Agency,OR,2022,0,2,0,2,0,0,0,2,0,2,
NJ0180100,BEDMINSTER PD,BEDMINSTER PD,City,NJ,2022,8123,14,1,15,1,1,2,15,2,17,2.09
CA0360300,COLTON PD,COLTON PD,City,CA,2022,54597,47,1,48,6,22,28,53,23,76,1.39
TN0410100,CENTERVILLE PD,CENTERVILLE PD,City,TN,2022,3569,16,4,20,0,9,9,16,13,29,8.13
NJ0142500,MOUNTAIN LAKES PD,MOUNTAIN LAKES PD,City,NJ,2022,4666,13,0,13,0,1,1,13,1,14,3.00
TX1810100,BRIDGE CITY POLICE DEPT,BRIDGE CITY POLICE DEPT,City,TX,2022,9495,11,2,13,4,3,7,15,5,20,2.11
MA0071700,SOUTHWICK PD,SOUTHWICK PD,City,MA,2022,9229,16,4,20,2,2,4,18,6,24,2.60
NY0142400,DEPEW VILLAGE PD DEPEW,DEPEW VILLAGE PD DEPEW,City,NY,2022,14974,25,5,30,3,4,7,28,9,37,2.47
PA0531300,SWEDEN TOWNSHIP POLICE DEPARTMENT,SWEDEN TOWNSHIP POLICE DEPARTMENT,City,PA,2022,857,1,0,1,0,0,0,1,0,1,1.17
WV0020000,BERKELEY CO SO MARTINSBURG,BERKELEY CO SO MARTINSBURG,County,WV,2022,110579,58,2,60,6,8,14,64,10,74,0.67
ME0080000,LINCOLN CO SO WISCASSET,LINCOLN CO SO WISCASSET,County,ME,2022,22939,21,0,21,1,2,3,22,2,24,1.05
WI0090200,BLOOMER PD,BLOOMER PD,City,WI,2022,3742,7,0,7,0,1,1,7,1,8,2.14
KY1110000,TRIGG CO SO CADIZ,TRIGG CO SO CADIZ,County,KY,2022,11468,6,0,6,0,3,3,6,3,9,0.78
CO0530300,SOUTH FORK,SOUTH FORK,City,CO,2022,495,3,1,4,0,0,0,3,1,4,8.08
UT0150000,MORGAN CO SO MORGAN,MORGAN CO SO MORGAN,County,UT,2022,12870,14,0,14,0,2,2,14,2,16,1.24
GA0560300,TYRONE PD,TYRONE PD,City,GA,2022,7917,13,0,13,2,0,2,15,0,15,1.89
WV0510400,LAW ENF DIV DEPT NATRL RESOURCES COWEN,LAW ENF DIV DEPT NATRL RESOURCES COWEN,Other State Agency,WV,2022,0,2,0,2,0,0,0,2,0,2,
PA0351100,OLYPHANT PD,OLYPHANT PD,City,PA,2022,5402,10,0,10,0,0,0,10,0,10,1.85
ID0030200,POCATELLO PD,POCATELLO PD,City,ID,2022,57914,82,5,87,13,39,52,95,44,139,2.40
OH0320700,MCCOMB,MCCOMB,City,OH,2022,1551,0,0,0,1,0,1,1,0,1,0.64
VA0300000,FAUQUIER CO SO WARRENTON,FAUQUIER CO SO WARRENTON,County,VA,2022,64106,113,2,115,18,41,59,131,43,174,2.71
NH0022000,JACKSON,JACKSON,City,NH,2022,1099,4,0,4,0,0,0,4,0,4,3.64
MN0730000,STEARNS CO SO ST CLOUD,STEARNS CO SO ST CLOUD,County,MN,2022,48930,69,60,129,11,70,81,80,130,210,4.29
OH0021300,AMERICAN TOWNSHIP,AMERICAN TOWNSHIP,City,OH,2022,12355,3,0,3,0,0,0,3,0,3,0.24
KS0500000,LABETTE CO SO OSWEGO,LABETTE CO SO OSWEGO,County,KS,2022,6771,18,0,18,2,2,4,20,2,22,3.25
OK0210000,DELAWARE,DELAWARE,County,OK,2022,29186,22,7,29,3,14,17,25,21,46,1.58
TX1740000,NACOGDOCHES CO SO NACOGDOCHES,NACOGDOCHES CO SO NACOGDOCHES,County,TX,2022,32254,38,22,60,1,20,21,39,42,81,2.51
OH0790500,SUGARCREEK,SUGARCREEK,City,OH,2022,2320,7,0,7,2,0,2,9,0,9,3.88
MO0120200,POPLAR BLUFF,POPLAR BLUFF,City,MO,2022,16181,39,2,41,3,8,11,42,10,52,3.21
SC0321000,SOUTH CONGAREE PD,SOUTH CONGAREE PD,City,SC,2022,2391,5,0,5,1,0,1,6,0,6,2.51
TX2000700,CITY OF MILES POLICE DEPARTMENT,CITY OF MILES POLICE DEPARTMENT,City,TX,2022,927,2,0,2,0,0,0,2,0,2,2.16
TX2500200,HAWKINS PD,HAWKINS PD,City,TX,2022,1353,4,0,4,0,0,0,4,0,4,2.96
VA1290000,WAYNESBORO PD,WAYNESBORO PD,City,VA,2022,22903,33,1,34,5,9,14,38,10,48,2.10
MS0240400,PASS CHRISTIAN PD,PASS CHRISTIAN PD,City,MS,2022,6032,17,2,19,2,5,7,19,7,26,4.31
MI7331100,CHESANING POLICE DEPARTMENT,CHESANING POLICE DEPARTMENT,City,MI,2022,2440,1,0,1,1,0,1,2,0,2,0.82
NJ0090600,JERSEY CITY PD,JERSEY CITY PD,City,NJ,2022,276300,761,65,826,160,182,342,921,247,1168,4.23
SD0020100,HURON PD,HURON PD,City,SD,2022,14217,21,1,22,4,9,13,25,10,35,2.46
ND0240300,NAPOLEON PD,NAPOLEON PD,City,ND,2022,752,1,0,1,0,0,0,1,0,1,1.33
NY0015500,,,Other State Agency,NY,2022,0,82,2,84,12,5,17,94,7,101,
NY0324000,NEW YORK MILLS VILLAGE PD NEW YORK MILLS,NEW YORK MILLS VILLAGE PD NEW YORK MILLS,City,NY,2022,3197,5,0,5,0,0,0,5,0,5,1.56
NY0560000,WARREN CO SHERIFF'S DEPARTMENT LAKE GEORGE,WARREN CO SHERIFF'S DEPARTMENT LAKE GEORGE,County,NY,2022,49430,73,23,96,2,14,16,75,37,112,2.27
NY0294400,KINGS POINT VILLAGE PD KINGS POINT,KINGS POINT VILLAGE PD KINGS POINT,City,NY,2022,5530,16,1,17,1,2,3,17,3,20,3.62
OK0550400,MIDWEST CITY,MIDWEST CITY,City,OK,2022,57826,92,10,102,9,12,21,101,22,123,2.13
MD0240000,WORCESTER CO SO SNOW HILL,WORCESTER CO SO SNOW HILL,County,MD,2022,23556,58,1,59,10,8,18,68,9,77,3.27
CA0400700,CA STATE POLYTECHNIC UNIV PD SAN LUIS OBISPO,CA STATE POLYTECHNIC UNIV PD SAN LUIS OBISPO,University or College,CA,2022,0,16,2,18,2,4,6,18,6,24,
TX2203600,DALLAS FT WORTH AIRPORT PD,DALLAS FT WORTH AIRPORT PD,Other,TX,2022,0,165,6,171,34,13,47,199,19,218,
NC0600100,CHARLOTTE-MECKLENBURG POLICE DEPARTMENT,CHARLOTTE-MECKLENBURG POLICE DEPARTMENT,City,NC,2022,955466,1427,159,1586,241,380,621,1668,539,2207,2.31
CO0420000,MONTEZUMA,MONTEZUMA,County,CO,2022,16268,23,20,43,3,15,18,26,35,61,3.75
NM0250000,SAN MIGUEL CO SO LAS VEGAS,SAN MIGUEL CO SO LAS VEGAS,County,NM,2022,14021,6,1,7,2,1,3,8,2,10,0.71
IL0810600,MOLINE PD,MOLINE PD,City,IL,2022,42009,64,0,64,11,7,18,75,7,82,1.95
CA0300300,BUENA PARK PD,BUENA PARK PD,City,CA,2022,82065,68,6,74,13,32,45,81,38,119,1.45
DE0033000,ELLENDALE PD,ELLENDALE PD,City,DE,2022,530,1,0,1,0,0,0,1,0,1,1.89
OK0190200,DRUMRIGHT,DRUMRIGHT,City,OK,2022,2539,5,0,5,2,0,2,7,0,7,2.76
VA0890000,STAFFORD CO SO STAFFORD,STAFFORD CO SO STAFFORD,County,VA,2022,164787,177,11,188,31,57,88,208,68,276,1.67
NH0010600,BELMONT PD,BELMONT PD,City,NH,2022,7425,12,0,12,2,3,5,14,3,17,2.29
AL0380000,HOUSTON CO SO DOTHAN,HOUSTON CO SO DOTHAN,County,AL,2022,28340,81,25,106,4,8,12,85,33,118,4.16
NJ0073100,ESSEX COUNTY COLLEGE CAMPUS PD NEWARK,ESSEX COUNTY COLLEGE CAMPUS PD NEWARK,University or College,NJ,2022,0,8,21,29,1,27,28,9,48,57,
IN0720000,SCOTT CO SO SCOTTSBURG,SCOTT CO SO SCOTTSBURG,County,IN,2022,13080,16,11,27,2,7,9,18,18,36,2.75
CA0310300,LINCOLN PD,LINCOLN PD,City,CA,2022,51456,26,1,27,2,11,13,28,12,40,0.78
WI0300000,KENOSHA CO SO KENOSHA,KENOSHA CO SO KENOSHA,County,WI,2022,41475,134,114,248,11,96,107,145,210,355,8.56
MO1090100,NEVADA,NEVADA,City,MO,2022,8182,18,1,19,4,2,6,22,3,25,3.06
OR033SP00,SP: WASCO COUNTY,SP: WASCO COUNTY,State Police,OR,2022,0,23,0,23,1,2,3,24,2,26,
CA0510200,YUBA CITY PD,YUBA CITY PD,City,CA,2022,69122,52,4,56,8,22,30,60,26,86,1.24
PA0251700,EDINBORO UNIVERSITY CAMPUS PD EDINBORO,EDINBORO UNIVERSITY CAMPUS PD EDINBORO,University or College,PA,2022,0,9,0,9,2,1,3,11,1,12,
VA0960700,UNIV OF VA COLLEGE AT WISE PD,UNIV OF VA COLLEGE AT WISE PD,University or College,VA,2022,0,9,0,9,0,1,1,9,1,10,
WY0070200,RIVERTON PD,RIVERTON PD,City,WY,2022,10623,24,0,24,3,10,13,27,10,37,3.48
ID0020000,ADAMS CO SO COUNCIL,ADAMS CO SO COUNCIL,County,ID,2022,4793,8,4,12,1,8,9,9,12,21,4.38
AL0420500,NORTH COURTLAND PD NORTH COURTLNAD,NORTH COURTLAND PD NORTH COURTLNAD,City,AL,2022,486,2,0,2,0,0,0,2,0,2,4.12
NY0590100,PEEKSKILL CITY PD PEEKSKILL,PEEKSKILL CITY PD PEEKSKILL,City,NY,2022,26178,44,6,50,9,3,12,53,9,62,2.37
AL0260900,CLAYHATCHEE PD DALEVILLE,CLAYHATCHEE PD DALEVILLE,City,AL,2022,473,1,0,1,1,0,1,2,0,2,4.23
SD0630500,NORTH SIOUX CITY PD,NORTH SIOUX CITY PD,City,SD,2022,2987,9,0,9,0,1,1,9,1,10,3.35
NJ0160100,BLOOMINGDALE PD,BLOOMINGDALE PD,City,NJ,2022,7616,17,0,17,1,1,2,18,1,19,2.49
CA0130700,WESTMORLAND PD,WESTMORLAND PD,City,CA,2022,1996,4,0,4,0,0,0,4,0,4,2.00
IA0820100,BETTENDORF PD,BETTENDORF PD,City,IA,2022,39548,46,1,47,4,6,10,50,7,57,1.44
PA0020A00,BALDWIN TOWNSHIP POLICE DEPARTMENT PITTSBURGH,BALDWIN TOWNSHIP POLICE DEPARTMENT PITTSBURGH,City,PA,2022,1928,6,0,6,0,0,0,6,0,6,3.11
MS0570000,PIKE CO SO MAGNOLIA,PIKE CO SO MAGNOLIA,County,MS,2022,24295,24,0,24,5,3,8,29,3,32,1.32
WV0200400,NITRO PD,NITRO PD,City,WV,2022,6444,19,0,19,0,1,1,19,1,20,3.10
WA0271700,FIRCREST PD,FIRCREST PD,City,WA,2022,7047,9,0,9,0,1,1,9,1,10,1.42
NH0065000,NEW IPSWICH PD,NEW IPSWICH PD,City,NH,2022,5333,6,0,6,0,1,1,6,1,7,1.31
MS0540300,CRENSHAW,CRENSHAW,City,MS,2022,618,1,1,2,0,1,1,1,2,3,4.85
KSKHP0400,,,State Police,KS,2022,0,20,0,20,0,2,2,20,2,22,
VT0141000,NORWICH PD,NORWICH PD,City,VT,2022,3681,1,0,1,1,1,2,2,1,3,0.81
AL0620600,NEWSITE PD,NEWSITE PD,City,AL,2022,770,2,0,2,0,0,0,2,0,2,2.60
NY0514000,WESTHAMPTON BEACH VILLAGE PD WESTHAMPTON BEACH,WESTHAMPTON BEACH VILLAGE PD WESTHAMPTON BEACH,City,NY,2022,2190,12,0,12,2,1,3,14,1,15,6.85
CA0160100,CORCORAN PD,CORCORAN PD,City,CA,2022,22609,16,3,19,3,11,14,19,14,33,1.46
MO1040300,BLOOMFIELD,BLOOMFIELD,City,MO,2022,1753,5,0,5,0,1,1,5,1,6,3.42
NJ0042100,LAWNSIDE PD,LAWNSIDE PD,City,NJ,2022,3343,10,1,11,1,0,1,11,1,12,3.59
MS0620200,MORTON PD,MORTON PD,City,MS,2022,3558,6,0,6,0,6,6,6,6,12,3.37
IA0030400,,,City,IA,2022,2434,3,0,3,1,0,1,4,0,4,1.64
GA0690300,FLOWERY BRANCH PD,FLOWERY BRANCH PD,City,GA,2022,10843,21,0,21,0,2,2,21,2,23,2.12
CA0191600,COVINA PD,COVINA PD,City,CA,2022,49590,55,13,68,4,18,22,59,31,90,1.81
GA1450100,THOMASTON PD,THOMASTON PD,City,GA,2022,9681,19,3,22,3,2,5,22,5,27,2.79
OR0150500,PHOENIX,PHOENIX,City,OR,2022,4051,9,1,10,0,1,1,9,2,11,2.72
PA0071800,FREEDOM TOWNSHIP POLICE DEPARTMENT,FREEDOM TOWNSHIP POLICE DEPARTMENT,City,PA,2022,2985,3,0,3,0,0,0,3,0,3,1.01
SC036FC00,FC: NEWBERRY COUNTY,FC: NEWBERRY COUNTY,Other State Agency,SC,2022,0,1,0,1,0,0,0,1,0,1,
AL0400000,LAMAR CO SO VERNON,LAMAR CO SO VERNON,County,AL,2022,8891,8,3,11,0,7,7,8,10,18,2.02
MN0600200,EAST GRAND FORKS PD,EAST GRAND FORKS PD,City,MN,2022,9002,21,0,21,0,1,1,21,1,22,2.44
OH0281800,HOLDEN ARBORETUM,HOLDEN ARBORETUM,Other,OH,2022,0,4,0,4,0,0,0,4,0,4,
OH0310000,HAMILTON,HAMILTON,County,OH,2022,118395,374,230,604,44,184,228,418,414,832,7.03
IN0290600,,,City,IN,2022,5537,7,0,7,2,0,2,9,0,9,1.63
TX1260200,BURLESON PD,BURLESON PD,City,TX,2022,55356,73,1,74,8,10,18,81,11,92,1.66
PA0220500,MIDDLETOWN PD,MIDDLETOWN PD,City,PA,2022,9622,11,0,11,0,0,0,11,0,11,1.14
VA0410100,HALIFAX PD,HALIFAX PD,City,VA,2022,1098,5,0,5,0,0,0,5,0,5,4.55
NC0180100,CONOVER PD,CONOVER PD,City,NC,2022,8525,24,1,25,2,2,4,26,3,29,3.40
MA0090400,ASHLAND PD,ASHLAND PD,City,MA,2022,18373,19,4,23,3,3,6,22,7,29,1.58
CO0500400,GRANADA,GRANADA,City,CO,2022,451,1,0,1,0,1,1,1,1,2,4.43
OK0310400,KEOTA,KEOTA,City,OK,2022,444,0,0,0,1,0,1,1,0,1,2.25
OR024160X,LIQUOR COMM: MARION CNTY,LIQUOR COMM: MARION CNTY,Other State Agency,OR,2022,0,3,0,3,2,0,2,5,0,5,
OK0491500,SALINA,SALINA,City,OK,2022,1078,4,0,4,0,1,1,4,1,5,4.64
OR0140200,HOOD RIVER,HOOD RIVER,City,OR,2022,8396,14,1,15,1,2,3,15,3,18,2.14
IA0940100,FORT DODGE PD,FORT DODGE PD,City,IA,2022,25097,34,1,35,4,2,6,38,3,41,1.63
PA0351300,THROOP PD,THROOP PD,City,PA,2022,4089,8,0,8,0,0,0,8,0,8,1.96
TX0250000,BROWN CO SO BROWNWOOD,BROWN CO SO BROWNWOOD,County,TX,2022,15160,28,17,45,3,18,21,31,35,66,4.35
KS0460400,MISSION PD,MISSION PD,City,KS,2022,9787,27,0,27,2,3,5,29,3,32,3.27
PA0360000,LANCASTER CO SO LANCASTER,LANCASTER CO SO LANCASTER,County,PA,2022,0,39,1,40,6,5,11,45,6,51,
IL0993100,JOLIET JUNIOR COLLEGE PD JOLIET,JOLIET JUNIOR COLLEGE PD JOLIET,University or College,IL,2022,0,14,4,18,0,6,6,14,10,24,
CO0530100,MONTE VISTA,MONTE VISTA,City,CO,2022,4144,10,1,11,1,1,2,11,2,13,3.14
CA0410500,COLMA PD,COLMA PD,City,CA,2022,1612,16,0,16,3,6,9,19,6,25,15.51
WV0201300,GLASGOW PD,GLASGOW PD,City,WV,2022,693,1,0,1,0,0,0,1,0,1,1.44
CT0008000,MERIDEN PD,MERIDEN PD,City,CT,2022,60332,106,10,116,15,9,24,121,19,140,2.32
MA0094500,TYNGSBORO PD,TYNGSBORO PD,City,MA,2022,12490,22,1,23,5,8,13,27,9,36,2.88
TX1012400,MEMORIAL VILLAGES POLICE DEPARTMENT,MEMORIAL VILLAGES POLICE DEPARTMENT,City,TX,2022,10987,29,2,31,2,11,13,31,13,44,4.00
SC0150300,COTTAGEVILLE PD COTTAGEVILLE,COTTAGEVILLE PD COTTAGEVILLE,City,SC,2022,700,6,0,6,0,0,0,6,0,6,8.57
AR0600000,PULASKI CO SO LITTLE ROCK,PULASKI CO SO LITTLE ROCK,County,AR,2022,49497,193,36,229,118,115,233,311,151,462,9.33
ND0080500,,,University or College,ND,2022,0,2,0,2,1,0,1,3,0,3,
IL0901000,WASHINGTON PD,WASHINGTON PD,City,IL,2022,15910,23,0,23,1,6,7,24,6,30,1.89
PA0462700,UPPER DUBLIN TWP PD FORT WASHINGTON,UPPER DUBLIN TWP PD FORT WASHINGTON,City,PA,2022,27081,34,2,36,4,4,8,38,6,44,1.62
GA0080000,BARTOW CO SO CARTERSVILLE,BARTOW CO SO CARTERSVILLE,County,GA,2022,77220,130,6,136,39,31,70,169,37,206,2.67
MA0092400,LINCOLN PD,LINCOLN PD,City,MA,2022,6823,10,5,15,1,1,2,11,6,17,2.49
FL0531600,WINTER HAVEN PD,WINTER HAVEN PD,City,FL,2022,54905,53,8,61,19,13,32,72,21,93,1.69
OH0520100,BRUNSWICK,BRUNSWICK,City,OH,2022,35235,38,3,41,2,9,11,40,12,52,1.48
NM0300300,MORIARTY PD,MORIARTY PD,City,NM,2022,1973,9,1,10,0,1,1,9,2,11,5.58
TX1710100,DUMAS PD,DUMAS PD,City,TX,2022,14140,12,0,12,3,5,8,15,5,20,1.41
NY0146700,LANCASTER TOWN PD LANCASTER,LANCASTER TOWN PD LANCASTER,City,NY,2022,39305,46,2,48,5,13,18,51,15,66,1.68
GA1290000,SUMTER CO SO AMERICUS,SUMTER CO SO AMERICUS,County,GA,2022,12419,27,14,41,12,30,42,39,44,83,6.68
AL0210200,CASTLEBERRY,CASTLEBERRY,City,AL,2022,469,1,0,1,0,0,0,1,0,1,2.13
AL0280300,GERALDINE PD,GERALDINE PD,City,AL,2022,910,5,0,5,0,0,0,5,0,5,5.49
NH0010800,CENTER HARBOR PD,CENTER HARBOR PD,City,NH,2022,1040,3,0,3,0,0,0,3,0,3,2.88
NC0670400,SWANSBORO PD,SWANSBORO PD,City,NC,2022,3920,8,0,8,2,1,3,10,1,11,2.81
OK0740100,BARTLESVILLE,BARTLESVILLE,City,OK,2022,37479,63,5,68,7,15,22,70,20,90,2.40
SC037FC00,FC: OCONEE COUNTY,FC: OCONEE COUNTY,Other State Agency,SC,2022,0,1,0,1,0,0,0,1,0,1,
MD0172600,UNIVERSITY PARK PD HYATTSVILLE,UNIVERSITY PARK PD HYATTSVILLE,City,MD,2022,2385,7,0,7,2,1,3,9,1,10,4.19
VTVSP0200,STATE POLICE ST JOHNSBURY,STATE POLICE ST JOHNSBURY,State Police,VT,2022,18947,22,0,22,2,1,3,24,1,25,1.32
PA0040600,MIDLAND PD,MIDLAND PD,City,PA,2022,2374,4,0,4,0,0,0,4,0,4,1.68
PA0590700,WESTFIELD PD,WESTFIELD PD,City,PA,2022,1108,1,0,1,0,0,0,1,0,1,0.90
CO0010000,ADAMS,ADAMS,County,CO,2022,100212,328,46,374,66,136,202,394,182,576,5.75
NM0160100,DEMING PD,DEMING PD,City,NM,2022,14883,29,1,30,3,2,5,32,3,35,2.35
RI0041400,GLOCESTER PD CHEPACHET,GLOCESTER PD CHEPACHET,City,RI,2022,10147,16,4,20,0,2,2,16,6,22,2.17
NY0262500,HAMILTON VILLAGE PD HAMILTON,HAMILTON VILLAGE PD HAMILTON,City,NY,2022,3726,4,0,4,0,0,0,4,0,4,1.07
ME0040000,FRANKLIN CO SO FARMINGTON,FRANKLIN CO SO FARMINGTON,County,ME,2022,11933,15,0,15,0,1,1,15,1,16,1.34
VTVSP0600,STATE POLICE NEW HAVEN,STATE POLICE NEW HAVEN,State Police,VT,2022,21804,8,0,8,5,1,6,13,1,14,0.64
SC0130000,CHESTERFIELD CO SO CHESTERFIELD,CHESTERFIELD CO SO CHESTERFIELD,County,SC,2022,34088,49,7,56,7,6,13,56,13,69,2.02
OH0571600,BROOKVILLE,BROOKVILLE,City,OH,2022,5945,6,0,6,3,1,4,9,1,10,1.68
MD0171200,FOREST HEIGHTS PD OXON HILL,FOREST HEIGHTS PD OXON HILL,City,MD,2022,2588,16,1,17,1,2,3,17,3,20,7.73
AL0630100,TUSCALOOSA PD,TUSCALOOSA PD,City,AL,2022,101280,240,24,264,21,40,61,261,64,325,3.21
VA0010100,CHINCOTEAGUE PD,CHINCOTEAGUE PD,City,VA,2022,3284,12,1,13,0,3,3,12,4,16,4.87
KY0592600,NORTHERN KY DRUG STRIKE FORCE,NORTHERN KY DRUG STRIKE FORCE,Other,KY,2022,0,3,0,3,0,1,1,3,1,4,
MA0093900,SOMERVILLE PD,SOMERVILLE PD,City,MA,2022,79178,97,7,104,14,28,42,111,35,146,1.84
SD0110300,WAGNER PD,WAGNER PD,City,SD,2022,1425,3,0,3,0,0,0,3,0,3,2.11
MN0340200,,,City,MN,2022,1108,1,0,1,0,0,0,1,0,1,0.90
CO0210100,COLORADO SPRINGS,COLORADO SPRINGS,City,CO,2022,487728,618,102,720,114,208,322,732,310,1042,2.14
KS0010200,IOLA PD,IOLA PD,City,KS,2022,5302,16,0,16,1,1,2,17,1,18,3.39
DE0021600,,,Other State Agency,DE,2022,0,16,0,16,0,1,1,16,1,17,
FL0061700,LAUDERDALE LAKES PD,LAUDERDALE LAKES PD,City,FL,2022,35204,36,1,37,6,2,8,42,3,45,1.28
OK0040000,BEAVER,BEAVER,County,OK,2022,3733,8,0,8,0,0,0,8,0,8,2.14
OR0360200,NEWBERG-DUNDEE,NEWBERG-DUNDEE,City,OR,2022,25503,30,3,33,2,9,11,32,12,44,1.73
AR0730400,KENSETT PD,KENSETT PD,City,AR,2022,1396,3,0,3,1,1,2,4,1,5,3.58
MO0830700,NORTHMOOR,NORTHMOOR,City,MO,2022,292,7,0,7,0,0,0,7,0,7,23.97
MN0490200,,,City,MN,2022,678,1,0,1,0,0,0,1,0,1,1.47
GA0980100,BUENA VISTA PD,BUENA VISTA PD,City,GA,2022,1478,2,0,2,1,0,1,3,0,3,2.03
MN0800000,WADENA CO SO WADENA,WADENA CO SO WADENA,County,MN,2022,6536,11,3,14,1,10,11,12,13,25,3.82
NC0540000,LENOIR CO SO KINSTON,LENOIR CO SO KINSTON,County,NC,2022,34737,46,0,46,8,7,15,54,7,61,1.76
MI1773400,SAULT STE MARIE PD,SAULT STE MARIE PD,City,MI,2022,13412,20,0,20,2,3,5,22,3,25,1.86
TX2400600,TEXAS A&M INTERN UNIV POLICE DEPARTMENT,TEXAS A&M INTERN UNIV POLICE DEPARTMENT,University or College,TX,2022,0,14,2,16,5,2,7,19,4,23,
WA0272500,EDGEWOOD POLICE DEPARTMENT,EDGEWOOD POLICE DEPARTMENT,City,WA,2022,12900,11,0,11,1,1,2,12,1,13,1.01
PA0450900,POCONO MOUNTAIN REGIONAL POLICE DEPARTMENT,POCONO MOUNTAIN REGIONAL POLICE DEPARTMENT,City,PA,2022,43672,39,0,39,2,5,7,41,5,46,1.05
OK0250200,PAULS VALLEY,PAULS VALLEY,City,OK,2022,6066,10,0,10,3,2,5,13,2,15,2.47
OH0480700,TOLEDO,TOLEDO,City,OH,2022,266984,488,4,492,103,53,156,591,57,648,2.43
VA0530200,MIDDLEBURG PD,MIDDLEBURG PD,City,VA,2022,666,6,0,6,0,1,1,6,1,7,10.51
TX1700800,PATTON VILLAGE PD SPLENDORA,PATTON VILLAGE PD SPLENDORA,City,TX,2022,1799,8,0,8,1,0,1,9,0,9,5.00
PA0140700,FERGUSON TWP STATE COLLEGE,FERGUSON TWP STATE COLLEGE,City,PA,2022,19360,22,0,22,1,2,3,23,2,25,1.29
NC0800500,SALISBURY PD,SALISBURY PD,City,NC,2022,35938,58,2,60,9,11,20,67,13,80,2.23
NY0572800,WHITEHALL VILLAGE PD WHITEHALL,WHITEHALL VILLAGE PD WHITEHALL,City,NY,2022,2478,4,0,4,0,0,0,4,0,4,1.61
AL0280100,FORT PAYNE PD,FORT PAYNE PD,City,AL,2022,14845,36,6,42,2,14,16,38,20,58,3.91
TN0300000,GREENE CO SO GREENEVILLE,GREENE CO SO GREENEVILLE,County,TN,2022,49699,69,53,122,7,43,50,76,96,172,3.46
NJ0068900,CUMBERLAND CNTY PROSECUTOR BRIDGETON,CUMBERLAND CNTY PROSECUTOR BRIDGETON,Other,NJ,2022,0,29,15,44,11,52,63,40,67,107,
AL0510100,MONROEVILLE PD,MONROEVILLE PD,City,AL,2022,5797,17,0,17,3,6,9,20,6,26,4.49
PA0654500,ROSTRAVER TOWNSHIP POLICE DEPARTMENT,ROSTRAVER TOWNSHIP POLICE DEPARTMENT,City,PA,2022,11368,15,0,15,1,1,2,16,1,17,1.50
TX0610000,DENTON CO SO DENTON,DENTON CO SO DENTON,County,TX,2022,174090,170,135,305,13,96,109,183,231,414,2.38
FL0580100,SARASOTA PD,SARASOTA PD,City,FL,2022,55380,141,19,160,34,39,73,175,58,233,4.21
RI0040600,LINCOLN PD,LINCOLN PD,City,RI,2022,22400,32,3,35,2,5,7,34,8,42,1.88
SD0200000,DEWEY CO SO TIMBER LAKE,DEWEY CO SO TIMBER LAKE,County,SD,2022,4659,3,0,3,1,0,1,4,0,4,0.86
TX2050700,,,City,TX,2022,2277,3,0,3,1,2,3,4,2,6,2.64
KS0610100,PAOLA PD,PAOLA PD,City,KS,2022,5808,13,1,14,0,4,4,13,5,18,3.10
CA0270300,GONZALES PD,GONZALES PD,City,CA,2022,8514,12,0,12,0,3,3,12,3,15,1.76
TX1011300,LA PORTE PD,LA PORTE PD,City,TX,2022,36646,64,9,73,11,22,33,75,31,106,2.89
WVWSP4900,STATE POLICE SUTTON,STATE POLICE SUTTON,State Police,WV,2022,0,7,0,7,1,1,2,8,1,9,
KY0100100,ASHLAND PD,ASHLAND PD,City,KY,2022,21300,43,2,45,0,2,2,43,4,47,2.21
NJ0171200,SALEM PD,SALEM PD,City,NJ,2022,5319,20,0,20,2,1,3,22,1,23,4.32
OH0572400,BUTLER TOWNSHIP,BUTLER TOWNSHIP,City,OH,2022,8219,18,0,18,3,1,4,21,1,22,2.68
NJ0010000,ATLANTIC CO SHERIFFS OFF MAYS LANDING,ATLANTIC CO SHERIFFS OFF MAYS LANDING,County,NJ,2022,0,96,9,105,16,25,41,112,34,146,
FL0530600,,,University or College,FL,2022,0,10,1,11,1,1,2,11,2,13,
MT0050200,BRIDGER PD,BRIDGER PD,City,MT,2022,712,2,0,2,1,0,1,3,0,3,4.21
SC0230200,GREENVILLE PD,GREENVILLE PD,City,SC,2022,73311,177,10,187,29,33,62,206,43,249,3.40
NY0352700,MONTGOMERY VILLAGE PD MONTGOMERY,MONTGOMERY VILLAGE PD MONTGOMERY,City,NY,2022,3816,3,0,3,0,0,0,3,0,3,0.79
NJ0072000,VERONA PD,VERONA PD,City,NJ,2022,14272,26,1,27,3,5,8,29,6,35,2.45
FL0051100,TITUSVILLE PD,TITUSVILLE PD,City,FL,2022,48979,73,10,83,12,37,49,85,47,132,2.70
OH0470100,AMHERST,AMHERST,City,OH,2022,12993,22,1,23,1,8,9,23,9,32,2.46
KY0180100,MURRAY PD,MURRAY PD,City,KY,2022,17506,30,1,31,5,5,10,35,6,41,2.34
PA0190500,BRIAR CREEK TWP PD BERWICK,BRIAR CREEK TWP PD BERWICK,City,PA,2022,3014,5,0,5,0,0,0,5,0,5,1.66
MN0700100,BELLE PLAINE PD,BELLE PLAINE PD,City,MN,2022,7440,10,0,10,1,2,3,11,2,13,1.75
SD0480000,MINER CO SO HOWARD,MINER CO SO HOWARD,County,SD,2022,2349,3,0,3,0,1,1,3,1,4,1.70
MN0130800,WYOMING PD,WYOMING PD,City,MN,2022,8098,8,0,8,2,2,4,10,2,12,1.48
CA0470300,ETNA PD,ETNA PD,City,CA,2022,685,4,0,4,0,0,0,4,0,4,5.84
IA0520000,JOHNSON CO SO IOWA CITY,JOHNSON CO SO IOWA CITY,County,IA,2022,35901,67,2,69,9,17,26,76,19,95,2.65
IN0100000,CLARK CO SO JEFFERSONVILLE,CLARK CO SO JEFFERSONVILLE,County,IN,2022,32030,37,58,95,3,37,40,40,95,135,4.21
FL0170100,PENSACOLA PD,PENSACOLA PD,City,FL,2022,53006,151,5,156,31,34,65,182,39,221,4.17
PA0402100,PLAINS TWP PD WILKES-BARRE,PLAINS TWP PD WILKES-BARRE,City,PA,2022,9819,19,0,19,0,1,1,19,1,20,2.04
IA0290100,BURLINGTON PD,BURLINGTON PD,City,IA,2022,23497,40,1,41,4,5,9,44,6,50,2.13
OK0421200,,,University or College,OK,2022,0,9,0,9,2,3,5,11,3,14,
WI0710200,NEENAH PD,NEENAH PD,City,WI,2022,27706,33,1,34,7,11,18,40,12,52,1.88
WA0260000,PEND OREILLE CO SO NEWPORT,PEND OREILLE CO SO NEWPORT,County,WA,2022,12169,12,9,21,2,10,12,14,19,33,2.71
MS0260500,PICKENS PD,PICKENS PD,City,MS,2022,872,4,0,4,0,0,0,4,0,4,4.59
OR018SP00,SP: KLAMATH COUNTY,SP: KLAMATH COUNTY,State Police,OR,2022,0,23,0,23,1,2,3,24,2,26,
IN0320300,PLAINFIELD PD,PLAINFIELD PD,City,IN,2022,36189,59,2,61,4,5,9,63,7,70,1.93
IA0970000,WOODBURY CO SO SIOUX CITY,WOODBURY CO SO SIOUX CITY,County,IA,2022,14908,40,51,91,1,24,25,41,75,116,7.78
WADI05400,BIA DLE QUINAULT INDIAN NATION TAHOLAH,BIA DLE QUINAULT INDIAN NATION TAHOLAH,Tribal,WA,2022,0,5,3,8,2,6,8,7,9,16,
MI3922600,AUGUSTA PD,AUGUSTA PD,City,MI,2022,846,4,2,6,2,0,2,6,2,8,9.46
AL0012700,BROOKSIDE PD,BROOKSIDE PD,City,AL,2022,1218,6,2,8,0,4,4,6,6,12,9.85
TX0140000,BELL CO SO BELTON,BELL CO SO BELTON,County,TX,2022,65028,92,143,235,20,125,145,112,268,380,5.84
FL0170400,UNIVERSITY OF WEST FLORIDA PD PENSACOLA,UNIVERSITY OF WEST FLORIDA PD PENSACOLA,University or College,FL,2022,0,14,2,16,4,4,8,18,6,24,
SC0210800,SCRANTON PD,SCRANTON PD,City,SC,2022,638,1,0,1,0,0,0,1,0,1,1.57
KY0591700,EDGEWOOD PD,EDGEWOOD PD,City,KY,2022,8372,17,0,17,0,0,0,17,0,17,2.03
KY0340400,DIV OF L E FAYETTE CO PUBLIC SCHOOLS LEXINGTON,DIV OF L E FAYETTE CO PUBLIC SCHOOLS LEXINGTON,Other,KY,2022,0,60,3,63,14,2,16,74,5,79,
TX1700300,SPLENDORA,SPLENDORA,City,TX,2022,1860,17,0,17,0,1,1,17,1,18,9.68
NJ0138900,MONMOUTH COUNTY PROSECUTOR FREEHOLD,MONMOUTH COUNTY PROSECUTOR FREEHOLD,Other,NJ,2022,0,69,52,121,9,135,144,78,187,265,
IL0470200,YORKVILLE PD,YORKVILLE PD,City,IL,2022,23635,30,0,30,3,3,6,33,3,36,1.52
IL0169K00,MORAINE VALLEY COM COL CAMPUS POL PALOS HILLS,MORAINE VALLEY COM COL CAMPUS POL PALOS HILLS,University or College,IL,2022,0,17,2,19,0,5,5,17,7,24,
PA0160000,CLARION CO SO CLARION,CLARION CO SO CLARION,County,PA,2022,0,6,0,6,0,2,2,6,2,8,
MI1141800,GALIEN PD,GALIEN PD,City,MI,2022,524,1,0,1,0,1,1,1,1,2,3.82
AL0670500,TOWN OF LYNN POLICE DEPARTMENT,TOWN OF LYNN POLICE DEPARTMENT,City,AL,2022,622,1,0,1,0,0,0,1,0,1,1.61
MI7859600,MORRICE PD,MORRICE PD,City,MI,2022,987,1,0,1,0,0,0,1,0,1,1.01
TX227279E,,,University or College,TX,2022,0,6,1,7,0,2,2,6,3,9,
NY227UN00,SUNY COLLEGE: BROCKPORT,SUNY COLLEGE: BROCKPORT,University or College,NY,2022,0,13,2,15,2,4,6,15,6,21,
NB0930000,YORK CO SO YORK,YORK CO SO YORK,County,NB,2022,5103,12,0,12,1,2,3,13,2,15,2.94
MT0050100,RED LODGE PD,RED LODGE PD,City,MT,2022,2450,7,0,7,0,0,0,7,0,7,2.86
GA0920300,LAKE PARK PD,LAKE PARK PD,City,GA,2022,1406,3,0,3,0,1,1,3,1,4,2.84
PA0190300,BLOOMSBURG TOWN,BLOOMSBURG TOWN,City,PA,2022,12601,16,2,18,2,3,5,18,5,23,1.83
TX0250300,EARLY PD BROWNWOOD,EARLY PD BROWNWOOD,City,TX,2022,3161,7,0,7,2,2,4,9,2,11,3.48
ME0030100,BRUNSWICK PD,BRUNSWICK PD,City,ME,2022,21888,29,4,33,3,6,9,32,10,42,1.92
NC0840400,STANFIELD PD,STANFIELD PD,City,NC,2022,1636,4,0,4,0,0,0,4,0,4,2.44
OK0490500,,,City,OK,2022,223,1,0,1,0,0,0,1,0,1,4.48
OK0060000,BLAINE,BLAINE,County,OK,2022,3250,11,1,12,1,10,11,12,11,23,7.08
WV0110000,GILMER CO SO GLENVILLE,GILMER CO SO GLENVILLE,County,WV,2022,6265,2,0,2,0,2,2,2,2,4,0.64
AL0020400,CITRONELLE PD,CITRONELLE PD,City,AL,2022,3916,12,7,19,0,5,5,12,12,24,6.13
KS0240000,EDWARDS CO SO KINSLEY,EDWARDS CO SO KINSLEY,County,KS,2022,2772,5,1,6,0,0,0,5,1,6,2.16
CA0410100,ATHERTON PD,ATHERTON PD,City,CA,2022,6704,18,1,19,2,8,10,20,9,29,4.33
MN0420000,LYON CO SO MARSHALL,LYON CO SO MARSHALL,County,MN,2022,8234,16,15,31,1,12,13,17,27,44,5.34
AR0040000,BENTON CO SO BENTONVILLE,BENTON CO SO BENTONVILLE,County,AR,2022,44981,160,43,203,25,37,62,185,80,265,5.89
OK0550900,,,City,OK,2022,173,1,0,1,0,0,0,1,0,1,5.78
NB0100600,,,University or College,NB,2022,0,9,1,10,1,2,3,10,3,13,
TX1390400,PARIS JUNIOR COLLEGE POLICE DEPARTMENT,PARIS JUNIOR COLLEGE POLICE DEPARTMENT,University or College,TX,2022,0,5,0,5,0,0,0,5,0,5,
IL0169200,RICHTON PARK PD,RICHTON PARK PD,City,IL,2022,12259,18,0,18,3,3,6,21,3,24,1.96
NC0810100,FOREST CITY PD,FOREST CITY PD,City,NC,2022,7353,25,0,25,4,2,6,29,2,31,4.22
OR0030800,SANDY,SANDY,City,OR,2022,12825,15,1,16,1,3,4,16,4,20,1.56
PA0655200,WESTMORELAND COUNTY PARK POLICE GREENSBURG,WESTMORELAND COUNTY PARK POLICE GREENSBURG,Other,PA,2022,0,31,0,31,5,1,6,36,1,37,
NC0350100,LOUISBURG PD,LOUISBURG PD,City,NC,2022,3098,15,0,15,1,1,2,16,1,17,5.49
MI7250500,KIRTLAND COMMUNITY COLLEGE DEPT OF PUB SAF,KIRTLAND COMMUNITY COLLEGE DEPT OF PUB SAF,University or College,MI,2022,0,1,0,1,0,0,0,1,0,1,
KS0370000,GREENWOOD CO SO EUREKA,GREENWOOD CO SO EUREKA,County,KS,2022,5914,10,5,15,2,4,6,12,9,21,3.55
MI3967800,PORTAGE PD,PORTAGE PD,City,MI,2022,48811,51,1,52,5,9,14,56,10,66,1.35
MO0030200,ROCK PORT,ROCK PORT,City,MO,2022,1251,3,0,3,0,0,0,3,0,3,2.40
MD0230000,WICOMICO CO SO SALISBURY,WICOMICO CO SO SALISBURY,County,MD,2022,60057,79,4,83,10,18,28,89,22,111,1.85
AL0430200,OPELIKA PD,OPELIKA PD,City,AL,2022,32010,84,4,88,2,19,21,86,23,109,3.41
IL0161800,CALUMET PARK PD,CALUMET PARK PD,City,IL,2022,6711,14,0,14,4,2,6,18,2,20,2.98
VT0040700,SHELBURNE PD,SHELBURNE PD,City,VT,2022,7903,8,2,10,1,5,6,9,7,16,2.02
GA0130000,BRANTLEY CO SO NAHUNTA,BRANTLEY CO SO NAHUNTA,County,GA,2022,16741,17,15,32,2,9,11,19,24,43,2.57
WV0540100,PARKERSBURG PD,PARKERSBURG PD,City,WV,2022,29190,66,6,72,1,6,7,67,12,79,2.71
MI0710700,BARAGA CO SO L'ANSE,BARAGA CO SO L'ANSE,County,MI,2022,4393,4,2,6,0,0,0,4,2,6,1.37
FL0160600,UNIVERSITY OF NORTH FLORIDA PD JACKSONVILLE,UNIVERSITY OF NORTH FLORIDA PD JACKSONVILLE,University or College,FL,2022,0,28,5,33,4,5,9,32,10,42,
MO0350600,MALDEN,MALDEN,City,MO,2022,3568,9,0,9,2,4,6,11,4,15,4.20
PA0407100,PENN STATE U HAZLETON CAMPUS PD HAZLETON,PENN STATE U HAZLETON CAMPUS PD HAZLETON,University or College,PA,2022,0,4,0,4,1,0,1,5,0,5,
KS0300100,OTTAWA POLICE DEPARTMENT OTTAWA,OTTAWA POLICE DEPARTMENT OTTAWA,City,KS,2022,12586,26,0,26,3,4,7,29,4,33,2.62
CO0570300,MOUNTAIN VILLAGE,MOUNTAIN VILLAGE,City,CO,2022,1269,4,1,5,1,1,2,5,2,7,5.52
MI2343500,GRAND LEDGE PD,GRAND LEDGE PD,City,MI,2022,7778,9,0,9,6,0,6,15,0,15,1.93
MI6380800,WATERFORD TWP PD,WATERFORD TWP PD,City,MI,2022,69851,50,10,60,5,17,22,55,27,82,1.17
MO0480500,GREENWOOD,GREENWOOD,City,MO,2022,6077,4,0,4,2,0,2,6,0,6,0.99
AR0310100,NASHVILLE PD,NASHVILLE PD,City,AR,2022,4083,15,0,15,2,1,3,17,1,18,4.41
TX1890000,PRESIDIO CO SO MARFA,PRESIDIO CO SO MARFA,County,TX,2022,1131,5,9,14,1,11,12,6,20,26,22.99
VT0041100,UNIVERSITY OF VERMONT PD,UNIVERSITY OF VERMONT PD,University or College,VT,2022,0,13,7,20,1,6,7,14,13,27,
OR0150600,TALENT,TALENT,City,OR,2022,5979,6,0,6,2,1,3,8,1,9,1.51
WV0370000,PLEASANTS CO SO ST MARYS,PLEASANTS CO SO ST MARYS,County,WV,2022,5733,6,0,6,1,1,2,7,1,8,1.40
SC0320400,LEXINGTON PD,LEXINGTON PD,City,SC,2022,24880,48,0,48,10,3,13,58,3,61,2.45
CA0195300,PASADENA PD,PASADENA PD,City,CA,2022,133312,184,38,222,35,69,104,219,107,326,2.45
AR0140100,MAGNOLIA PD,MAGNOLIA PD,City,AR,2022,11059,18,0,18,4,3,7,22,3,25,2.26
WI0560800,SOMERSET PD,SOMERSET PD,City,WI,2022,3073,7,0,7,0,0,0,7,0,7,2.28
OH0185200,UNIVERSITY HEIGHTS,UNIVERSITY HEIGHTS,City,OH,2022,13701,30,0,30,0,2,2,30,2,32,2.34
NY0340000,ONTARIO CO SHERIFF'S DEPARTMENT CANANDAIGUA,ONTARIO CO SHERIFF'S DEPARTMENT CANANDAIGUA,County,NY,2022,86531,65,28,93,7,30,37,72,58,130,1.50
WV0130200,RAINELLE PD,RAINELLE PD,City,WV,2022,1193,1,0,1,0,1,1,1,1,2,1.68
UT0200300,FAIRVIEW PD,FAIRVIEW PD,City,UT,2022,1278,2,0,2,0,0,0,2,0,2,1.56
NC0160900,INDIAN BEACH PD SALTER PATH,INDIAN BEACH PD SALTER PATH,City,NC,2022,227,3,0,3,0,0,0,3,0,3,13.22
OH0140100,BLANCHESTER,BLANCHESTER,City,OH,2022,4234,7,0,7,1,1,2,8,1,9,2.13
GA1470300,SOCIAL CIRCLE POLICE DEPARTMENT,SOCIAL CIRCLE POLICE DEPARTMENT,City,GA,2022,5252,9,0,9,4,1,5,13,1,14,2.67
GA1020300,GA PUB SAFETY TRAINING CTR SEC POLICE FORSYTH,GA PUB SAFETY TRAINING CTR SEC POLICE FORSYTH,Other State Agency,GA,2022,0,68,43,111,2,64,66,70,107,177,
TN0280200,MINOR HILL PD,MINOR HILL PD,City,TN,2022,515,2,0,2,0,0,0,2,0,2,3.88
OH0170300,GALION,GALION,City,OH,2022,10338,17,0,17,1,3,4,18,3,21,2.03
MN0190600,SOUTH ST PAUL PD,SOUTH ST PAUL PD,City,MN,2022,20337,24,0,24,7,4,11,31,4,35,1.72
PA0061700,SINKING SPRING PD,SINKING SPRING PD,City,PA,2022,4279,4,0,4,2,1,3,6,1,7,1.64
MI1268800,QUINCY PD,QUINCY PD,City,MI,2022,1560,1,0,1,1,0,1,2,0,2,1.28
FL0350000,LAKE CO SO TAVARES,LAKE CO SO TAVARES,County,FL,2022,196808,251,161,412,35,236,271,286,397,683,3.47
CT0003300,CROMWELL PD,CROMWELL PD,City,CT,2022,14360,24,3,27,3,7,10,27,10,37,2.58
LA0100400,VINTON PD,VINTON PD,City,LA,2022,2973,8,3,11,2,3,5,10,6,16,5.38
NM0190100,ALAMOGORDO PD,ALAMOGORDO PD,City,NM,2022,31946,40,8,48,6,21,27,46,29,75,2.35
WI0330000,LAFAYETTE CO SO DARLINGTON,LAFAYETTE CO SO DARLINGTON,County,WI,2022,11588,23,0,23,6,0,6,29,0,29,2.50
TX2202900,WHITE SETTLEMENT PD FORT WORTH,WHITE SETTLEMENT PD FORT WORTH,City,TX,2022,17954,26,1,27,6,9,15,32,10,42,2.34
OH0540900,ST. HENRY,ST. HENRY,City,OH,2022,2608,4,0,4,0,0,0,4,0,4,1.53
ME0150900,BAILEYVILLE PD,BAILEYVILLE PD,City,ME,2022,1334,1,0,1,0,0,0,1,0,1,0.75
NY0362000,ALBION VILLAGE PD ALBION,ALBION VILLAGE PD ALBION,City,NY,2022,5620,12,1,13,1,0,1,13,1,14,2.49
CA0480300,FAIRFIELD PD,FAIRFIELD PD,City,CA,2022,119583,108,6,114,18,66,84,126,72,198,1.66
CA0196600,SIERRA MADRE PD,SIERRA MADRE PD,City,CA,2022,10778,16,0,16,1,5,6,17,5,22,2.04
MS0020100,CORINTH PD,CORINTH PD,City,MS,2022,14216,30,2,32,1,3,4,31,5,36,2.53
KS0500400,ALTAMONT PD,ALTAMONT PD,City,KS,2022,1031,3,0,3,0,0,0,3,0,3,2.91
CA0011000,PIEDMONT PD,PIEDMONT PD,City,CA,2022,10853,16,1,17,1,8,9,17,9,26,2.40
AZ0072100,PEORIA PD,PEORIA PD,City,AZ,2022,197894,189,34,223,27,59,86,216,93,309,1.56
AZ0120000,SANTA CRUZ CO SO NOGALES,SANTA CRUZ CO SO NOGALES,County,AZ,2022,28275,30,29,59,3,21,24,33,50,83,2.94
AR0080000,CARROLL CO SO BERRYVILLE,CARROLL CO SO BERRYVILLE,County,AR,2022,17720,17,20,37,2,12,14,19,32,51,2.88
CA0470600,MOUNT SHASTA PD,MOUNT SHASTA PD,City,CA,2022,3257,9,1,10,0,7,7,9,8,17,5.22
MI0723200,BARAGA PD,BARAGA PD,City,MI,2022,1990,2,0,2,0,0,0,2,0,2,1.01
MD0171500,HYATTSVILLE PD,HYATTSVILLE PD,City,MD,2022,20623,31,7,38,7,12,19,38,19,57,2.76
WV0100200,FAYETTEVILLE PD,FAYETTEVILLE PD,City,WV,2022,2815,12,0,12,1,2,3,13,2,15,5.33
NY251US00,SUNY: STONY BROOK,SUNY: STONY BROOK,University or College,NY,2022,0,52,67,119,15,16,31,67,83,150,
IN0890100,RICHMOND PD,RICHMOND PD,City,IN,2022,35783,58,2,60,7,6,13,65,8,73,2.04
WV0350300,BETHLEHEM PD,BETHLEHEM PD,City,WV,2022,2538,5,0,5,0,0,0,5,0,5,1.97
WY0050000,CONVERSE CO SO DOUGLAS,CONVERSE CO SO DOUGLAS,County,WY,2022,4911,28,0,28,10,2,12,38,2,40,8.14
TX1082300,ALTON POLICE DEPARTMENT MISSION,ALTON POLICE DEPARTMENT MISSION,City,TX,2022,19391,24,5,29,5,2,7,29,7,36,1.86
MO0956300,RIVERVIEW,RIVERVIEW,City,MO,2022,2352,10,0,10,0,1,1,10,1,11,4.68
WI0220400,LANCASTER PD,LANCASTER PD,City,WI,2022,3911,5,0,5,1,1,2,6,1,7,1.79
GA0730000,HART CO SO HARTWELL,HART CO SO HARTWELL,County,GA,2022,21791,29,9,38,1,13,14,30,22,52,2.39
MO0940600,FARMINGTON,FARMINGTON,City,MO,2022,18565,33,0,33,5,2,7,38,2,40,2.15
WV0260100,BENWOOD PD,BENWOOD PD,City,WV,2022,1229,6,5,11,0,0,0,6,5,11,8.95
ME0020400,HOULTON PD,HOULTON PD,City,ME,2022,6071,9,1,10,1,4,5,10,5,15,2.47
WI0490700,OSCEOLA PD,OSCEOLA PD,City,WI,2022,2849,5,0,5,0,1,1,5,1,6,2.11
GA0510300,SPRINGFIELD PD,SPRINGFIELD PD,City,GA,2022,3083,7,0,7,3,1,4,10,1,11,3.57
UT0040100,PRICE PD,PRICE PD,City,UT,2022,8230,15,0,15,1,4,5,16,4,20,2.43
NJ0102600,WEST AMWELL TWP PD LAMBERTVILLE,WEST AMWELL TWP PD LAMBERTVILLE,City,NJ,2022,3033,7,0,7,0,0,0,7,0,7,2.31
WV0150400,LAW ENF DIV DEPT NATRL RESOURCES MANCHESTER,LAW ENF DIV DEPT NATRL RESOURCES MANCHESTER,Other State Agency,WV,2022,0,1,0,1,0,0,0,1,0,1,
NJ0040200,AUDUBON PARK PD AUDUBON,AUDUBON PARK PD AUDUBON,City,NJ,2022,983,21,1,22,3,0,3,24,1,25,25.43
FL0051800,MELBOURNE REG AIRPORT SECURITY FORCE MELBOURNE,MELBOURNE REG AIRPORT SECURITY FORCE MELBOURNE,Other,FL,2022,0,8,0,8,5,2,7,13,2,15,
NM0090200,BAYARD PD,BAYARD PD,City,NM,2022,2070,4,0,4,0,1,1,4,1,5,2.42
TN0820700,TRI CITIES AIRPORT POLICE DEPARTMENT,TRI CITIES AIRPORT POLICE DEPARTMENT,Other,TN,2022,0,13,0,13,1,1,2,14,1,15,
MS0660000,STONE CO SO WIGGINS,STONE CO SO WIGGINS,County,MS,2022,14614,19,2,21,3,3,6,22,5,27,1.85
MS0410000,LEE CO SO TUPELO,LEE CO SO TUPELO,County,MS,2022,33609,53,47,100,3,44,47,56,91,147,4.37
LA0220500,POLLOCK PD,POLLOCK PD,City,LA,2022,399,2,0,2,2,1,3,4,1,5,12.53
NJ0023400,MAYWOOD PD,MAYWOOD PD,City,NJ,2022,9966,20,1,21,3,3,6,23,4,27,2.71
MN0700300,NEW PRAGUE PD,NEW PRAGUE PD,City,MN,2022,8354,9,0,9,2,2,4,11,2,13,1.56
GA1110300,FORT VALLEY STATE UNIVERSITY DPS,FORT VALLEY STATE UNIVERSITY DPS,University or College,GA,2022,0,5,4,9,3,6,9,8,10,18,
PA0140900,PATTON TWP PD STATE COLLEGE,PATTON TWP PD STATE COLLEGE,City,PA,2022,15769,19,0,19,1,2,3,20,2,22,1.40
KS0690100,NORTON PD,NORTON PD,City,KS,2022,2702,6,0,6,1,1,2,7,1,8,2.96
KY1130100,MORGANFIELD PD,MORGANFIELD PD,City,KY,2022,3202,7,0,7,0,0,0,7,0,7,2.19
CA0270900,SAND CITY PD,SAND CITY PD,City,CA,2022,335,10,0,10,0,1,1,10,1,11,32.84
MO1130100,MARSHFIELD,MARSHFIELD,City,MO,2022,7605,12,0,12,0,1,1,12,1,13,1.71
OK0641700,,,City,OK,2022,280,2,0,2,0,0,0,2,0,2,7.14
TX0711200,CLINT PD,CLINT PD,City,TX,2022,925,2,0,2,0,0,0,2,0,2,2.16
MO1150000,WRIGHT,WRIGHT,County,MO,2022,12811,5,6,11,2,10,12,7,16,23,1.80
NC0230300,BOILING SPRINGS PD,BOILING SPRINGS PD,City,NC,2022,4553,10,0,10,1,0,1,11,0,11,2.42
GA0330400,SMYRNA PD,SMYRNA PD,City,GA,2022,55735,61,11,72,12,26,38,73,37,110,1.97
GA1210600,COUNTY BOARD OF EDUCATION DPS AUGUSTA,COUNTY BOARD OF EDUCATION DPS AUGUSTA,Other,GA,2022,0,19,1,20,7,4,11,26,5,31,
IL0690100,JACKSONVILLE PD,JACKSONVILLE PD,City,IL,2022,17731,35,1,36,3,3,6,38,4,42,2.37
WI0411200,SAINT FRANCIS PD,SAINT FRANCIS PD,City,WI,2022,9758,20,0,20,1,1,2,21,1,22,2.25
GA0590500,FRANKLIN SPRINGS PD FRANKLIN SPRINGS,FRANKLIN SPRINGS PD FRANKLIN SPRINGS,City,GA,2022,1125,3,0,3,0,0,0,3,0,3,2.67
IL0200200,FARMER CITY PD,FARMER CITY PD,City,IL,2022,1803,5,0,5,0,0,0,5,0,5,2.77
NH0060000,SO HILLSBOROUGH COUNTY,SO HILLSBOROUGH COUNTY,County,NH,2022,0,21,6,27,0,4,4,21,10,31,
NY0142200,EAST AURORA VILLAGE PD EAST AURORA,EAST AURORA VILLAGE PD EAST AURORA,City,NY,2022,13936,15,3,18,2,1,3,17,4,21,1.51
CT0008100,MIDDLEBURY PD,MIDDLEBURY PD,City,CT,2022,7793,12,1,13,0,1,1,12,2,14,1.80
ND0180400,EMERADO PD,EMERADO PD,City,ND,2022,449,1,0,1,0,0,0,1,0,1,2.23
AL0640600,PARRISH PD,PARRISH PD,City,AL,2022,977,3,0,3,0,0,0,3,0,3,3.07
AR0620100,FORREST CITY PD,FORREST CITY PD,City,AR,2022,12807,25,1,26,5,3,8,30,4,34,2.65
KY0190800,SOUTHGATE PD,SOUTHGATE PD,City,KY,2022,3658,7,0,7,0,0,0,7,0,7,1.91
TN0920400,GREENFIELD PD,GREENFIELD PD,City,TN,2022,2083,5,0,5,1,0,1,6,0,6,2.88
WA0390400,UNION GAP PD,UNION GAP PD,City,WA,2022,6514,16,0,16,1,3,4,17,3,20,3.07
OK0030000,ATOKA,ATOKA,County,OK,2022,10179,12,3,15,0,8,8,12,11,23,2.26
VA0840200,WEBER CITY PD,WEBER CITY PD,City,VA,2022,1228,1,0,1,1,0,1,2,0,2,1.63
UT0110100,CEDAR CITY PD,CEDAR CITY PD,City,UT,2022,39266,40,4,44,2,4,6,42,8,50,1.27
CA0361100,UPLAND PD,UPLAND PD,City,CA,2022,79430,59,14,73,6,43,49,65,57,122,1.54
TN0670000,OVERTON CO SO LIVINGSTON,OVERTON CO SO LIVINGSTON,County,TN,2022,19110,29,16,45,2,13,15,31,29,60,3.14
NB0720000,POLK CO SO OSCEOLA,POLK CO SO OSCEOLA,County,NB,2022,5128,4,0,4,0,1,1,4,1,5,0.98
FL0610200,LIVE OAK PD,LIVE OAK PD,City,FL,2022,6957,12,0,12,2,3,5,14,3,17,2.44
OH0390100,NEW LONDON,NEW LONDON,City,OH,2022,2402,6,0,6,0,0,0,6,0,6,2.50
ME0010000,ANDROSCOGGIN CO SO AUBURN,ANDROSCOGGIN CO SO AUBURN,County,ME,2022,29703,34,1,35,2,2,4,36,3,39,1.31
NC0920700,WAKE FOREST PD,WAKE FOREST PD,City,NC,2022,51385,73,8,81,4,16,20,77,24,101,1.97
VA1070000,DANVILLE PD,DANVILLE PD,City,VA,2022,42111,97,6,103,17,13,30,114,19,133,3.16
NC0100100,OAK ISLAND POLICE DEPARTMENT,OAK ISLAND POLICE DEPARTMENT,City,NC,2022,9272,20,0,20,3,2,5,23,2,25,2.70
KY0760200,RICHMOND PD,RICHMOND PD,City,KY,2022,36698,51,4,55,10,7,17,61,11,72,1.96
NC0810000,RUTHERFORD CO SO RUTHERFORDTON,RUTHERFORD CO SO RUTHERFORDTON,County,NC,2022,48551,75,16,91,5,19,24,80,35,115,2.37
FL0520500,GULFPORT PD,GULFPORT PD,City,FL,2022,11659,20,1,21,5,4,9,25,5,30,2.57
ND0510500,SURREY PD,SURREY PD,City,ND,2022,1343,1,0,1,1,0,1,2,0,2,1.49
OH0041000,ROAMING SHORES VILLAGE,ROAMING SHORES VILLAGE,City,OH,2022,1589,4,0,4,0,0,0,4,0,4,2.52
LA0200600,,,City,LA,2022,262,5,0,5,0,1,1,5,1,6,22.90
MS0260400,,,University or College,MS,2022,0,5,2,7,1,4,5,6,6,12,
KS0380000,HAMILTON CO SO SYRACUSE,HAMILTON CO SO SYRACUSE,County,KS,2022,2477,6,2,8,0,4,4,6,6,12,4.84
OK0200200,WEATHERFORD,WEATHERFORD,City,OK,2022,11891,26,7,33,1,4,5,27,11,38,3.20
AL0110800,JACKSONVILLE ST UNIV CAMPUS PD JACKSONVILLE,JACKSONVILLE ST UNIV CAMPUS PD JACKSONVILLE,University or College,AL,2022,0,15,5,20,2,4,6,17,9,26,
TX0420200,SANTA ANNA PD,SANTA ANNA PD,City,TX,2022,1029,3,0,3,1,0,1,4,0,4,3.89
IA0100000,BUCHANAN CO SO INDEPENDENCE,BUCHANAN CO SO INDEPENDENCE,County,IA,2022,14510,13,6,19,0,14,14,13,20,33,2.27
GA0780000,JACKSON CO SO JEFFERSON,JACKSON CO SO JEFFERSON,County,GA,2022,47877,79,26,105,13,35,48,92,61,153,3.20
AK0011900,SELDOVIA PD,SELDOVIA PD,City,AK,2022,241,1,0,1,0,0,0,1,0,1,4.15
OK0350100,TISHOMINGO,TISHOMINGO,City,OK,2022,2974,7,0,7,1,1,2,8,1,9,3.03
OK0632300,ABSENTEE SHAWNEE TRIBAL,ABSENTEE SHAWNEE TRIBAL,Tribal,OK,2022,0,11,1,12,1,1,2,12,2,14,
MD0050000,CALVERT CO SO PRINCE FREDERICK,CALVERT CO SO PRINCE FREDERICK,County,MD,2022,95112,154,9,163,10,26,36,164,35,199,2.09
TX2461700,LEANDER PD,LEANDER PD,City,TX,2022,73905,51,4,55,12,20,32,63,24,87,1.18
TX0090000,BAILEY CO SO MULESHOE,BAILEY CO SO MULESHOE,County,TX,2022,1786,10,5,15,1,10,11,11,15,26,14.56
MIDI05400,BIA LAW ENF BAY MILLS AGENCY BRIMLEY,BIA LAW ENF BAY MILLS AGENCY BRIMLEY,Tribal,MI,2022,0,7,0,7,1,1,2,8,1,9,
WV0310000,MONONGALIA CO SO MORGANTOWN,MONONGALIA CO SO MORGANTOWN,County,WV,2022,70191,35,36,71,0,15,15,35,51,86,1.23
KS1040000,WOODSON CO SO YATES CENTER,WOODSON CO SO YATES CENTER,County,KS,2022,1779,8,0,8,0,4,4,8,4,12,6.75
WVWSP4600,STATE POLICE SOUTH CHARLESTON,STATE POLICE SOUTH CHARLESTON,State Police,WV,2022,0,15,5,20,2,10,12,17,15,32,
AL0620100,ALEXANDER CITY PD,ALEXANDER CITY PD,City,AL,2022,14476,46,3,49,3,12,15,49,15,64,4.42
VA0740100,PRINCE GEORGE PD,PRINCE GEORGE PD,County,VA,2022,42885,53,1,54,5,25,30,58,26,84,1.96
SC0192600,STATE TRANSPORT POLICE,STATE TRANSPORT POLICE,Other State Agency,SC,2022,0,2,0,2,0,0,0,2,0,2,
IN0451300,DYER PD,DYER PD,City,IN,2022,16351,31,0,31,1,3,4,32,3,35,2.14
VA0930000,WARREN CO SO FRONT ROYAL,WARREN CO SO FRONT ROYAL,County,VA,2022,26010,49,6,55,10,11,21,59,17,76,2.92
WI0470000,PEPIN CO SO DURAND,PEPIN CO SO DURAND,County,WI,2022,4770,15,0,15,5,1,6,20,1,21,4.40
TX2120800,TYLER JUNIOR COLLEGE PD TYLER,TYLER JUNIOR COLLEGE PD TYLER,University or College,TX,2022,0,9,2,11,0,6,6,9,8,17,
WI0260000,IRON CO SO HURLEY,IRON CO SO HURLEY,County,WI,2022,4656,11,6,17,0,5,5,11,11,22,4.73
CT0015700,WESTON PD,WESTON PD,City,CT,2022,10350,18,0,18,0,1,1,18,1,19,1.84
WV0060000,CABELL CO SO HUNTINGTON,CABELL CO SO HUNTINGTON,County,WV,2022,43658,43,1,44,1,3,4,44,4,48,1.10
SC0390500,PICKENS PD,PICKENS PD,City,SC,2022,3365,13,0,13,2,0,2,15,0,15,4.46
NM0130100,EUNICE PD,EUNICE PD,City,NM,2022,2931,8,1,9,2,1,3,10,2,12,4.09
CA0070200,BRENTWOOD PD,BRENTWOOD PD,City,CA,2022,65243,57,6,63,9,25,34,66,31,97,1.49
NC0670000,ONSLOW CO SO JACKSONVILLE,ONSLOW CO SO JACKSONVILLE,County,NC,2022,123793,131,88,219,16,38,54,147,126,273,2.21
NJ0200700,HILLSIDE TWP PD HILLSIDE,HILLSIDE TWP PD HILLSIDE,City,NJ,2022,22026,53,4,57,13,5,18,66,9,75,3.41
NY0308300,METRO NORTH RR PD METRO TRANSIT AUTH NEW YORK,METRO NORTH RR PD METRO TRANSIT AUTH NEW YORK,Other,NY,2022,0,924,14,938,171,42,213,1095,56,1151,
MT0350000,PETROLEUM CO SO WINNETT,PETROLEUM CO SO WINNETT,County,MT,2022,541,2,0,2,0,0,0,2,0,2,3.70
NCWLF0000,WILDLIFE PROTECTION DIV RALEIGH,WILDLIFE PROTECTION DIV RALEIGH,Other State Agency,NC,2022,0,194,0,194,12,13,25,206,13,219,
IL0790600,COULTERVILLE PD,COULTERVILLE PD,City,IL,2022,832,2,0,2,0,0,0,2,0,2,2.40
MD0110000,FREDERICK CO SO FREDERICK,FREDERICK CO SO FREDERICK,County,MD,2022,187906,167,16,183,17,39,56,184,55,239,1.27
MI1611600,CHEBOYGAN CO SO CHEBOYGAN,CHEBOYGAN CO SO CHEBOYGAN,County,MI,2022,17661,21,11,32,0,6,6,21,17,38,2.15
NDDI00200,BU IN AFF LAW ENF FT TOTTEN AGENCY FORT TOTTEN,BU IN AFF LAW ENF FT TOTTEN AGENCY FORT TOTTEN,Tribal,ND,2022,0,4,5,9,3,2,5,7,7,14,
VA0140100,GRUNDY PD,GRUNDY PD,City,VA,2022,805,4,0,4,1,0,1,5,0,5,6.21
TX1600000,MASON CO SO MASON,MASON CO SO MASON,County,TX,2022,3946,8,2,10,0,3,3,8,5,13,3.29
CA0190C00,EL CAMINO COLLEGE PD TORRANCE,EL CAMINO COLLEGE PD TORRANCE,University or College,CA,2022,0,11,1,12,1,4,5,12,5,17,
PA0654400,CO DETECTIVE BU GREENSBURG,CO DETECTIVE BU GREENSBURG,Other,PA,2022,0,13,10,23,2,30,32,15,40,55,
PA0281000,PENN ST UNIV CAMPUS PD MONT ALTO,PENN ST UNIV CAMPUS PD MONT ALTO,University or College,PA,2022,0,5,0,5,0,0,0,5,0,5,
AL0580100,PELL CITY PD,PELL CITY PD,City,AL,2022,13607,34,0,34,1,3,4,35,3,38,2.79
MN0510000,MURRAY CO SO SLAYTON,MURRAY CO SO SLAYTON,County,MN,2022,4753,13,3,16,0,3,3,13,6,19,4.00
MO0262100,DPT SCL SRVCS ST TECH AT,DPT SCL SRVCS ST TECH AT,Other State Agency,MO,2022,0,12,1,13,4,7,11,16,8,24,
SC0160400,SOCIETY HILL PD,SOCIETY HILL PD,City,SC,2022,433,0,0,0,1,0,1,1,0,1,2.31
SD0200400,EAGLE BUTTE PD EAGLE BUTTE,EAGLE BUTTE PD EAGLE BUTTE,City,SD,2022,1260,1,0,1,0,0,0,1,0,1,0.79
MA014689E,CLARK UNIVERSITY CAMPUS POLICE,CLARK UNIVERSITY CAMPUS POLICE,University or College,MA,2022,0,9,2,11,2,1,3,11,3,14,
NB0020000,ANTELOPE CO SO NELIGH,ANTELOPE CO SO NELIGH,County,NB,2022,4483,3,1,4,1,12,13,4,13,17,3.79
AL0120400,VALLEY PD FAIRFAX,VALLEY PD FAIRFAX,City,AL,2022,10475,21,0,21,3,1,4,24,1,25,2.39
LA0130000,CATAHOULA CO SO HARRISONBURG,CATAHOULA CO SO HARRISONBURG,County,LA,2022,8736,19,8,27,3,11,14,22,19,41,4.69
NM0170400,RAMAH NAVAJO PD,RAMAH NAVAJO PD,Tribal,NM,2022,0,5,0,5,2,2,4,7,2,9,
IL099900X,HOMER GLEN,HOMER GLEN,City,IL,2022,24524,19,0,19,3,0,3,22,0,22,0.90
LA0320700,FRENCH SETTLEMENT PD FRENCH,FRENCH SETTLEMENT PD FRENCH,City,LA,2022,1129,4,0,4,0,0,0,4,0,4,3.54
TX0201700,ALVIN COMMUNITY COLLEGE PD,ALVIN COMMUNITY COLLEGE PD,University or College,TX,2022,0,9,0,9,4,1,5,13,1,14,
SC0080400,JAMESTOWN PD,JAMESTOWN PD,City,SC,2022,71,1,0,1,1,1,2,2,1,3,42.25
MI6326200,BLOOMFIELD TWP PD,BLOOMFIELD TWP PD,City,MI,2022,43805,57,2,59,6,16,22,63,18,81,1.85
AR0580100,RUSSELLVILLE PD,RUSSELLVILLE PD,City,AR,2022,29533,55,0,55,4,6,10,59,6,65,2.20
UT0110800,ENOCH POLICE DEPARTMENT,ENOCH POLICE DEPARTMENT,City,UT,2022,8518,7,0,7,0,2,2,7,2,9,1.06
NJ0152800,SHIP BOTTOM PD,SHIP BOTTOM PD,City,NJ,2022,1135,13,2,15,0,0,0,13,2,15,13.22
NC0960000,WAYNE CO SO GOLDSBORO,WAYNE CO SO GOLDSBORO,County,NC,2022,77552,118,50,168,8,37,45,126,87,213,2.75
PA0232000,MARCUS HOOK PD,MARCUS HOOK PD,City,PA,2022,2416,8,0,8,0,1,1,8,1,9,3.73
NJ0130100,ALLENHURST PD,ALLENHURST PD,City,NJ,2022,470,9,2,11,0,0,0,9,2,11,23.40
GA0350300,DOERUN PD,DOERUN PD,City,GA,2022,713,5,0,5,0,1,1,5,1,6,8.42
NJ0135600,BROOKDALE COLLEGE PD LINCROFT,BROOKDALE COLLEGE PD LINCROFT,University or College,NJ,2022,0,11,0,11,1,0,1,12,0,12,
GA1540000,WHITE CO SO CLEVELAND,WHITE CO SO CLEVELAND,County,GA,2022,24805,42,18,60,4,12,16,46,30,76,3.06
NY0220100,WATERTOWN CITY PD WATERTOWN,WATERTOWN CITY PD WATERTOWN,City,NY,2022,24558,53,1,54,8,2,10,61,3,64,2.61
NC0190100,SILER CITY PD,SILER CITY PD,City,NC,2022,7969,12,0,12,0,2,2,12,2,14,1.76
TN0260400,DECHERD PD,DECHERD PD,City,TN,2022,2369,12,0,12,1,1,2,13,1,14,5.91
NY226UN00,SUNY A&T COL:MORRISVILLE,SUNY A&T COL:MORRISVILLE,University or College,NY,2022,0,10,1,11,2,1,3,12,2,14,
MO0070400,RICH HILL,RICH HILL,City,MO,2022,1246,1,0,1,1,0,1,2,0,2,1.61
CA0192500,GLENDALE PD,GLENDALE PD,City,CA,2022,188599,209,34,243,24,71,95,233,105,338,1.79
NJ0134900,SPRING LAKE HEIGHTS PD,SPRING LAKE HEIGHTS PD,City,NJ,2022,4888,14,0,14,1,0,1,15,0,15,3.07
TX1670000,MILLS CO SO GOLDTHWAITE,MILLS CO SO GOLDTHWAITE,County,TX,2022,4548,9,9,18,0,4,4,9,13,22,4.84
TN0430100,WAVERLY PD,WAVERLY PD,City,TN,2022,4342,11,0,11,1,1,2,12,1,13,2.99
TX1170100,BORGER PD,BORGER PD,City,TX,2022,12366,28,0,28,1,2,3,29,2,31,2.51
TN0010100,CLINTON PD,CLINTON PD,City,TN,2022,10050,23,7,30,5,5,10,28,12,40,3.98
GA0471100,,,University or College,GA,2022,0,2,0,2,2,0,2,4,0,4,
SD0540100,SISSETON PD,SISSETON PD,City,SD,2022,2389,4,0,4,1,0,1,5,0,5,2.09
OK0381100,SNYDER,SNYDER,City,OK,2022,1241,2,0,2,0,0,0,2,0,2,1.61
AL0360100,GREENSBORO PD,GREENSBORO PD,City,AL,2022,2179,8,0,8,0,0,0,8,0,8,3.67
IL0680200,LITCHFIELD PD,LITCHFIELD PD,City,IL,2022,6705,15,0,15,0,1,1,15,1,16,2.39
NC0520000,JONES CO SO TRENTON,JONES CO SO TRENTON,County,NC,2022,8563,14,5,19,3,5,8,17,10,27,3.15
AL0520100,DECATUR PD,DECATUR PD,City,AL,2022,57831,101,4,105,11,15,26,112,19,131,2.27
MA0030100,ACUSHNET PD,ACUSHNET PD,City,MA,2022,10612,20,1,21,0,4,4,20,5,25,2.36
TX0202800,SURFSIDE BEACH PD SURFSIDE BEACH,SURFSIDE BEACH PD SURFSIDE BEACH,City,TX,2022,669,8,0,8,0,0,0,8,0,8,11.96
NY301SG00,SP: ALBANY COUNTY,SP: ALBANY COUNTY,State Police,NY,2022,0,4165,324,4489,558,534,1092,4723,858,5581,
SC0080600,HANAHAN PD,HANAHAN PD,City,SC,2022,22320,22,0,22,4,2,6,26,2,28,1.25
NM0030000,CHAVES CO SO ROSWELL,CHAVES CO SO ROSWELL,County,NM,2022,14019,33,7,40,5,2,7,38,9,47,3.35
NB0340000,GAGE CO SO BEATRICE,GAGE CO SO BEATRICE,County,NB,2022,8072,14,0,14,1,3,4,15,3,18,2.23
PA0222800,PENN STATE U CAPITOL CAMPUS PD MIDDLETOWN,PENN STATE U CAPITOL CAMPUS PD MIDDLETOWN,University or College,PA,2022,0,5,0,5,1,0,1,6,0,6,
TX1660200,ROCKDALE PD,ROCKDALE PD,City,TX,2022,5473,8,0,8,3,5,8,11,5,16,2.92
NB0550000,LANCASTER CO SO LINCOLN,LANCASTER CO SO LINCOLN,County,NB,2022,32503,67,13,80,10,17,27,77,30,107,3.29
MO0780500,STEELE,STEELE,City,MO,2022,1747,5,0,5,0,0,0,5,0,5,2.86
MO0240900,PLEASANT VALLEY,PLEASANT VALLEY,City,MO,2022,2733,7,0,7,0,4,4,7,4,11,4.02
MN0821400,OAK PARK HEIGHTS PD,OAK PARK HEIGHTS PD,City,MN,2022,4721,8,0,8,3,1,4,11,1,12,2.54
WV0100400,MOUNT HOPE PD,MOUNT HOPE PD,City,WV,2022,1088,2,0,2,0,1,1,2,1,3,2.76
NC0980100,WILSON PD,WILSON PD,City,NC,2022,47518,82,4,86,27,12,39,109,16,125,2.63
IL0920000,VERMILION CO SO DANVILLE,VERMILION CO SO DANVILLE,County,IL,2022,22628,38,27,65,3,23,26,41,50,91,4.02
MD0240100,BERLIN PD,BERLIN PD,City,MD,2022,5103,10,2,12,1,3,4,11,5,16,3.14
NJ0110600,HOPEWELL TWP PD TITUSVILLE,HOPEWELL TWP PD TITUSVILLE,City,NJ,2022,17339,28,5,33,2,3,5,30,8,38,2.19
UT0290300,SOUTH OGDEN PD,SOUTH OGDEN PD,City,UT,2022,17585,21,0,21,0,5,5,21,5,26,1.48
AZ0149700,ARIZONA WESTERN COLLEGE PD YUMA,ARIZONA WESTERN COLLEGE PD YUMA,University or College,AZ,2022,0,6,0,6,1,4,5,7,4,11,
IN0920100,COLUMBIA CITY PD,COLUMBIA CITY PD,City,IN,2022,10027,20,0,20,1,1,2,21,1,22,2.19
OK0670200,SEMINOLE,SEMINOLE,City,OK,2022,7063,13,0,13,1,1,2,14,1,15,2.12
SC004SP00,HP: ANDERSON COUNTY,HP: ANDERSON COUNTY,State Police,SC,2022,0,41,0,41,1,1,2,42,1,43,
PA0592000,,,Other State Agency,PA,2022,0,3,0,3,0,0,0,3,0,3,
TX0050100,ARCHER CITY POLICE DEPARTMENT,ARCHER CITY POLICE DEPARTMENT,City,TX,2022,1593,2,0,2,0,0,0,2,0,2,1.26
GA0800100,HAZLEHURST PD,HAZLEHURST PD,City,GA,2022,4079,14,0,14,0,2,2,14,2,16,3.92
OR0100300,REEDSPORT,REEDSPORT,City,OR,2022,4346,7,1,8,0,5,5,7,6,13,2.99
NJ0111800,THE COLLEGE OF NEW JERSEY POLICE DEPARTMENT,THE COLLEGE OF NEW JERSEY POLICE DEPARTMENT,University or College,NJ,2022,0,10,15,25,5,2,7,15,17,32,
NH0021600,FREEDOM PD,FREEDOM PD,City,NH,2022,1767,2,0,2,0,0,0,2,0,2,1.13
TX1450100,,,City,TX,2022,1812,3,0,3,0,0,0,3,0,3,1.66
IN0430100,WARSAW PD,WARSAW PD,City,IN,2022,15952,34,2,36,4,4,8,38,6,44,2.76
CO0350200,ESTES PARK,ESTES PARK,City,CO,2022,5839,15,1,16,4,13,17,19,14,33,5.65
WA0174000,WOODINVILLE POLICE DEPARTMENT,WOODINVILLE POLICE DEPARTMENT,City,WA,2022,13357,12,1,13,3,3,6,15,4,19,1.42
CA0070000,CONTRA COSTA CO SO MARTINEZ,CONTRA COSTA CO SO MARTINEZ,County,CA,2022,171315,531,90,621,86,199,285,617,289,906,5.29
GA0090000,BEN HILL CO SO FITZGERALD,BEN HILL CO SO FITZGERALD,County,GA,2022,8262,22,6,28,2,17,19,24,23,47,5.69
MS0480100,ABERDEEN PD,ABERDEEN PD,City,MS,2022,4812,11,0,11,4,6,10,15,6,21,4.36
NY0270000,MONROE CO SHERIFF'S DEPARTMENT ROCHESTER,MONROE CO SHERIFF'S DEPARTMENT ROCHESTER,County,NY,2022,252369,256,21,277,51,31,82,307,52,359,1.42
IN0760300,,,City,IN,2022,2092,3,0,3,0,1,1,3,1,4,1.91
NY0063200,WESTFIELD VILLAGE PD WESTFIELD,WESTFIELD VILLAGE PD WESTFIELD,City,NY,2022,2951,7,0,7,0,0,0,7,0,7,2.37
NJ0031100,EASTAMPTON TWP POLICE DEPARTMENT,EASTAMPTON TWP POLICE DEPARTMENT,City,NJ,2022,6319,17,0,17,3,1,4,20,1,21,3.32
AL0530100,MARION PD,MARION PD,City,AL,2022,3138,4,1,5,0,1,1,4,2,6,1.91
TX2460800,SOUTHWESTERN UNIVERSITY POLICE DEPT,SOUTHWESTERN UNIVERSITY POLICE DEPT,University or College,TX,2022,0,5,0,5,1,1,2,6,1,7,
GA0970000,MADISON CO SO DANIELSVILLE,MADISON CO SO DANIELSVILLE,County,GA,2022,30950,41,12,53,4,29,33,45,41,86,2.78
NY0335000,CAMILLUS TOWN PD CAMILLUS,CAMILLUS TOWN PD CAMILLUS,City,NY,2022,25268,20,0,20,4,2,6,24,2,26,1.03
NY0182300,LEROY VILLAGE PD LEROY,LEROY VILLAGE PD LEROY,City,NY,2022,4263,8,0,8,1,1,2,9,1,10,2.35
CO0200100,ELIZABETH,ELIZABETH,City,CO,2022,2344,7,0,7,2,1,3,9,1,10,4.27
DE0029Z0X,AG: NEW CASTLE COUNTY,AG: NEW CASTLE COUNTY,Other State Agency,DE,2022,0,27,104,131,1,232,233,28,336,364,
MO0090000,BOLLINGER,BOLLINGER,County,MO,2022,9243,13,2,15,0,5,5,13,7,20,2.16
DE002500X,,,Other State Agency,DE,2022,0,12,1,13,12,6,18,24,7,31,
NC0130200,KANNAPOLIS POLICE DEPARTMENT COMMUNICATIONS,KANNAPOLIS POLICE DEPARTMENT COMMUNICATIONS,City,NC,2022,55480,75,3,78,8,19,27,83,22,105,1.89
VA0960500,SAINT PAUL PD,SAINT PAUL PD,City,VA,2022,838,6,0,6,1,0,1,7,0,7,8.35
GA1470100,MONROE PD,MONROE PD,City,GA,2022,15569,42,0,42,6,3,9,48,3,51,3.28
TX227289E,,,University or College,TX,2022,0,69,8,77,11,6,17,80,14,94,
FL0220000,GLADES CO SO MOORE HAVEN,GLADES CO SO MOORE HAVEN,County,FL,2022,12426,26,12,38,1,26,27,27,38,65,5.23
WA0250000,PACIFIC CO SO SOUTH BEND,PACIFIC CO SO SOUTH BEND,County,WA,2022,16650,15,9,24,0,20,20,15,29,44,2.64
WY0040200,SARATOGA PD,SARATOGA PD,City,WY,2022,1766,3,0,3,0,4,4,3,4,7,3.96
OK0161400,,,City,OK,2022,674,1,0,1,2,0,2,3,0,3,4.45
CO0620400,EVANS,EVANS,City,CO,2022,22333,31,3,34,2,3,5,33,6,39,1.75
CADI03900,,,Tribal,CA,2022,0,0,5,5,1,1,2,1,6,7,
TN0330200,EAST RIDGE PD CHATTANOOGA,EAST RIDGE PD CHATTANOOGA,City,TN,2022,21790,40,0,40,2,4,6,42,4,46,2.11
MD0140100,HOWARD COUNTY PD ELLICOTT CITY,HOWARD COUNTY PD ELLICOTT CITY,County,MD,2022,336704,404,57,461,72,154,226,476,211,687,2.04
AZDI06700,HUALAPAI TRIBAL POLICE DEPARTMENT,HUALAPAI TRIBAL POLICE DEPARTMENT,Tribal,AZ,2022,0,16,1,17,1,1,2,17,2,19,
GA0660100,GREENSBORO PD,GREENSBORO PD,City,GA,2022,3662,16,0,16,1,4,5,17,4,21,5.73
ND0510100,KENMARE PD,KENMARE PD,City,ND,2022,912,1,0,1,0,0,0,1,0,1,1.10
MA0110700,DEDHAM PD,DEDHAM PD,City,MA,2022,25324,49,0,49,5,4,9,54,4,58,2.29
GA1130100,BLACKSHEAR PD,BLACKSHEAR PD,City,GA,2022,3572,14,1,15,2,2,4,16,3,19,5.32
CO0130000,CROWLEY,CROWLEY,County,CO,2022,6132,6,0,6,0,7,7,6,7,13,2.12
VA0320000,FLUVANNA CO SO PALMYRA,FLUVANNA CO SO PALMYRA,County,VA,2022,28271,37,7,44,7,11,18,44,18,62,2.19
NY0032000,PORT DICKINSON VILLAGE PD BINGHAMTON,PORT DICKINSON VILLAGE PD BINGHAMTON,City,NY,2022,1697,4,0,4,0,1,1,4,1,5,2.95
SC033SP00,HP: MCCORMICK COUNTY,HP: MCCORMICK COUNTY,State Police,SC,2022,0,3,0,3,0,0,0,3,0,3,
TX1870200,LIVINGSTON PD,LIVINGSTON PD,City,TX,2022,5937,18,1,19,2,7,9,20,8,28,4.72
KS0180200,WINFIELD PD,WINFIELD PD,City,KS,2022,11713,21,4,25,3,1,4,24,5,29,2.48
GA1430000,TWIGGS CO SO JEFFERSONVILLE,TWIGGS CO SO JEFFERSONVILLE,County,GA,2022,7755,23,7,30,0,21,21,23,28,51,6.58
PA0674600,CARROLL TOWNSHIP POLICE DEPARTMENT,CARROLL TOWNSHIP POLICE DEPARTMENT,City,PA,2022,7009,13,0,13,0,0,0,13,0,13,1.85
TX1380200,KNOX CITY PD,KNOX CITY PD,City,TX,2022,1047,3,0,3,0,0,0,3,0,3,2.87
NY0222800,CLAYTON VILLAGE PD CLAYTON,CLAYTON VILLAGE PD CLAYTON,City,NY,2022,1735,6,2,8,0,0,0,6,2,8,4.61
NY0352300,GOSHEN VILLAGE PD GOSHEN,GOSHEN VILLAGE PD GOSHEN,City,NY,2022,5777,20,1,21,0,2,2,20,3,23,3.98
WA0240700,COULEE DAM PD,COULEE DAM PD,City,WA,2022,1241,2,0,2,0,0,0,2,0,2,1.61
PA0180600,WOODWARD TWP PD LOCK HAVEN,WOODWARD TWP PD LOCK HAVEN,City,PA,2022,2465,3,0,3,0,0,0,3,0,3,1.22
TX0320000,CAMP CO SO PITTSBURG,CAMP CO SO PITTSBURG,County,TX,2022,8428,8,2,10,0,8,8,8,10,18,2.14
MA0051100,HAVERHILL PD,HAVERHILL PD,City,MA,2022,67359,91,5,96,17,10,27,108,15,123,1.83
TN0331300,CHATTANOOGA METROPOLITAN AIRPORT AUTHORITY,CHATTANOOGA METROPOLITAN AIRPORT AUTHORITY,Other,TN,2022,0,5,3,8,3,2,5,8,5,13,
OK0661300,ROGERS STATE UNIVERSITY,ROGERS STATE UNIVERSITY,University or College,OK,2022,0,6,0,6,1,0,1,7,0,7,
NJ0025200,RIVER EDGE PD,RIVER EDGE PD,City,NJ,2022,11950,23,1,24,1,2,3,24,3,27,2.26
WA0290300,SEDRO WOOLLEY PD,SEDRO WOOLLEY PD,City,WA,2022,12565,15,0,15,4,5,9,19,5,24,1.91
MD0060300,GREENSBORO PD,GREENSBORO PD,City,MD,2022,1927,3,0,3,0,0,0,3,0,3,1.56
MN0850000,WINONA CO SO WINONA,WINONA CO SO WINONA,County,MN,2022,14141,20,13,33,2,18,20,22,31,53,3.75
TX1130500,GRAPELAND POLICE DEPARTMENT,GRAPELAND POLICE DEPARTMENT,City,TX,2022,1504,5,0,5,0,0,0,5,0,5,3.32
TX2272100,LAGO VISTA PD,LAGO VISTA PD,City,TX,2022,9637,16,0,16,2,5,7,18,5,23,2.39
NC0530000,LEE CO SO SANFORD,LEE CO SO SANFORD,County,NC,2022,32831,68,21,89,11,15,26,79,36,115,3.50
PA0410100,JERSEY SHORE PD JERSEY SHORE,JERSEY SHORE PD JERSEY SHORE,City,PA,2022,7712,12,0,12,1,0,1,13,0,13,1.69
WV0040300,BURNSVILLE PD,BURNSVILLE PD,City,WV,2022,387,2,0,2,0,0,0,2,0,2,5.17
TN0470100,KNOXVILLE PD,KNOXVILLE PD,City,TN,2022,194724,330,33,363,50,65,115,380,98,478,2.45
MN0230100,,,City,MN,2022,2994,5,0,5,0,0,0,5,0,5,1.67
WV0270500,HARTFORD POLICE DEPARTMENT,HARTFORD POLICE DEPARTMENT,City,WV,2022,500,1,0,1,0,0,0,1,0,1,2.00
TN0810200,CUMBERLAND CITY PD CUMBERLAND CITY,CUMBERLAND CITY PD CUMBERLAND CITY,City,TN,2022,315,2,0,2,0,0,0,2,0,2,6.35
AK0012600,FAIRBANKS INTL AIRPORT SECURITY POL FAIRBANKS,FAIRBANKS INTL AIRPORT SECURITY POL FAIRBANKS,Other,AK,2022,0,22,0,22,4,7,11,26,7,33,
MN0731400,ALBANY PD,ALBANY PD,City,MN,2022,2820,4,0,4,1,1,2,5,1,6,2.13
OH0190000,DARKE,DARKE,County,OH,2022,32736,26,14,40,4,17,21,30,31,61,1.86
MD0172800,BOWIE STATE UNIVERISTY POLICE DEPARTMENT,BOWIE STATE UNIVERISTY POLICE DEPARTMENT,University or College,MD,2022,0,12,8,20,1,7,8,13,15,28,
KY0565200,JEFFERSON CTY SCHOOL DIST SEC POLICE LOUISVILLE,JEFFERSON CTY SCHOOL DIST SEC POLICE LOUISVILLE,Other,KY,2022,0,14,10,24,1,7,8,15,17,32,
MS0340100,ELLISVILLE,ELLISVILLE,City,MS,2022,4468,8,0,8,2,2,4,10,2,12,2.69
KSDI05100,IOWA TRIBAL POLICE,IOWA TRIBAL POLICE,Tribal,KS,2022,0,3,0,3,0,1,1,3,1,4,
OK0160400,ELGIN,ELGIN,City,OK,2022,3782,6,0,6,1,0,1,7,0,7,1.85
NV0070100,WINNEMUCCA PD,WINNEMUCCA PD,City,NV,2022,8775,22,0,22,2,5,7,24,5,29,3.30
TN0530000,LOUDON CO SO LOUDON,LOUDON CO SO LOUDON,County,TN,2022,41414,89,0,89,19,4,23,108,4,112,2.70
PA0382100,CO DETECTIVE BU LEBANON,CO DETECTIVE BU LEBANON,Other,PA,2022,0,5,0,5,0,0,0,5,0,5,
CA0390400,RIPON PD,RIPON PD,City,CA,2022,16789,24,3,27,1,11,12,25,14,39,2.32
MS0640200,MENDENHALL PD,MENDENHALL PD,City,MS,2022,2159,5,1,6,0,2,2,5,3,8,3.71
OR018060X,LIQUOR COMM: KLAMATH CTY,LIQUOR COMM: KLAMATH CTY,Other State Agency,OR,2022,0,0,0,0,1,0,1,1,0,1,
AZ0080000,MOHAVE CO SO KINGMAN,MOHAVE CO SO KINGMAN,County,AZ,2022,81370,84,87,171,4,79,83,88,166,254,3.12
MI5944200,GREENVILLE PD,GREENVILLE PD,City,MI,2022,9303,14,0,14,1,2,3,15,2,17,1.83
MA0092000,HOLLISTON PD,HOLLISTON PD,City,MA,2022,14754,23,1,24,1,4,5,24,5,29,1.97
TN0280000,GILES CO SO PULASKI,GILES CO SO PULASKI,County,TN,2022,20196,36,11,47,4,18,22,40,29,69,3.42
TN0760000,SCOTT CO SO HUNTSVILLE,SCOTT CO SO HUNTSVILLE,County,TN,2022,18260,23,19,42,5,21,26,28,40,68,3.72
NY0290900,ROCKVILLE CENTRE VILLAGE PD ROCKVILLE CENTRE,ROCKVILLE CENTRE VILLAGE PD ROCKVILLE CENTRE,City,NY,2022,25703,54,3,57,3,5,8,57,8,65,2.53
NB0140000,CEDAR CO SO HARTINGTON,CEDAR CO SO HARTINGTON,County,NB,2022,6465,5,0,5,0,0,0,5,0,5,0.77
OH0670400,,,City,OH,2022,1009,2,0,2,1,0,1,3,0,3,2.97
IA0500200,COLFAX PD,COLFAX PD,City,IA,2022,2246,2,0,2,2,0,2,4,0,4,1.78
MI8244800,GROSSE POINTE PARK PD,GROSSE POINTE PARK PD,City,MI,2022,11287,29,0,29,1,5,6,30,5,35,3.10
TX0613500,KRUGERVILLE,KRUGERVILLE,City,TX,2022,3962,5,0,5,1,0,1,6,0,6,1.51
IL0164C00,WORTH PD,WORTH PD,City,IL,2022,10507,26,0,26,1,2,3,27,2,29,2.76
NJ0202100,WINFIELD TWP PD LINDEN,WINFIELD TWP PD LINDEN,City,NJ,2022,1395,10,0,10,0,0,0,10,0,10,7.17
IA0230100,CLINTON PD,CLINTON PD,City,IA,2022,24443,43,0,43,4,4,8,47,4,51,2.09
MN0020700,LINO LAKES PD,LINO LAKES PD,City,MN,2022,21997,21,0,21,6,4,10,27,4,31,1.41
NB0650000,NUCKOLLS CO SO NELSON,NUCKOLLS CO SO NELSON,County,NB,2022,2252,5,1,6,0,4,4,5,5,10,4.44
SC0360500,PROSPERITY PD,PROSPERITY PD,City,SC,2022,1206,5,0,5,0,0,0,5,0,5,4.15
NC0860400,DOBSON PD,DOBSON PD,City,NC,2022,1386,10,0,10,0,0,0,10,0,10,7.22
AR0740200,MCCRORY PD,MCCRORY PD,City,AR,2022,1502,5,0,5,0,1,1,5,1,6,3.99
NB0780000,SAUNDERS CO SO WAHOO,SAUNDERS CO SO WAHOO,County,NB,2022,13563,13,2,15,1,7,8,14,9,23,1.70
NH0060200,AMHERST PD,AMHERST PD,City,NH,2022,11876,17,0,17,2,1,3,19,1,20,1.68
AL0150000,CHOCTAW CO SO BUTLER,CHOCTAW CO SO BUTLER,County,AL,2022,9598,7,2,9,0,0,0,7,2,9,0.94
WA0310700,SNOHOMISH PD,SNOHOMISH PD,City,WA,2022,10125,13,1,14,2,1,3,15,2,17,1.68
IL0164B00,THORNTON PD,THORNTON PD,City,IL,2022,2289,9,0,9,1,1,2,10,1,11,4.81
NM0040300,SPRINGER PD,SPRINGER PD,City,NM,2022,945,3,0,3,0,0,0,3,0,3,3.17
AL0070300,WEST BLOCTON PD,WEST BLOCTON PD,City,AL,2022,1236,2,0,2,0,0,0,2,0,2,1.62
AK0014600,BRISTOL BAY BOROUGH PD,BRISTOL BAY BOROUGH PD,City,AK,2022,846,5,0,5,0,6,6,5,6,11,13.00
OR0340700,CORNELIUS,CORNELIUS,City,OR,2022,14107,14,0,14,1,1,2,15,1,16,1.13
OK0720600,BIXBY,BIXBY,City,OK,2022,29690,31,4,35,4,6,10,35,10,45,1.52
GA0430100,BAINBRIDGE PD,BAINBRIDGE PD,City,GA,2022,14112,33,7,40,2,4,6,35,11,46,3.26
NC0960900,ST PARK RANGER CLIFFS OF NEUSES P SEVEN SPRINGS,ST PARK RANGER CLIFFS OF NEUSES P SEVEN SPRINGS,Other State Agency,NC,2022,0,4,0,4,0,0,0,4,0,4,
IL0221600,ROSELLE PD,ROSELLE PD,City,IL,2022,22402,25,2,27,5,8,13,30,10,40,1.79
AR0601700,STATE CAPITOL POLICE LITTLE ROCK,STATE CAPITOL POLICE LITTLE ROCK,Other State Agency,AR,2022,0,26,0,26,3,3,6,29,3,32,
MI4620200,ADRIAN PD,ADRIAN PD,City,MI,2022,20407,25,0,25,4,3,7,29,3,32,1.57
MS0253200,BYRAM,BYRAM,City,MS,2022,12299,23,2,25,4,11,15,27,13,40,3.25
PA0062900,ROBESON TWP PD BIRDSBORO,ROBESON TWP PD BIRDSBORO,City,PA,2022,7650,6,0,6,0,0,0,6,0,6,0.78
NJ0100700,DELAWARE TOWNSHIP POLICE DEPT,DELAWARE TOWNSHIP POLICE DEPT,City,NJ,2022,4589,7,0,7,0,1,1,7,1,8,1.74
MS0110100,PORT GIBSON PD,PORT GIBSON PD,City,MS,2022,1150,8,2,10,1,1,2,9,3,12,10.43
NJ0131300,FAIR HAVEN PD,FAIR HAVEN PD,City,NJ,2022,6156,12,0,12,1,0,1,13,0,13,2.11
OH0571300,VANDALIA,VANDALIA,City,OH,2022,15026,27,1,28,5,10,15,32,11,43,2.86
AL0030600,AL STATE UNIVERSITY POLICE DEPT MONTGOMERY,AL STATE UNIVERSITY POLICE DEPT MONTGOMERY,University or College,AL,2022,0,17,3,20,3,5,8,20,8,28,
NC0780300,RED SPRINGS PD,RED SPRINGS PD,City,NC,2022,3102,10,0,10,5,1,6,15,1,16,5.16
TXDPD0000,DALLAS POLICE DEPARTMENT,DALLAS POLICE DEPARTMENT,City,TX,2022,1286121,2483,183,2666,577,490,1067,3060,673,3733,2.90
NVDI05000,BU IND AFF DIV LAW ENF NEVADA AGENCY STEWART,BU IND AFF DIV LAW ENF NEVADA AGENCY STEWART,Tribal,NV,2022,0,3,1,4,1,0,1,4,1,5,
MN0270500,DEEPHAVEN PD,DEEPHAVEN PD,City,MN,2022,3770,6,0,6,2,1,3,8,1,9,2.39
CTDI00300,BUREAU OF INDIAN AFFAIRS,BUREAU OF INDIAN AFFAIRS,Tribal,CT,2022,0,27,4,31,2,4,6,29,8,37,
KS0190700,PITTSBURG STATE UNIVERSITY POLICE PITTSBURG,PITTSBURG STATE UNIVERSITY POLICE PITTSBURG,University or College,KS,2022,0,11,1,12,0,2,2,11,3,14,
MI0381100,WAYLAND PD,WAYLAND PD,City,MI,2022,4421,4,0,4,1,0,1,5,0,5,1.13
PA0652800,ALLEGHENY TWP PD LEECHBURG,ALLEGHENY TWP PD LEECHBURG,City,PA,2022,8249,10,0,10,1,1,2,11,1,12,1.45
TX0890900,,,Other,TX,2022,0,2,0,2,0,0,0,2,0,2,
MS0410800,SALTILLO POLICE DEPART,SALTILLO POLICE DEPART,City,MS,2022,4900,13,0,13,0,0,0,13,0,13,2.65
MD0010300,FROSTBURG PD,FROSTBURG PD,City,MD,2022,7024,11,0,11,2,5,7,13,5,18,2.56
FL0590700,LAKE MARY PD,LAKE MARY PD,City,FL,2022,16469,34,3,37,9,5,14,43,8,51,3.10
IN0570100,KENDALLVILLE PD,KENDALLVILLE PD,City,IN,2022,10153,17,4,21,2,6,8,19,10,29,2.86
NJ0022100,GARFIELD PD,GARFIELD PD,City,NJ,2022,32351,57,7,64,8,1,9,65,8,73,2.26
FL0590300,LONGWOOD PD,LONGWOOD PD,City,FL,2022,14999,34,0,34,8,5,13,42,5,47,3.13
NH0060400,ANTRIM PD,ANTRIM PD,City,NH,2022,2683,6,1,7,0,1,1,6,2,8,2.98
TN0260500,ESTILL SPRINGS PD,ESTILL SPRINGS PD,City,TN,2022,2266,6,0,6,1,0,1,7,0,7,3.09
UT0180700,UNIVERSITY OF UTAH PD,UNIVERSITY OF UTAH PD,University or College,UT,2022,0,39,1,40,7,3,10,46,4,50,
NC0120300,DREXEL PD,DREXEL PD,City,NC,2022,1757,5,0,5,0,0,0,5,0,5,2.85
MA0143400,NORTHBRIDGE PD,NORTHBRIDGE PD,City,MA,2022,16357,18,3,21,2,5,7,20,8,28,1.71
DE0020700,ELSMERE PD,ELSMERE PD,City,DE,2022,6111,10,0,10,1,1,2,11,1,12,1.96
NM0080000,EDDY CO SO CARLSBAD,EDDY CO SO CARLSBAD,County,NM,2022,14553,50,1,51,4,9,13,54,10,64,4.40
NC0500100,SYLVA PD,SYLVA PD,City,NC,2022,2633,11,0,11,3,1,4,14,1,15,5.70
PA0654900,WASHINGTON TOWNSHIP POLICE DEPARTMENT APOLLO,WASHINGTON TOWNSHIP POLICE DEPARTMENT APOLLO,City,PA,2022,6818,10,0,10,0,0,0,10,0,10,1.47
TX0570400,CARROLLTON PD,CARROLLTON PD,City,TX,2022,133610,139,24,163,22,23,45,161,47,208,1.56
CA0192400,GARDENA PD,GARDENA PD,City,CA,2022,58535,71,5,76,13,18,31,84,23,107,1.83
MO0390200,REPUBLIC,REPUBLIC,City,MO,2022,19481,26,1,27,2,3,5,28,4,32,1.64
OH0482200,TOLEDO METRO PARK DIST,TOLEDO METRO PARK DIST,Other,OH,2022,0,25,0,25,4,0,4,29,0,29,
OK0250500,ELMORE CITY,ELMORE CITY,City,OK,2022,749,1,0,1,0,0,0,1,0,1,1.34
VA0460200,WINDSOR,WINDSOR,City,VA,2022,2876,7,0,7,0,0,0,7,0,7,2.43
MT0500000,TETON CO SO CHOTEAU,TETON CO SO CHOTEAU,County,MT,2022,6296,8,0,8,0,3,3,8,3,11,1.75
TX1430200,,,City,TX,2022,2183,8,0,8,0,0,0,8,0,8,3.66
VA0650300,,,City,VA,2022,295,4,0,4,0,0,0,4,0,4,13.56
SC0261000,U SC COASTAL CAROLINA LAW ENF & SAFETY CONWAY,U SC COASTAL CAROLINA LAW ENF & SAFETY CONWAY,University or College,SC,2022,0,27,4,31,4,9,13,31,13,44,
PA0405500,COUNTY DETECTIVE: LUZERNE COUNTY,COUNTY DETECTIVE: LUZERNE COUNTY,Other,PA,2022,0,16,0,16,0,1,1,16,1,17,
WI0420500,,,City,WI,2022,594,1,0,1,0,0,0,1,0,1,1.68
AZ0130300,COTTONWOOD PD,COTTONWOOD PD,City,AZ,2022,12680,33,11,44,3,16,19,36,27,63,4.97
CO0300000,JEFFERSON,JEFFERSON,County,CO,2022,194514,425,81,506,106,142,248,531,223,754,3.88
IL0400100,NEWTON PD,NEWTON PD,City,IL,2022,2668,6,0,6,1,1,2,7,1,8,3.00
NH0075800,ST OF NH LIQUOR COMMISSION ENFORCE DIV CONCORD,ST OF NH LIQUOR COMMISSION ENFORCE DIV CONCORD,Other State Agency,NH,2022,0,15,3,18,5,10,15,20,13,33,
CA0140100,BISHOP PD,BISHOP PD,City,CA,2022,3817,9,3,12,2,6,8,11,9,20,5.24
OH0050000,ATHENS,ATHENS,County,OH,2022,29101,34,2,36,3,4,7,37,6,43,1.48
PA0365100,MILLERSVILLE UNIVERSITY CAMPUS PD MILLERSVILLE,MILLERSVILLE UNIVERSITY CAMPUS PD MILLERSVILLE,University or College,PA,2022,0,11,1,12,5,1,6,16,2,18,
NY0132500,RED HOOK VILLAGE PD RED HOOK,RED HOOK VILLAGE PD RED HOOK,City,NY,2022,1956,4,0,4,0,0,0,4,0,4,2.04
DE0021700,UNIVERSITY OF DELAWARE POLICE DIV NEWARK,UNIVERSITY OF DELAWARE POLICE DIV NEWARK,University or College,DE,2022,0,41,18,59,10,12,22,51,30,81,
OK0120100,HUGO,HUGO,City,OK,2022,5215,14,2,16,1,5,6,15,7,22,4.22
PA0405000,DALLAS TWP PD DALLAS,DALLAS TWP PD DALLAS,City,PA,2022,9198,12,0,12,1,1,2,13,1,14,1.52
OK0500200,DAVIS,DAVIS,City,OK,2022,2773,9,1,10,2,1,3,11,2,13,4.69
WY0150200,POWELL,POWELL,City,WY,2022,6484,13,1,14,0,5,5,13,6,19,2.93
WV0260400,MCMECHEN PD,MCMECHEN PD,City,WV,2022,1655,2,0,2,0,0,0,2,0,2,1.21
WA0172200,SNOQUALMIE PD,SNOQUALMIE PD,City,WA,2022,13523,20,1,21,2,2,4,22,3,25,1.85
MN0691300,PROCTOR PD,PROCTOR PD,City,MN,2022,3077,7,0,7,0,1,1,7,1,8,2.60
WI0600600,KOHLER PD,KOHLER PD,City,WI,2022,2184,7,0,7,1,1,2,8,1,9,4.12
KS0580000,MARION CO SO MARION,MARION CO SO MARION,County,KS,2022,4961,11,0,11,0,1,1,11,1,12,2.42
NJ0048900,CAMDEN CNTY PROSECUTOR CAMDEN,CAMDEN CNTY PROSECUTOR CAMDEN,Other,NJ,2022,0,113,17,130,72,69,141,185,86,271,
TX1073000,,,Other,TX,2022,0,1,0,1,2,0,2,3,0,3,
MN0280200,HOUSTON PD,HOUSTON PD,City,MN,2022,976,2,0,2,0,0,0,2,0,2,2.05
VT0041000,WILLISTON PD,WILLISTON PD,City,VT,2022,10067,14,1,15,3,3,6,17,4,21,2.09
TX1800000,OLDHAM COUNTY SHERIFFS OFFICE,OLDHAM COUNTY SHERIFFS OFFICE,County,TX,2022,840,6,0,6,0,5,5,6,5,11,13.10
WV0171100,LAW ENF DIV DEPT NATRL RESOURCES BRIDGEPORT,LAW ENF DIV DEPT NATRL RESOURCES BRIDGEPORT,Other State Agency,WV,2022,0,1,0,1,0,0,0,1,0,1,
IL0580900,WARRENSBURG PD,WARRENSBURG PD,City,IL,2022,1075,1,0,1,0,0,0,1,0,1,0.93
SD0420000,LYMAN CO SO KENNEBEC,LYMAN CO SO KENNEBEC,County,SD,2022,3840,4,0,4,0,1,1,4,1,5,1.30
NC0680400,UNC-CHAPEL HILL POLICE CHAPEL HILL,UNC-CHAPEL HILL POLICE CHAPEL HILL,University or College,NC,2022,0,41,25,66,6,23,29,47,48,95,
KSDI05000,KICKAPOO TRIBAL POLICE,KICKAPOO TRIBAL POLICE,Tribal,KS,2022,0,4,0,4,1,0,1,5,0,5,
MI6382700,WIXOM PD,WIXOM PD,City,MI,2022,17186,20,0,20,1,3,4,21,3,24,1.40
CA0420200,LOMPOC PD,LOMPOC PD,City,CA,2022,43363,42,5,47,4,16,20,46,21,67,1.55
OH0200100,DEFIANCE,DEFIANCE,City,OH,2022,16923,29,0,29,2,3,5,31,3,34,2.01
NJ0041500,GLOUCESTER TWP PD BLACKWOOD,GLOUCESTER TWP PD BLACKWOOD,City,NJ,2022,65848,131,5,136,5,22,27,136,27,163,2.48
FL0130800,MIAMI SHORES PD,MIAMI SHORES PD,City,FL,2022,11217,29,3,32,10,4,14,39,7,46,4.10
NY0143000,HAMBURG VILLAGE PD HAMBURG,HAMBURG VILLAGE PD HAMBURG,City,NY,2022,9787,13,0,13,1,1,2,14,1,15,1.53
TX0080200,SEALY PD,SEALY PD,City,TX,2022,6720,19,1,20,2,2,4,21,3,24,3.57
KS0081300,,,Other,KS,2022,0,2,0,2,0,0,0,2,0,2,
ND0460000,STEELE CO SO FINLEY,STEELE CO SO FINLEY,County,ND,2022,1842,3,0,3,0,0,0,3,0,3,1.63
AZDI02300,YAVAPAI PRESCOTT TRIBAL PD,YAVAPAI PRESCOTT TRIBAL PD,Tribal,AZ,2022,0,8,1,9,1,2,3,9,3,12,
NJ0041000,CLEMENTON PD,CLEMENTON PD,City,NJ,2022,5318,14,0,14,2,1,3,16,1,17,3.20
MN0030100,DETROIT LAKES PD,DETROIT LAKES PD,City,MN,2022,9771,16,0,16,1,2,3,17,2,19,1.94
KS0940000,STANTON CO SO JOHNSON,STANTON CO SO JOHNSON,County,KS,2022,2019,6,2,8,0,2,2,6,4,10,4.95
NC0390200,BUTNER PD,BUTNER PD,City,NC,2022,8618,26,4,30,5,5,10,31,9,40,4.64
OH0450100,NEWARK,NEWARK,City,OH,2022,50818,60,1,61,8,10,18,68,11,79,1.55
KS0400400,SEDGWICK PD,SEDGWICK PD,City,KS,2022,1598,2,1,3,0,0,0,2,1,3,1.88
PA0011200,LIBERTY TOWNSHIP POLICE DEPARTMENT FAIRFIELD,LIBERTY TOWNSHIP POLICE DEPARTMENT FAIRFIELD,City,PA,2022,1376,0,0,0,1,0,1,1,0,1,0.73
PA0470100,DANVILLE PD,DANVILLE PD,City,PA,2022,4185,9,0,9,0,1,1,9,1,10,2.39
MSMHP0000,MISSISSPPI HIGHWAY SAFETY PATROL HQ JACKSON,MISSISSPPI HIGHWAY SAFETY PATROL HQ JACKSON,State Police,MS,2022,0,391,31,422,11,60,71,402,91,493,
GA0990800,,,Other State Agency,GA,2022,0,5,0,5,1,0,1,6,0,6,
OR0150200,CENTRAL POINT,CENTRAL POINT,City,OR,2022,19670,24,1,25,3,5,8,27,6,33,1.68
SC020NR00,DNR: FAIRFIELD COUNTY,DNR: FAIRFIELD COUNTY,Other State Agency,SC,2022,0,4,0,4,0,0,0,4,0,4,
WI0520100,BURLINGTON PD,BURLINGTON PD,City,WI,2022,10991,20,0,20,2,1,3,22,1,23,2.09
MA009589E,BENTLEY COLLEGE,BENTLEY COLLEGE,University or College,MA,2022,0,18,7,25,2,3,5,20,10,30,
AR0370300,LEWISVILLE PD,LEWISVILLE PD,City,AR,2022,866,2,0,2,0,0,0,2,0,2,2.31
MNMHP0600,DPS-SP DISTRICT 2600 ST CLOUD,DPS-SP DISTRICT 2600 ST CLOUD,State Police,MN,2022,0,46,0,46,4,4,8,50,4,54,
MI7217200,ROSCOMMON CO SO ROSCOMMON,ROSCOMMON CO SO ROSCOMMON,County,MI,2022,12015,21,9,30,4,5,9,25,14,39,3.25
OH0182200,GLENWILLOW,GLENWILLOW,City,OH,2022,1001,5,0,5,1,0,1,6,0,6,5.99
PA0380800,,,Other State Agency,PA,2022,0,2,0,2,1,0,1,3,0,3,
OR019SP00,SP: LAKE COUNTY,SP: LAKE COUNTY,State Police,OR,2022,0,6,0,6,0,0,0,6,0,6,
PA0610100,FRANKLIN PD,FRANKLIN PD,City,PA,2022,5989,14,1,15,2,3,5,16,4,20,3.34
FL0320100,MARIANNA PD,MARIANNA PD,City,FL,2022,6253,12,1,13,3,6,9,15,7,22,3.52
WI0040400,TOWN OF IRON RIVER,TOWN OF IRON RIVER,City,WI,2022,1258,3,3,6,0,0,0,3,3,6,4.77
NC0740200,FARMVILLE PD,FARMVILLE PD,City,NC,2022,4495,11,1,12,4,4,8,15,5,20,4.45
WI0680900,BUTLER PD,BUTLER PD,City,WI,2022,1765,8,0,8,0,1,1,8,1,9,5.10
WI0681200,MUKWONAGO PD,MUKWONAGO PD,City,WI,2022,8477,14,0,14,1,6,7,15,6,21,2.48
CA0270000,MONTEREY CO SO SALINAS,MONTEREY CO SO SALINAS,County,CA,2022,104248,243,61,304,40,88,128,283,149,432,4.14
NH0083200,HAMPTON FALLS PD,HAMPTON FALLS PD,City,NH,2022,2408,4,0,4,0,0,0,4,0,4,1.66
IL0630400,,,City,IL,2022,462,1,1,2,0,0,0,1,1,2,4.33
TN0580300,JASPER TOWN PD JASPER,JASPER TOWN PD JASPER,City,TN,2022,3626,8,0,8,1,0,1,9,0,9,2.48
AL0510000,MONROE CO SO MONROEVILLE,MONROE CO SO MONROEVILLE,County,AL,2022,12146,16,24,40,0,0,0,16,24,40,3.29
NH0064800,NEW BOSTON PD,NEW BOSTON PD,City,NH,2022,6216,10,0,10,0,1,1,10,1,11,1.77
PA0150300,EASTTOWN TWP POLICE DEPARTMENT DEVON,EASTTOWN TWP POLICE DEPARTMENT DEVON,City,PA,2022,11011,16,0,16,1,1,2,17,1,18,1.63
AL0630800,,,City,AL,2022,2448,8,0,8,0,0,0,8,0,8,3.27
WILEB0100,DEPT NATURAL RESOURCES MADISON,DEPT NATURAL RESOURCES MADISON,Other State Agency,WI,2022,0,183,7,190,23,25,48,206,32,238,
ID0070300,HAILEY PD,HAILEY PD,City,ID,2022,9789,11,0,11,2,1,3,13,1,14,1.43
LA0090400,BLANCHARD PD,BLANCHARD PD,City,LA,2022,3383,8,0,8,0,1,1,8,1,9,2.66
IA0770000,POLK CO SO DES MOINES,POLK CO SO DES MOINES,County,IA,2022,58324,137,247,384,18,112,130,155,359,514,8.81
MS0320100,FAYETTE PD,FAYETTE PD,City,MS,2022,1397,5,2,7,0,3,3,5,5,10,7.16
GA0890100,HINESVILLE PD,HINESVILLE PD,City,GA,2022,35443,64,3,67,7,13,20,71,16,87,2.45
SC0362600,STATE TRANSPORT POLICE,STATE TRANSPORT POLICE,Other State Agency,SC,2022,0,2,0,2,0,0,0,2,0,2,
MN0110000,CASS CO SO WALKER,CASS CO SO WALKER,County,MN,2022,27718,44,14,58,1,14,15,45,28,73,2.63
IL0890100,FREEPORT CITY PD,FREEPORT CITY PD,City,IL,2022,23411,32,4,36,7,14,21,39,18,57,2.43
KY0010000,ADAIR CO SO COLUMBIA,ADAIR CO SO COLUMBIA,County,KY,2022,13987,7,0,7,0,2,2,7,2,9,0.64
NC0600800,UNC-CHARLOTTE POLICE & PUBLIC SAFETY CHARLOTTE,UNC-CHARLOTTE POLICE & PUBLIC SAFETY CHARLOTTE,University or College,NC,2022,0,36,3,39,6,5,11,42,8,50,
IL0470100,PLANO PD,PLANO PD,City,IL,2022,12474,24,0,24,1,1,2,25,1,26,2.08
MO0951600,COUNTRY CLUB HILLS,COUNTRY CLUB HILLS,City,MO,2022,1004,4,0,4,1,0,1,5,0,5,4.98
PA0490400,SHAMOKIN PD,SHAMOKIN PD,City,PA,2022,6874,8,0,8,1,0,1,9,0,9,1.31
PA0280600,WASHINGTON TOWNSHIP POLICE DEPART WAYNESBORO,WASHINGTON TOWNSHIP POLICE DEPART WAYNESBORO,City,PA,2022,15104,11,0,11,0,2,2,11,2,13,0.86
NC0750000,POLK CO SO COLUMBUS,POLK CO SO COLUMBUS,County,NC,2022,16828,29,12,41,5,11,16,34,23,57,3.39
MA0094300,TEWKSBURY PD,TEWKSBURY PD,City,MA,2022,30656,53,29,82,8,11,19,61,40,101,3.29
WA0271800,GIG HARBOR PD,GIG HARBOR PD,City,WA,2022,12301,20,0,20,1,2,3,21,2,23,1.87
MS0670200,DREW PD,DREW PD,City,MS,2022,1742,2,0,2,0,2,2,2,2,4,2.30
SC0012600,STATE TRANSPORT POLICE,STATE TRANSPORT POLICE,Other State Agency,SC,2022,0,1,0,1,0,0,0,1,0,1,
MO0950000,ST. LOUIS COUNTY POL DEP,ST. LOUIS COUNTY POL DEP,County,MO,2022,401135,728,143,871,140,197,337,868,340,1208,3.01
TX0572400,UNIVERSITY PARK PD DALLAS,UNIVERSITY PARK PD DALLAS,City,TX,2022,24918,31,4,35,11,14,25,42,18,60,2.41
WVWSP5300,STATE POLICE WEBSTER SPRINGS,STATE POLICE WEBSTER SPRINGS,State Police,WV,2022,0,5,0,5,0,1,1,5,1,6,
PA0091300,NORTHAMPTON TWP PD RICHBORO,NORTHAMPTON TWP PD RICHBORO,City,PA,2022,39796,41,2,43,3,5,8,44,7,51,1.28
WI0440200,RHINELANDER PD,RHINELANDER PD,City,WI,2022,8341,14,0,14,3,2,5,17,2,19,2.28
VA0240000,CULPEPER CO SO CULPEPER,CULPEPER CO SO CULPEPER,County,VA,2022,33843,80,1,81,18,12,30,98,13,111,3.28
PA0390500,FOUNTAIN HILL PD BETHLEHEM,FOUNTAIN HILL PD BETHLEHEM,City,PA,2022,4838,10,0,10,0,1,1,10,1,11,2.27
OK0250100,LINDSAY,LINDSAY,City,OK,2022,2895,5,0,5,0,6,6,5,6,11,3.80
NY0136500,HYDE PARK TOWN PD HYDE PARK,HYDE PARK TOWN PD HYDE PARK,City,NY,2022,21071,16,1,17,1,3,4,17,4,21,1.00
MN0550100,ROCHESTER PD,ROCHESTER PD,City,MN,2022,121534,130,26,156,14,37,51,144,63,207,1.70
NCNHP0000,NC HP HQTRS RALEIGH,NC HP HQTRS RALEIGH,State Police,NC,2022,0,1501,276,1777,49,232,281,1550,508,2058,
TX0573300,ROWLETT PD,ROWLETT PD,City,TX,2022,65196,80,15,95,20,35,55,100,50,150,2.30
NV0160700,,,Other State Agency,NV,2022,0,13,0,13,5,1,6,18,1,19,
SD0050000,BROOKINGS CO SO BROOKINGS,BROOKINGS CO SO BROOKINGS,County,SD,2022,11448,15,10,25,2,9,11,17,19,36,3.14
OH0771200,STOW,STOW,City,OH,2022,34244,39,2,41,6,6,12,45,8,53,1.55
FL0062800,CORAL SPRINGS PD,CORAL SPRINGS PD,City,FL,2022,131628,181,22,203,39,87,126,220,109,329,2.50
AR0030000,BAXTER CO SO MOUNTAIN HOME,BAXTER CO SO MOUNTAIN HOME,County,AR,2022,25149,37,9,46,4,20,24,41,29,70,2.78
PA0230900,DARBY TWP PD SHARON HILL,DARBY TWP PD SHARON HILL,City,PA,2022,9086,14,0,14,1,1,2,15,1,16,1.76
PA035399E,,,University or College,PA,2022,0,13,5,18,1,5,6,14,10,24,
AL0490500,BRILLIANT PD,BRILLIANT PD,City,AL,2022,831,1,0,1,0,0,0,1,0,1,1.20
WI0460000,OZAUKEE CO SO PORT WASHINGTON,OZAUKEE CO SO PORT WASHINGTON,County,WI,2022,22313,62,9,71,15,22,37,77,31,108,4.84
MI3352800,LESLIE PD,LESLIE PD,City,MI,2022,1929,4,0,4,0,0,0,4,0,4,2.07
OH0320000,HANCOCK,HANCOCK,County,OH,2022,29892,39,30,69,2,31,33,41,61,102,3.41
PAPDH020X,,,Other,PA,2022,0,3,0,3,0,0,0,3,0,3,
WI0200100,FOND DU LAC PD,FOND DU LAC PD,City,WI,2022,44613,52,2,54,14,7,21,66,9,75,1.68
NY0572500,GRANVILLE VILLAGE PD GRANVILLE,GRANVILLE VILLAGE PD GRANVILLE,City,NY,2022,2413,3,0,3,0,0,0,3,0,3,1.24
PA0023900,NORTH VERSAILLES PD,NORTH VERSAILLES PD,City,PA,2022,11549,21,2,23,1,3,4,22,5,27,2.34
TN0350100,BOLIVAR PD,BOLIVAR PD,City,TN,2022,5127,19,1,20,2,1,3,21,2,23,4.49
MS0140100,CLARKSDALE PD,CLARKSDALE PD,City,MS,2022,14081,22,6,28,4,0,4,26,6,32,2.27
VA0840100,GATE CITY PD,GATE CITY PD,City,VA,2022,2015,4,0,4,0,0,0,4,0,4,1.99
WA0171500,BLACK DIAMOND PD,BLACK DIAMOND PD,City,WA,2022,7021,9,0,9,3,2,5,12,2,14,1.99
KS0100000,CHAUTAUQUA CO SO SEDAN,CHAUTAUQUA CO SO SEDAN,County,KS,2022,1928,6,5,11,0,3,3,6,8,14,7.26
KY0300000,DAVIESS CO SO OWENSBORO,DAVIESS CO SO OWENSBORO,County,KY,2022,42933,36,0,36,1,6,7,37,6,43,1.00
GA0250900,BLOOMINGDALE PD,BLOOMINGDALE PD,City,GA,2022,2849,12,0,12,2,5,7,14,5,19,6.67
DE302SP00,SP: NEW CASTLE COUNTY,SP: NEW CASTLE COUNTY,State Police,DE,2022,0,225,13,238,24,16,40,249,29,278,
GA060240X,HRTSFLD-JCKSN ATL INT AP,HRTSFLD-JCKSN ATL INT AP,Other,GA,2022,0,111,1,112,21,4,25,132,5,137,
AR0110100,CORNING PD,CORNING PD,City,AR,2022,3124,5,2,7,1,2,3,6,4,10,3.20
IA0170100,CLEAR LAKE PD,CLEAR LAKE PD,City,IA,2022,7501,12,3,15,0,2,2,12,5,17,2.27
MD0170400,CAPITOL HEIGHTS PD,CAPITOL HEIGHTS PD,City,MD,2022,3946,8,1,9,0,1,1,8,2,10,2.53
MI7578000,THREE RIVERS PD,THREE RIVERS PD,City,MI,2022,7911,15,1,16,0,2,2,15,3,18,2.28
NM0070300,HATCH PD,HATCH PD,City,NM,2022,1554,7,0,7,2,1,3,9,1,10,6.44
AL0210100,EVERGREEN PD,EVERGREEN PD,City,AL,2022,3309,14,1,15,2,4,6,16,5,21,6.35
CA0010800,NEWARK PD,NEWARK PD,City,CA,2022,46861,33,7,40,14,18,32,47,25,72,1.54
OK0632200,CITIZEN POTAWATOMI NATION,CITIZEN POTAWATOMI NATION,Tribal,OK,2022,0,22,2,24,4,8,12,26,10,36,
SC0070000,BEAUFORT CO SO BEAUFORT,BEAUFORT CO SO BEAUFORT,County,SC,2022,134419,163,29,192,25,60,85,188,89,277,2.06
TN0210000,DE KALB CO SO SMITHVILLE,DE KALB CO SO SMITHVILLE,County,TN,2022,14618,38,1,39,10,0,10,48,1,49,3.35
OK0490200,PRYOR,PRYOR,City,OK,2022,9467,27,2,29,3,8,11,30,10,40,4.23
IA0700100,MUSCATINE PD,MUSCATINE PD,City,IA,2022,23237,32,0,32,7,4,11,39,4,43,1.85
FL0481100,FLORIDA DLE FIELD OFFICE ORLANDO,FLORIDA DLE FIELD OFFICE ORLANDO,Other State Agency,FL,2022,0,53,28,81,8,95,103,61,123,184,
CO0310000,KIOWA,KIOWA,County,CO,2022,1452,5,1,6,1,1,2,6,2,8,5.51
SC0340000,MARION CO SO MARION,MARION CO SO MARION,County,SC,2022,18351,30,14,44,6,16,22,36,30,66,3.60
PA0023500,MOON TOWNSHIP POLICE DEPARTMENT MOON TOWNSHIP,MOON TOWNSHIP POLICE DEPARTMENT MOON TOWNSHIP,City,PA,2022,26700,28,4,32,2,4,6,30,8,38,1.42
NJ0088900,GLOUCESTER CNTY PROSECUTOR WOODBURY,GLOUCESTER CNTY PROSECUTOR WOODBURY,Other,NJ,2022,0,28,22,50,6,53,59,34,75,109,
SC007NR00,DNR: BEAUFORT COUNTY,DNR: BEAUFORT COUNTY,Other State Agency,SC,2022,0,8,0,8,1,0,1,9,0,9,
MI3300100,MSP HDQ EAST LANSING,MSP HDQ EAST LANSING,State Police,MI,2022,0,1719,448,2167,169,709,878,1888,1157,3045,
MI3049800,JONESVILLE PD,JONESVILLE PD,City,MI,2022,2151,2,0,2,0,0,0,2,0,2,0.93
WV0120000,GRANT CO SO PETERSBURG,GRANT CO SO PETERSBURG,County,WV,2022,8558,13,1,14,0,0,0,13,1,14,1.64
IL0540300,MOUNT PULASKI PD,MOUNT PULASKI PD,City,IL,2022,1516,2,0,2,0,0,0,2,0,2,1.32
UT0080000,EMERY CO SO CASTLE DALE,EMERY CO SO CASTLE DALE,County,UT,2022,10053,24,4,28,0,8,8,24,12,36,3.58
CA0180100,SUSANVILLE PD,SUSANVILLE PD,City,CA,2022,16493,16,0,16,1,2,3,17,2,19,1.15
OK0730100,WAGONER,WAGONER,City,OK,2022,8071,13,0,13,0,4,4,13,4,17,2.11
VA0380000,GRAYSON CO SO INDEPENDENCE,GRAYSON CO SO INDEPENDENCE,County,VA,2022,14466,25,2,27,1,3,4,26,5,31,2.14
MD0170800,COTTAGE CITY PD BRENTWOOD,COTTAGE CITY PD BRENTWOOD,City,MD,2022,1295,3,1,4,2,1,3,5,2,7,5.41
OH0670500,RAVENNA,RAVENNA,City,OH,2022,11299,22,2,24,1,11,12,23,13,36,3.19
NC0650300,WRIGHTSVILLE BEACH PD,WRIGHTSVILLE BEACH PD,City,NC,2022,2396,16,0,16,5,1,6,21,1,22,9.18
MI1311300,CALHOUN CO SO MARSHALL,CALHOUN CO SO MARSHALL,County,MI,2022,45831,47,90,137,4,38,42,51,128,179,3.91
NV0130700,,,Other State Agency,NV,2022,0,31,0,31,6,0,6,37,0,37,
TX1260100,ALVARADO PD,ALVARADO PD,City,TX,2022,5504,15,0,15,4,5,9,19,5,24,4.36
TX1780200,CORPUS CHRISTI PD,CORPUS CHRISTI PD,City,TX,2022,317694,359,41,400,80,131,211,439,172,611,1.92
NH0064400,MONT VERNON PD,MONT VERNON PD,City,NH,2022,2617,3,0,3,0,1,1,3,1,4,1.53
MS0500100,PHILADELPHIA PD,PHILADELPHIA PD,City,MS,2022,6956,19,1,20,6,3,9,25,4,29,4.17
IL0191100,NOTHERN ILL UNIV PD DE KALB,NOTHERN ILL UNIV PD DE KALB,University or College,IL,2022,0,30,9,39,8,8,16,38,17,55,
CA0010100,ALAMEDA PD,ALAMEDA PD,City,CA,2022,74441,61,6,67,10,28,38,71,34,105,1.41
TX1140000,HOWARD COUNTY SHERIFFS OFFICE,HOWARD COUNTY SHERIFFS OFFICE,County,TX,2022,8419,24,17,41,1,25,26,25,42,67,7.96
MA0071200,LUDLOW PD,LUDLOW PD,City,MA,2022,20971,34,5,39,1,7,8,35,12,47,2.24
MA0062300,SUNDERLAND PD,SUNDERLAND PD,City,MA,2022,3655,5,0,5,1,1,2,6,1,7,1.92
VA1170000,NORFOLK PD,NORFOLK PD,City,VA,2022,233419,443,18,461,47,66,113,490,84,574,2.46
NJ0133300,MONMOUTH BEACH PD,MONMOUTH BEACH PD,City,NJ,2022,3242,11,0,11,1,1,2,12,1,13,4.01
OH0360300,VILLAGE OF LEESBURG,VILLAGE OF LEESBURG,City,OH,2022,1269,3,0,3,1,0,1,4,0,4,3.15
AL0200200,TUSCUMBIA PD,TUSCUMBIA PD,City,AL,2022,9081,19,2,21,2,5,7,21,7,28,3.08
TX1011700,SEABROOK PD,SEABROOK PD,City,TX,2022,13544,24,6,30,3,5,8,27,11,38,2.81
OK0631400,MCLOUD,MCLOUD,City,OK,2022,4265,8,0,8,2,0,2,10,0,10,2.34
FL0131800,NORTH MIAMI PD,NORTH MIAMI PD,City,FL,2022,58502,85,7,92,19,19,38,104,26,130,2.22
WVWSP5500,STATE POLICE WELCH,STATE POLICE WELCH,State Police,WV,2022,0,10,0,10,0,1,1,10,1,11,
ID0370000,OWYHEE CO SO MURPHY,OWYHEE CO SO MURPHY,County,ID,2022,9501,14,6,20,1,11,12,15,17,32,3.37
DE0020300,NEW CASTLE COUNTY PD NEW CASTLE,NEW CASTLE COUNTY PD NEW CASTLE,County,DE,2022,430598,310,43,353,58,48,106,368,91,459,1.07
OH0251600,GROVEPORT,GROVEPORT,City,OH,2022,5820,22,0,22,3,1,4,25,1,26,4.47
KS0010400,LA HARPE PD,LA HARPE PD,City,KS,2022,483,1,0,1,0,0,0,1,0,1,2.07
GA0280300,HOLLY SPRINGS PD,HOLLY SPRINGS PD,City,GA,2022,18511,32,1,33,6,1,7,38,2,40,2.16
NH0090800,FARMINGTON PD,FARMINGTON PD,City,NH,2022,6872,10,0,10,1,1,2,11,1,12,1.75
MN0021300,RAMSEY PD ANOKA,RAMSEY PD ANOKA,City,MN,2022,28562,21,0,21,5,3,8,26,3,29,1.02
MO1070100,BRANSON,BRANSON,City,MO,2022,13021,36,8,44,4,13,17,40,21,61,4.68
TX0190600,WAKE VILLAGE POLICE DEPT,WAKE VILLAGE POLICE DEPT,City,TX,2022,5861,8,0,8,0,1,1,8,1,9,1.54
MA0145000,TEMPLETON PD,TEMPLETON PD,City,MA,2022,8220,9,3,12,0,2,2,9,5,14,1.70
NY0290200,LONG BEACH CITY PD LONG BEACH,LONG BEACH CITY PD LONG BEACH,City,NY,2022,34651,53,7,60,13,10,23,66,17,83,2.40
WI0651100,FONTANA PD,FONTANA PD,City,WI,2022,2777,7,0,7,0,1,1,7,1,8,2.88
ME0151100,PLEASANT POINT POLICE DEPARTMENT,PLEASANT POINT POLICE DEPARTMENT,Tribal,ME,2022,0,6,0,6,0,0,0,6,0,6,
TN0330100,CHATTANOOGA PD,CHATTANOOGA PD,City,TN,2022,182603,415,28,443,48,76,124,463,104,567,3.11
MO0481200,LONE JACK,LONE JACK,City,MO,2022,1578,7,0,7,1,1,2,8,1,9,5.70
TX0700400,ITALY PD,ITALY PD,City,TX,2022,2038,5,0,5,0,1,1,5,1,6,2.94
CT0009900,NORTH BRANFORD PD,NORTH BRANFORD PD,City,CT,2022,13474,21,5,26,2,1,3,23,6,29,2.15
TX1910000,RANDALL CO SO CANYON,RANDALL CO SO CANYON,County,TX,2022,28903,76,67,143,11,49,60,87,116,203,7.02
KY0020100,SCOTTSVILLE PD,SCOTTSVILLE PD,City,KY,2022,4368,18,3,21,0,7,7,18,10,28,6.41
OK0680900,,,City,OK,2022,186,1,0,1,0,1,1,1,1,2,10.75
NC0620500,STAR PD,STAR PD,City,NC,2022,812,2,0,2,0,0,0,2,0,2,2.46
IL0770000,PULASKI CO SO MOUND CITY,PULASKI CO SO MOUND CITY,County,IL,2022,4643,7,0,7,0,0,0,7,0,7,1.51
IL0561300,RICHMOND PD,RICHMOND PD,City,IL,2022,2125,5,0,5,2,0,2,7,0,7,3.29
PA0021600,MONROEVILLE PD,MONROEVILLE PD,City,PA,2022,28046,43,6,49,1,5,6,44,11,55,1.96
MN0200600,,,City,MN,2022,848,1,0,1,0,0,0,1,0,1,1.18
AR0170200,ALMA PD,ALMA PD,City,AR,2022,5874,14,1,15,2,2,4,16,3,19,3.23
GA1340100,MC RAE PD,MC RAE PD,City,GA,2022,5873,11,0,11,0,1,1,11,1,12,2.04
FL0490200,KISSIMMEE PD,KISSIMMEE PD,City,FL,2022,79715,118,24,142,36,59,95,154,83,237,2.97
VA0820700,TIMBERVILLE PD,TIMBERVILLE PD,City,VA,2022,3013,6,0,6,0,0,0,6,0,6,1.99
OR0200500,OAKRIDGE,OAKRIDGE,City,OR,2022,3236,3,0,3,1,1,2,4,1,5,1.55
IL0221800,WAYNE PD,WAYNE PD,City,IL,2022,2240,6,0,6,0,0,0,6,0,6,2.68
KSDI05200,SAC AND FOX TRIBAL POLICE,SAC AND FOX TRIBAL POLICE,Tribal,KS,2022,0,4,0,4,0,1,1,4,1,5,
UT0130000,KANE CO SO KANAB,KANE CO SO KANAB,County,UT,2022,2519,26,18,44,1,8,9,27,26,53,21.04
OH0740600,GREEN SPRINGS,GREEN SPRINGS,City,OH,2022,1227,2,0,2,1,0,1,3,0,3,2.44
IL0165600,KENILWORTH PD,KENILWORTH PD,City,IL,2022,2404,8,0,8,0,1,1,8,1,9,3.74
MO0120000,BUTLER,BUTLER,County,MO,2022,25513,23,16,39,2,12,14,25,28,53,2.08
MA0112200,SHARON PD,SHARON PD,City,MA,2022,18553,27,2,29,2,8,10,29,10,39,2.10
NY0542400,TRUMANSBURG VILLAGE PD TRUMANSBURG,TRUMANSBURG VILLAGE PD TRUMANSBURG,City,NY,2022,1745,1,0,1,1,0,1,2,0,2,1.15
IA0500600,PRAIRIE CITY POLICE DEPARTMENT,PRAIRIE CITY POLICE DEPARTMENT,City,IA,2022,1713,2,0,2,0,0,0,2,0,2,1.17
KY0560500,ANCHORAGE PD,ANCHORAGE PD,City,KY,2022,2470,9,0,9,1,4,5,10,4,14,5.67
VA0920300,RICHLANDS PD,RICHLANDS PD,City,VA,2022,5158,10,1,11,1,2,3,11,3,14,2.71
FL0500400,DELRAY BEACH POLICE DEPARTMENT,DELRAY BEACH POLICE DEPARTMENT,City,FL,2022,66308,123,27,150,26,53,79,149,80,229,3.45
CT0014600,VERNON PD,VERNON PD,City,CT,2022,30584,41,5,46,4,8,12,45,13,58,1.90
NY0323800,YORKVILLE VILLAGE PD YORKVILLE,YORKVILLE VILLAGE PD YORKVILLE,City,NY,2022,2590,3,0,3,0,0,0,3,0,3,1.16
NB0070100,ALLIANCE PD,ALLIANCE PD,City,NB,2022,7807,12,0,12,2,10,12,14,10,24,3.07
WV0410600,LAW ENF DIV DEPT NATRL RESOURCES BRADLEY,LAW ENF DIV DEPT NATRL RESOURCES BRADLEY,Other State Agency,WV,2022,0,5,0,5,0,1,1,5,1,6,
FL0132700,MEDLEY PD,MEDLEY PD,City,FL,2022,1018,33,3,36,8,5,13,41,8,49,48.13
AZ0040500,MIAMI PD,MIAMI PD,City,AZ,2022,1540,4,0,4,0,1,1,4,1,5,3.25
TN0820300,BLUFF CITY PD,BLUFF CITY PD,City,TN,2022,1820,8,0,8,0,0,0,8,0,8,4.40
NJ0161200,TOTOWA PD,TOTOWA PD,City,NJ,2022,10813,27,4,31,1,1,2,28,5,33,3.05
NC0570100,FRANKLIN PD,FRANKLIN PD,City,NC,2022,4289,10,0,10,3,1,4,13,1,14,3.26
PA0490500,SUNBURY PD,SUNBURY PD,City,PA,2022,9624,9,1,10,1,0,1,10,1,11,1.14
MI8180500,,,University or College,MI,2022,0,5,3,8,1,4,5,6,7,13,
TX1610000,MATAGORDA CO SO BAY CITY,MATAGORDA CO SO BAY CITY,County,TX,2022,14417,25,12,37,8,27,35,33,39,72,4.99
ORDI01400,GRAND RONDE TRIBAL,GRAND RONDE TRIBAL,Tribal,OR,2022,0,13,0,13,0,1,1,13,1,14,
NB0190000,COLFAX CO SO SCHUYLER,COLFAX CO SO SCHUYLER,County,NB,2022,3984,7,4,11,3,6,9,10,10,20,5.02
NY0522200,MONTICELLO VILLAGE PD MONTICELLO,MONTICELLO VILLAGE PD MONTICELLO,City,NY,2022,7386,17,0,17,0,3,3,17,3,20,2.71
IL0162B00,STREAMWOOD PD,STREAMWOOD PD,City,IL,2022,37923,50,3,53,7,9,16,57,12,69,1.82
WA0100000,FERRY CO SO REPUBLIC,FERRY CO SO REPUBLIC,County,WA,2022,7394,8,8,16,0,7,7,8,15,23,3.11
IL0849700,DEPT SP BU MNGMNT INFO ISP COMMAND CENTER,DEPT SP BU MNGMNT INFO ISP COMMAND CENTER,State Police,IL,2022,0,1580,542,2122,176,621,797,1756,1163,2919,
MO0030300,TARKIO,TARKIO,City,MO,2022,1473,3,0,3,0,0,0,3,0,3,2.04
AL0581200,ARGO POLICE DEPARTMENT,ARGO POLICE DEPARTMENT,City,AL,2022,4421,8,0,8,0,0,0,8,0,8,1.81
MN0270200,BROOKLYN CENTER PD,BROOKLYN CENTER PD,City,MN,2022,32094,34,4,38,3,5,8,37,9,46,1.43
NJ0130400,COLTS NECK TWP PD COLTS NECK,COLTS NECK TWP PD COLTS NECK,City,NJ,2022,9967,24,0,24,1,2,3,25,2,27,2.71
NY0062900,FREDONIA VILLAGE PD FREDONIA,FREDONIA VILLAGE PD FREDONIA,City,NY,2022,9763,14,3,17,2,1,3,16,4,20,2.05
MO0460000,HOWELL,HOWELL,County,MO,2022,23168,29,14,43,1,5,6,30,19,49,2.11
FL0521700,INDIAN SHORES POLICE DEPARTMENT,INDIAN SHORES POLICE DEPARTMENT,City,FL,2022,3357,11,0,11,1,2,3,12,2,14,4.17
VA0960600,WISE PD,WISE PD,City,VA,2022,2884,10,0,10,1,1,2,11,1,12,4.16
IN0140000,DAVIESS CO SO WASHINGTON,DAVIESS CO SO WASHINGTON,County,IN,2022,21343,24,25,49,0,10,10,24,35,59,2.76
NJ0111900,HUMAN SERVICES POLICE TRENTON,HUMAN SERVICES POLICE TRENTON,Other State Agency,NJ,2022,0,60,11,71,3,3,6,63,14,77,
KS0700100,OSAGE CITY PD,OSAGE CITY PD,City,KS,2022,2840,6,0,6,1,0,1,7,0,7,2.46
OK0381400,MOUNTAIN VIEW,MOUNTAIN VIEW,City,OK,2022,729,2,0,2,0,0,0,2,0,2,2.74
IL0950300,OKAWVILLE PD,OKAWVILLE PD,City,IL,2022,1357,2,0,2,0,0,0,2,0,2,1.47
TN0500300,ST JOSEPH PD,ST JOSEPH PD,City,TN,2022,814,1,1,2,0,0,0,1,1,2,2.46
GA1460000,WALKER CO SO LAFAYETTE,WALKER CO SO LAFAYETTE,County,GA,2022,53291,59,32,91,6,13,19,65,45,110,2.06
IL0163300,EVERGREEN PARK PD,EVERGREEN PARK PD,City,IL,2022,19103,54,11,65,5,8,13,59,19,78,4.08
WV0500100,CEREDO PD,CEREDO PD,City,WV,2022,1372,6,0,6,0,0,0,6,0,6,4.37
OH0060200,WAPAKONETA,WAPAKONETA,City,OH,2022,9742,17,1,18,1,4,5,18,5,23,2.36
TX1440000,LEE CO SO GIDDINGS,LEE CO SO GIDDINGS,County,TX,2022,11633,16,12,28,1,15,16,17,27,44,3.78
WV0350000,OHIO,OHIO,County,WV,2022,10173,28,4,32,2,2,4,30,6,36,3.54
WV0410500,RHODELL PD,RHODELL PD,City,WV,2022,135,1,0,1,0,1,1,1,1,2,14.81
NC0650600,,,Other,NC,2022,0,5,1,6,1,0,1,6,1,7,
NC092339E,ST AUGUSTINE'S COLLEGE DEPT OF PUBLIC SAFETY,ST AUGUSTINE'S COLLEGE DEPT OF PUBLIC SAFETY,University or College,NC,2022,0,4,4,8,0,4,4,4,8,12,
CA0070600,HERCULES PD,HERCULES PD,City,CA,2022,26157,22,1,23,4,5,9,26,6,32,1.22
TX0980000,HANSFORD COUNTY SHERIFFS OFFICE,HANSFORD COUNTY SHERIFFS OFFICE,County,TX,2022,2061,7,2,9,0,4,4,7,6,13,6.31
TN0280300,ARDMORE PD,ARDMORE PD,City,TN,2022,1212,6,3,9,0,0,0,6,3,9,7.43
CA0200000,MADERA CO SO MADERA,MADERA CO SO MADERA,County,CA,2022,73841,96,69,165,14,66,80,110,135,245,3.32
CA0411900,BROADMOOR PD,BROADMOOR PD,City,CA,2022,4136,8,0,8,1,1,2,9,1,10,2.42
ID0410000,TETON CO SO DRIGGS,TETON CO SO DRIGGS,County,ID,2022,12717,10,2,12,1,5,6,11,7,18,1.42
NC0140000,CALDWELL CO SO LENOIR,CALDWELL CO SO LENOIR,County,NC,2022,53478,82,20,102,5,27,32,87,47,134,2.51
WADI06700,CHEHALIS TRIBAL LAW ENFORCEMENT,CHEHALIS TRIBAL LAW ENFORCEMENT,Tribal,WA,2022,0,13,9,22,2,9,11,15,18,33,
TX0702200,,,City,TX,2022,945,4,0,4,0,0,0,4,0,4,4.23
FL0132100,WEST MIAMI PD,WEST MIAMI PD,City,FL,2022,6911,21,3,24,2,2,4,23,5,28,4.05
LA0280100,BROUSSARD PD,BROUSSARD PD,City,LA,2022,14103,32,0,32,2,3,5,34,3,37,2.62
KS0910000,SHERMAN CO SO GOODLAND,SHERMAN CO SO GOODLAND,County,KS,2022,1457,5,4,9,1,2,3,6,6,12,8.24
PA0102200,JACKSON TWP PD ZELIENOPLE,JACKSON TWP PD ZELIENOPLE,City,PA,2022,5516,10,0,10,1,1,2,11,1,12,2.18
TX2207200,,,Other,TX,2022,0,9,1,10,4,1,5,13,2,15,
WV0340000,NICHOLAS CO SO SUMMERSVILLE,NICHOLAS CO SO SUMMERSVILLE,County,WV,2022,19073,19,1,20,0,2,2,19,3,22,1.15
NY0590700,YONKERS CITY PD YONKERS,YONKERS CITY PD YONKERS,City,NY,2022,208100,524,36,560,96,47,143,620,83,703,3.38
SD0130000,CLAY CO SO VERMILLION,CLAY CO SO VERMILLION,County,SD,2022,3478,8,4,12,1,4,5,9,8,17,4.89
TX0141800,VILLAGE OF SALADO POLICE DEPARTMENT,VILLAGE OF SALADO POLICE DEPARTMENT,City,TX,2022,2395,5,0,5,3,0,3,8,0,8,3.34
TX2250000,TITUS CO SO MOUNT PLEASANT,TITUS CO SO MOUNT PLEASANT,County,TX,2022,15245,18,26,44,6,14,20,24,40,64,4.20
TX0940600,CIBOLO PD CIBOLO,CIBOLO PD CIBOLO,City,TX,2022,34159,34,3,37,3,3,6,37,6,43,1.26
AL0050700,SILVERHILL PD,SILVERHILL PD,City,AL,2022,1341,7,0,7,2,1,3,9,1,10,7.46
IL0601200,MARYVILLE PD,MARYVILLE PD,City,IL,2022,8194,14,0,14,2,1,3,16,1,17,2.07
SD0510300,BOX ELDER PD BOX ELDER,BOX ELDER PD BOX ELDER,City,SD,2022,12710,18,0,18,3,1,4,21,1,22,1.73
TX0690000,EDWARDS CO SO ROCKSPRINGS,EDWARDS CO SO ROCKSPRINGS,County,TX,2022,1471,5,4,9,2,4,6,7,8,15,10.20
NC0110000,BUNCOMBE CO SO ASHEVILLE,BUNCOMBE CO SO ASHEVILLE,County,NC,2022,157498,178,8,186,32,37,69,210,45,255,1.62
AL0011200,HOOVER PD,HOOVER PD,City,AL,2022,92491,157,26,183,13,10,23,170,36,206,2.23
ID0210000,FRANKLIN CO SO PRESTON,FRANKLIN CO SO PRESTON,County,ID,2022,9013,10,2,12,0,4,4,10,6,16,1.78
GA1350100,DAWSON PD,DAWSON PD,City,GA,2022,4229,6,2,8,1,3,4,7,5,12,2.84
KS0030100,ATCHISON PD,ATCHISON PD,City,KS,2022,10650,21,0,21,3,1,4,24,1,25,2.35
WA0150300,LANGLEY PD,LANGLEY PD,City,WA,2022,1155,3,0,3,0,0,0,3,0,3,2.60
MN0310000,ITASCA CO SO GRAND RAPIDS,ITASCA CO SO GRAND RAPIDS,County,MN,2022,28220,28,23,51,0,17,17,28,40,68,2.41
TX0930100,NAVASOTA PD,NAVASOTA PD,City,TX,2022,8459,20,0,20,2,10,12,22,10,32,3.78
MN0430400,LESTER PRAIRIE PD,LESTER PRAIRIE PD,City,MN,2022,1904,2,0,2,1,0,1,3,0,3,1.58
FL0430100,STUART PD,STUART PD,City,FL,2022,17663,41,1,42,5,15,20,46,16,62,3.51
ME0161300,SOUTH BERWICK PD,SOUTH BERWICK PD,City,ME,2022,7653,10,0,10,0,1,1,10,1,11,1.44
CT0004500,EAST LYME,EAST LYME,City,CT,2022,18984,23,5,28,5,4,9,28,9,37,1.95
PA0061400,READING PD,READING PD,City,PA,2022,97698,145,7,152,13,19,32,158,26,184,1.88
TX0080100,BELLVILLE PD,BELLVILLE PD,City,TX,2022,4066,10,0,10,1,1,2,11,1,12,2.95
CA0450100,ANDERSON PD,ANDERSON PD,City,CA,2022,11447,22,1,23,1,8,9,23,9,32,2.80
OH0260100,ARCHBOLD,ARCHBOLD,City,OH,2022,4484,10,0,10,1,1,2,11,1,12,2.68
AR0340000,JACKSON CO SO NEWPORT,JACKSON CO SO NEWPORT,County,AR,2022,5280,11,6,17,1,17,18,12,23,35,6.63
WV0030100,MADISON PD,MADISON PD,City,WV,2022,2779,3,0,3,0,0,0,3,0,3,1.08
CA0230000,MENDOCINO CO SO UKIAH,MENDOCINO CO SO UKIAH,County,CA,2022,62663,93,11,104,11,37,48,104,48,152,2.43
NB0110000,BURT CO SO TEKAMAH,BURT CO SO TEKAMAH,County,NB,2022,2408,7,0,7,1,6,7,8,6,14,5.81
TX2430000,WICHITA,WICHITA,County,TX,2022,8103,59,83,142,7,44,51,66,127,193,23.82
PA0370600,NEW WILMINGTON PD,NEW WILMINGTON PD,City,PA,2022,2085,5,0,5,0,0,0,5,0,5,2.40
SC0320200,CAYCE PD,CAYCE PD,City,SC,2022,13710,47,5,52,5,9,14,52,14,66,4.81
GA1380100,LYONS,LYONS,City,GA,2022,4175,14,0,14,2,3,5,16,3,19,4.55
NJ0041300,GIBBSBORO PD,GIBBSBORO PD,City,NJ,2022,2208,9,0,9,0,1,1,9,1,10,4.53
SC0340100,MARION PD,MARION PD,City,SC,2022,6232,14,1,15,2,3,5,16,4,20,3.21
MI4457800,METAMORA PD,METAMORA PD,City,MI,2022,4438,5,0,5,0,0,0,5,0,5,1.13
AZ0090000,NAVAJO CO SO HOLBROOK,NAVAJO CO SO HOLBROOK,County,AZ,2022,68223,50,39,89,4,46,50,54,85,139,2.04
VA0530300,PURCELLVILLE PD,PURCELLVILLE PD,City,VA,2022,9103,13,0,13,2,2,4,15,2,17,1.87
MI2539800,FLINT PD,FLINT PD,City,MI,2022,80059,71,12,83,25,22,47,96,34,130,1.62
NC0360400,DALLAS PD,DALLAS PD,City,NC,2022,6086,14,0,14,2,2,4,16,2,18,2.96
TN0900000,WASHINGTON CO SO JONESBORO,WASHINGTON CO SO JONESBORO,County,TN,2022,59924,82,90,172,15,55,70,97,145,242,4.04
AL0180200,RANBURNE PD,RANBURNE PD,City,AL,2022,420,2,0,2,1,0,1,3,0,3,7.14
LA0290000,LAFOURCHE CO SO THIBODAUX,LAFOURCHE CO SO THIBODAUX,County,LA,2022,77976,150,7,157,83,40,123,233,47,280,3.59
NJ0020500,CARLSTADT PD,CARLSTADT PD,City,NJ,2022,6316,23,2,25,1,3,4,24,5,29,4.59
NM0310100,CLAYTON PD,CLAYTON PD,City,NM,2022,2779,4,2,6,1,6,7,5,8,13,4.68
SC0060100,BARNWELL PD,BARNWELL PD,City,SC,2022,4468,13,0,13,1,2,3,14,2,16,3.58
LA0400200,PINEVILLE PD,PINEVILLE PD,City,LA,2022,14407,52,1,53,12,7,19,64,8,72,5.00
PA0061800,SPRING TOWNSHIP POLICE DEPART SINKING SPRING,SPRING TOWNSHIP POLICE DEPART SINKING SPRING,City,PA,2022,28431,29,0,29,1,1,2,30,1,31,1.09
ND0260000,MCINTOSH CO SO ASHLEY,MCINTOSH CO SO ASHLEY,County,ND,2022,1688,3,0,3,0,0,0,3,0,3,1.78
NJNPIPP00,PALISADES INTERSTATE PKWY PD NJ SECTION ALPINE,PALISADES INTERSTATE PKWY PD NJ SECTION ALPINE,Other State Agency,NJ,2022,0,30,1,31,3,0,3,33,1,34,
WA0060200,CAMAS PD,CAMAS PD,City,WA,2022,27653,25,1,26,4,4,8,29,5,34,1.23
SD0330400,TRIPP PD,TRIPP PD,City,SD,2022,562,1,0,1,0,0,0,1,0,1,1.78
WI0540000,ROCK CO SO JANESVILLE,ROCK CO SO JANESVILLE,County,WI,2022,26173,91,62,153,11,38,49,102,100,202,7.72
PA0191400,HEMLOCK TWP PD BLOOMSBURG,HEMLOCK TWP PD BLOOMSBURG,City,PA,2022,4792,9,0,9,0,0,0,9,0,9,1.88
TX1960100,REFUGIO PD,REFUGIO PD,City,TX,2022,2866,6,0,6,3,1,4,9,1,10,3.49
AL0080200,BLOUNTSVILLE PD,BLOUNTSVILLE PD,City,AL,2022,1825,3,2,5,0,0,0,3,2,5,2.74
IL1011000,DURAND PD,DURAND PD,City,IL,2022,1387,1,0,1,0,0,0,1,0,1,0.72
UT0110300,PAROWAN PD,PAROWAN PD,City,UT,2022,3230,4,0,4,1,1,2,5,1,6,1.86
AL0580300,RAGLAND CITY PD,RAGLAND CITY PD,City,AL,2022,1715,5,0,5,0,1,1,5,1,6,3.50
WI0630100,,,City,WI,2022,720,1,0,1,0,0,0,1,0,1,1.39
AL0610300,CHILDERSBURG PD,CHILDERSBURG PD,City,AL,2022,4631,14,1,15,0,1,1,14,2,16,3.45
MS0200100,LUCEDALE PD,LUCEDALE PD,City,MS,2022,2981,12,0,12,3,6,9,15,6,21,7.04
VA1220500,DEPT OF GAME/INLAND FISHERIES ENF DIV RICHMOND,DEPT OF GAME/INLAND FISHERIES ENF DIV RICHMOND,Other State Agency,VA,2022,0,134,4,138,13,14,27,147,18,165,
IL0720700,PEORIA PD,PEORIA PD,City,IL,2022,110551,173,9,182,23,18,41,196,27,223,2.02
OK0370700,OKARCHE,OKARCHE,City,OK,2022,1163,6,0,6,0,1,1,6,1,7,6.02
CT0009400,NEWINGTON PD,NEWINGTON PD,City,CT,2022,30277,39,7,46,8,8,16,47,15,62,2.05
PA0020J00,SOUTH FAYETTE TWP PD MORGAN,SOUTH FAYETTE TWP PD MORGAN,City,PA,2022,18476,21,0,21,2,1,3,23,1,24,1.30
TN0260300,COWAN PD,COWAN PD,City,TN,2022,1779,4,0,4,0,0,0,4,0,4,2.25
WA0310000,SNOHOMISH CO SO EVERETT,SNOHOMISH CO SO EVERETT,County,WA,2022,371185,268,11,279,26,56,82,294,67,361,0.97
NH0050400,ASHLAND PD,ASHLAND PD,City,NH,2022,1969,5,0,5,0,0,0,5,0,5,2.54
LADI00600,COUSHATTA TRIBAL POLICE DEPARTMENT,COUSHATTA TRIBAL POLICE DEPARTMENT,Tribal,LA,2022,0,14,0,14,2,7,9,16,7,23,
MN0760000,SWIFT CO SO BENSON,SWIFT CO SO BENSON,County,MN,2022,5003,10,3,13,0,6,6,10,9,19,3.80
MA0053100,SWAMPSCOTT PD,SWAMPSCOTT PD,City,MA,2022,15268,27,0,27,2,1,3,29,1,30,1.96
VA0630000,NEW KENT CO SO NEW KENT,NEW KENT CO SO NEW KENT,County,VA,2022,24822,34,3,37,10,15,25,44,18,62,2.50
NJ0071800,ROSELAND PD,ROSELAND PD,City,NJ,2022,6149,21,1,22,1,0,1,22,1,23,3.74
WI0670300,KEWASKUM PD,KEWASKUM PD,City,WI,2022,4429,7,0,7,1,0,1,8,0,8,1.81
IL0822400,FAIRVIEW HEIGHTS PD,FAIRVIEW HEIGHTS PD,City,IL,2022,16270,40,0,40,5,3,8,45,3,48,2.95
MA0052600,ROCKPORT PD,ROCKPORT PD,City,MA,2022,6961,17,2,19,1,2,3,18,4,22,3.16
AL0040100,PRATTVILLE PD,PRATTVILLE PD,City,AL,2022,38679,76,1,77,4,4,8,80,5,85,2.20
UT0060200,CLEARFIELD PD,CLEARFIELD PD,City,UT,2022,32586,27,1,28,3,12,15,30,13,43,1.32
OH0550600,COVINGTON,COVINGTON,City,OH,2022,2576,6,1,7,0,0,0,6,1,7,2.72
PA0464100,HATFIELD TWP PD HATFIELD,HATFIELD TWP PD HATFIELD,City,PA,2022,22227,25,1,26,4,1,5,29,2,31,1.39
PA0066500,SPR: FRENCH CREEK,SPR: FRENCH CREEK,Other State Agency,PA,2022,0,3,0,3,3,0,3,6,0,6,
GA0750300,HAMPTON PD,HAMPTON PD,City,GA,2022,8308,15,0,15,4,2,6,19,2,21,2.53
LA0400100,ALEXANDRIA PD,ALEXANDRIA PD,City,LA,2022,44349,101,3,104,13,29,42,114,32,146,3.29
OH0091700,MIAMI UNIVERSITY,MIAMI UNIVERSITY,University or College,OH,2022,0,19,3,22,5,6,11,24,9,33,
NM0260000,SANTA FE CO SO SANTA FE,SANTA FE CO SO SANTA FE,County,NM,2022,57168,69,7,76,7,18,25,76,25,101,1.77
TX0311400,TEXAS STATE TECHNICAL COLLEGE PD HARLINGEN,TEXAS STATE TECHNICAL COLLEGE PD HARLINGEN,University or College,TX,2022,0,7,0,7,2,2,4,9,2,11,
FL0140100,ARCADIA PD,ARCADIA PD,City,FL,2022,7588,15,0,15,3,4,7,18,4,22,2.90
GA1370200,OMEGA PD,OMEGA PD,City,GA,2022,1289,4,0,4,1,0,1,5,0,5,3.88
KY0060100,OWINGSVILLE PD,OWINGSVILLE PD,City,KY,2022,1587,5,0,5,0,0,0,5,0,5,3.15
TX0613900,NORTHLAKE POLICE DEPARTMENT,NORTHLAKE POLICE DEPARTMENT,City,TX,2022,8513,18,1,19,3,1,4,21,2,23,2.70
TX0614500,,,Other,TX,2022,0,4,0,4,1,0,1,5,0,5,
TX0310500,LOS FRESNOS PD,LOS FRESNOS PD,City,TX,2022,8164,21,0,21,5,0,5,26,0,26,3.18
WA0340100,OLYMPIA PD,OLYMPIA PD,City,WA,2022,56214,56,18,74,12,21,33,68,39,107,1.90
NJ0182100,WATCHUNG PD,WATCHUNG PD,City,NJ,2022,6468,26,4,30,2,2,4,28,6,34,5.26
MO0392100,,,Other,MO,2022,0,2,0,2,1,0,1,3,0,3,
TX1100400,SOUTH PLAINS COLLEGE AT LEVELLAND POLICE DEPT,SOUTH PLAINS COLLEGE AT LEVELLAND POLICE DEPT,University or College,TX,2022,0,6,0,6,0,0,0,6,0,6,
OH0572500,GERMAN TOWNSHIP,GERMAN TOWNSHIP,City,OH,2022,2924,6,0,6,0,1,1,6,1,7,2.39
KS0590100,MARYSVILLE PD,MARYSVILLE PD,City,KS,2022,3405,6,0,6,2,1,3,8,1,9,2.64
NY0022800,WELLSVILLE VILLAGE PD WELLSVILLE,WELLSVILLE VILLAGE PD WELLSVILLE,City,NY,2022,4595,11,1,12,0,0,0,11,1,12,2.61
PA0440100,MIFFLIN COUNTY REGIONAL POLICE DEPARTMENT,MIFFLIN COUNTY REGIONAL POLICE DEPARTMENT,City,PA,2022,21093,14,0,14,1,0,1,15,0,15,0.71
AR0050000,BOONE CO SO HARRISON,BOONE CO SO HARRISON,County,AR,2022,23960,29,14,43,1,15,16,30,29,59,2.46
OH0550000,MIAMI,MIAMI,County,OH,2022,39104,52,34,86,4,26,30,56,60,116,2.97
ME0130000,SOMERSET CO SO SKOWHEGAN,SOMERSET CO SO SKOWHEGAN,County,ME,2022,31886,21,0,21,2,3,5,23,3,26,0.82
MO0200000,CEDAR,CEDAR,County,MO,2022,11209,12,8,20,1,7,8,13,15,28,2.50
KS1030100,FREDONIA PD,FREDONIA PD,City,KS,2022,2090,5,0,5,0,1,1,5,1,6,2.87
GA1390000,TOWNS CO SO HIAWASSEE,TOWNS CO SO HIAWASSEE,County,GA,2022,12217,18,12,30,1,10,11,19,22,41,3.36
PA0050000,BEDFORD CO SO BEDFORD,BEDFORD CO SO BEDFORD,County,PA,2022,0,9,0,9,3,2,5,12,2,14,
KY0130100,JACKSON PD,JACKSON PD,City,KY,2022,2179,9,4,13,0,0,0,9,4,13,5.97
WV0410000,RALEIGH CO SO BECKLEY,RALEIGH CO SO BECKLEY,County,WV,2022,53776,50,6,56,3,10,13,53,16,69,1.28
NY0559500,ULSTER TOWN POLICE DEPARTMENT,ULSTER TOWN POLICE DEPARTMENT,City,NY,2022,12803,20,0,20,2,3,5,22,3,25,1.95
SC0100300,MT PLEASANT PD,MT PLEASANT PD,City,SC,2022,93951,129,6,135,25,18,43,154,24,178,1.89
FL0080000,CHARLOTTE CO SO PUNTA GORDA,CHARLOTTE CO SO PUNTA GORDA,County,FL,2022,183823,268,36,304,33,129,162,301,165,466,2.54
IL0510000,LAWRENCE CO SO LAWRENCEVILLE,LAWRENCE CO SO LAWRENCEVILLE,County,IL,2022,5910,7,0,7,0,0,0,7,0,7,1.18
VA0930100,FRONT ROYAL PD,FRONT ROYAL PD,City,VA,2022,15201,33,3,36,3,11,14,36,14,50,3.29
FL0040300,LAWTEY PD,LAWTEY PD,City,FL,2022,650,3,0,3,0,0,0,3,0,3,4.62
IA0940000,WEBSTER CO SO FORT DODGE,WEBSTER CO SO FORT DODGE,County,IA,2022,11324,17,14,31,3,16,19,20,30,50,4.42
LA0630000,WEST FELICIANA CO SHERIFF'S OFFICE,WEST FELICIANA CO SHERIFF'S OFFICE,County,LA,2022,15709,24,30,54,5,24,29,29,54,83,5.28
OR017SP00,SP: JOSEPHINE COUNTY,SP: JOSEPHINE COUNTY,State Police,OR,2022,0,18,0,18,1,1,2,19,1,20,
UT0220500,PARK CITY PD,PARK CITY PD,City,UT,2022,8516,30,1,31,3,4,7,33,5,38,4.46
VA1090000,FREDERICKSBURG PD,FREDERICKSBURG PD,City,VA,2022,28844,53,6,59,18,28,46,71,34,105,3.64
MS0410500,VERONA PD,VERONA PD,City,MS,2022,2747,6,0,6,2,0,2,8,0,8,2.91
GA0080600,EMERSON PD EMERSON,EMERSON PD EMERSON,City,GA,2022,1451,10,0,10,1,1,2,11,1,12,8.27
MO0920400,ST. PETERS,ST. PETERS,City,MO,2022,58584,85,6,91,8,22,30,93,28,121,2.07
CA0440000,SANTA CRUZ CO SO SANTA CRUZ,SANTA CRUZ CO SO SANTA CRUZ,County,CA,2022,130440,121,90,211,25,93,118,146,183,329,2.52
AL0110500,OXFORD PD,OXFORD PD,City,AL,2022,22318,64,3,67,3,12,15,67,15,82,3.67
OH0270100,GALLIPOLIS,GALLIPOLIS,City,OH,2022,3296,10,0,10,1,1,2,11,1,12,3.64
TN0030200,BIG SANDY PD,BIG SANDY PD,City,TN,2022,484,1,0,1,0,0,0,1,0,1,2.07
AL0100100,GREENVILLE PD,GREENVILLE PD,City,AL,2022,7177,27,0,27,1,2,3,28,2,30,4.18
CA0410300,BRISBANE PD,BRISBANE PD,City,CA,2022,4503,12,1,13,1,3,4,13,4,17,3.78
KS0310000,GEARY CO SO JUNCTION CITY,GEARY CO SO JUNCTION CITY,County,KS,2022,11629,36,15,51,2,21,23,38,36,74,6.36
PA0280100,CHAMBERSBURG PD,CHAMBERSBURG PD,City,PA,2022,22383,34,0,34,1,4,5,35,4,39,1.74
NC0060500,BEECH MOUNTAIN PD BANNER ELK,BEECH MOUNTAIN PD BANNER ELK,City,NC,2022,678,10,2,12,0,3,3,10,5,15,22.12
NY0440100,OGDENSBURG CITY PD OGDENSBURG,OGDENSBURG CITY PD OGDENSBURG,City,NY,2022,9933,16,2,18,4,1,5,20,3,23,2.32
NC0980000,WILSON CO SO WILSON,WILSON CO SO WILSON,County,NC,2022,28756,59,24,83,12,18,30,71,42,113,3.93
NY0513900,QUOGUE VILLAGE PD QUOGUE,QUOGUE VILLAGE PD QUOGUE,City,NY,2022,1687,13,0,13,1,1,2,14,1,15,8.89
SC013FC00,FC: CHESTERFIELD COUNTY,FC: CHESTERFIELD COUNTY,Other State Agency,SC,2022,0,3,0,3,0,0,0,3,0,3,
CA0070800,PITTSBURG PD,PITTSBURG PD,City,CA,2022,76488,68,4,72,12,18,30,80,22,102,1.33
PA0280000,FRANKLIN CO SO CHAMBERSBURG,FRANKLIN CO SO CHAMBERSBURG,County,PA,2022,0,29,1,30,3,3,6,32,4,36,
MN0272300,WAYZATA PD,WAYZATA PD,City,MN,2022,5986,12,0,12,3,2,5,15,2,17,2.84
TX0310700,PRIMERA PD HARLINGEN,PRIMERA PD HARLINGEN,City,TX,2022,5319,7,0,7,2,1,3,9,1,10,1.88
MS0670700,,,University or College,MS,2022,0,11,0,11,2,1,3,13,1,14,
KY0360100,PRESTONSBURG PD,PRESTONSBURG PD,City,KY,2022,4034,20,2,22,1,7,8,21,9,30,7.44
FL0460400,VALPARAISO PD,VALPARAISO PD,City,FL,2022,4929,9,0,9,1,4,5,10,4,14,2.84
MN0030200,,,City,MN,2022,1311,3,0,3,0,0,0,3,0,3,2.29
TX0740000,FANNIN CO SO BONHAM,FANNIN CO SO BONHAM,County,TX,2022,21446,20,0,20,0,3,3,20,3,23,1.07
TX0201000,PEARLAND POLICE DEPT,PEARLAND POLICE DEPT,City,TX,2022,125894,156,17,173,14,54,68,170,71,241,1.91
OKDI05500,OTOE-MISSOURIA TRIBAL,OTOE-MISSOURIA TRIBAL,Tribal,OK,2022,0,5,2,7,2,4,6,7,6,13,
MN0710400,BECKER PD,BECKER PD,City,MN,2022,5033,8,0,8,0,1,1,8,1,9,1.79
PA0061100,MOHNTON PD,MOHNTON PD,City,PA,2022,2919,3,0,3,0,0,0,3,0,3,1.03
WV0280100,ATHENS PD,ATHENS PD,City,WV,2022,926,1,0,1,0,0,0,1,0,1,1.08
KS0230400,EUDORA PD,EUDORA PD,City,KS,2022,6480,13,0,13,1,0,1,14,0,14,2.16
MO0020500,COUNTRY CLUB VILLAGE,COUNTRY CLUB VILLAGE,City,MO,2022,2458,1,0,1,0,0,0,1,0,1,0.41
IL0165200,HOMEWOOD PD,HOMEWOOD PD,City,IL,2022,18634,31,1,32,6,4,10,37,5,42,2.25
GA0600600,UNION CITY PD,UNION CITY PD,City,GA,2022,27818,46,2,48,14,5,19,60,7,67,2.41
AR0550000,PIKE CO SO MURFREESBORO,PIKE CO SO MURFREESBORO,County,AR,2022,6593,16,0,16,5,6,11,21,6,27,4.10
VA0060000,APPOMATTOX CO SO APPOMATTOX,APPOMATTOX CO SO APPOMATTOX,County,VA,2022,16633,20,0,20,2,2,4,22,2,24,1.44
GA1060100,COLUMBUS PD,COLUMBUS PD,City,GA,2022,204986,236,17,253,69,82,151,305,99,404,1.97
OK0030800,STRINGTOWN,STRINGTOWN,City,OK,2022,460,4,0,4,1,0,1,5,0,5,10.87
NJ0132100,KEANSBURG PD,KEANSBURG PD,City,NJ,2022,9757,32,2,34,5,6,11,37,8,45,4.61
ME0102700,HOLDEN POLICE DEPARTMENT,HOLDEN POLICE DEPARTMENT,City,ME,2022,3312,7,0,7,0,0,0,7,0,7,2.11
IN0451500,ST JOHN PD,ST JOHN PD,City,IN,2022,22496,23,1,24,1,1,2,24,2,26,1.16
TN0220000,DICKSON CO SO DICKSON,DICKSON CO SO DICKSON,County,TN,2022,34319,71,44,115,5,32,37,76,76,152,4.43
PA0431400,STONEBORO PD,STONEBORO PD,City,PA,2022,939,1,0,1,0,0,0,1,0,1,1.06
FL0590400,OVIEDO PD,OVIEDO PD,City,FL,2022,39027,56,1,57,12,7,19,68,8,76,1.95
SC021FC00,FC: FLORENCE COUNTY,FC: FLORENCE COUNTY,Other State Agency,SC,2022,0,0,0,0,1,0,1,1,0,1,
UT0251300,LINDON POLICE DEPARTMENT,LINDON POLICE DEPARTMENT,City,UT,2022,11922,14,0,14,1,2,3,15,2,17,1.43
SC0380300,BOWMAN PD,BOWMAN PD,City,SC,2022,766,1,0,1,0,0,0,1,0,1,1.31
PA0025600,BRIDGEVILLE PD,BRIDGEVILLE PD,City,PA,2022,4675,8,1,9,0,1,1,8,2,10,2.14
KY0566900,REG AIRPORT AUTH SECURITY POLICE LOUISVILLE,REG AIRPORT AUTH SECURITY POLICE LOUISVILLE,Other,KY,2022,0,29,2,31,2,1,3,31,3,34,
ID0210100,PRESTON PD,PRESTON PD,City,ID,2022,5932,8,0,8,0,1,1,8,1,9,1.52
MN0760100,APPLETON PD,APPLETON PD,City,MN,2022,1360,2,0,2,0,0,0,2,0,2,1.47
ID0070400,BELLEVUE MARSHALS OFFICE,BELLEVUE MARSHALS OFFICE,City,ID,2022,2587,4,0,4,1,0,1,5,0,5,1.93
NC0360900,MOUNT HOLLY PD,MOUNT HOLLY PD,City,NC,2022,18177,27,7,34,5,1,6,32,8,40,2.20
MA0112500,WELLESLEY PD,WELLESLEY PD,City,MA,2022,31354,41,3,44,5,10,15,46,13,59,1.88
GA1360200,BOSTON PD,BOSTON PD,City,GA,2022,1212,5,0,5,0,1,1,5,1,6,4.95
NJ0210400,BLAIRSTOWN TWP PD BLAIRSTOWN,BLAIRSTOWN TWP PD BLAIRSTOWN,City,NJ,2022,5766,9,0,9,0,1,1,9,1,10,1.73
CA0010500,FREMONT PD,FREMONT PD,City,CA,2022,223430,157,15,172,20,73,93,177,88,265,1.19
UT0031000,NORTH PARK PD,NORTH PARK PD,City,UT,2022,16904,13,1,14,1,2,3,14,3,17,1.01
AL0641100,BEVILL STATE COMM COLLEG,BEVILL STATE COMM COLLEG,University or College,AL,2022,0,1,0,1,0,0,0,1,0,1,
NY0582500,PALMYRA VILLAGE PD PALMYRA,PALMYRA VILLAGE PD PALMYRA,City,NY,2022,3286,5,0,5,0,1,1,5,1,6,1.83
PA0541200,ASHLAND PD,ASHLAND PD,City,PA,2022,2490,3,0,3,0,0,0,3,0,3,1.20
NB0280900,,,University or College,NB,2022,0,13,0,13,6,0,6,19,0,19,
KS0871400,MOUNT HOPE PD,MOUNT HOPE PD,City,KS,2022,782,2,0,2,0,0,0,2,0,2,2.56
MA0090800,BILLERICA PD,BILLERICA PD,City,MA,2022,41110,59,17,76,4,14,18,63,31,94,2.29
TX1420000,LA SALLE CO SO COTULLA,LA SALLE CO SO COTULLA,County,TX,2022,6198,22,50,72,2,45,47,24,95,119,19.20
KYKSP0000,SP HDQ FRANKFORT,SP HDQ FRANKFORT,State Police,KY,2022,0,982,353,1335,27,447,474,1009,800,1809,
TN0570700,TENNESSEE WILDLIFE RESOURCE AGENCY JACKSON,TENNESSEE WILDLIFE RESOURCE AGENCY JACKSON,Other State Agency,TN,2022,0,41,1,42,3,3,6,44,4,48,
NC0922800,ST PARK RANGER UMSTEAD ST PARK RALEIGH,ST PARK RANGER UMSTEAD ST PARK RALEIGH,Other State Agency,NC,2022,0,4,4,8,3,1,4,7,5,12,
TX2290700,,,Other,TX,2022,0,1,0,1,0,0,0,1,0,1,
AR0600300,NORTH LITTLE ROCK PD,NORTH LITTLE ROCK PD,City,AR,2022,63663,152,10,162,20,24,44,172,34,206,3.24
NY0352800,WALDEN VILLAGE PD WALDEN,WALDEN VILLAGE PD WALDEN,City,NY,2022,6819,11,1,12,1,2,3,12,3,15,2.20
TN0290200,BLAINE PD BLAINE,BLAINE PD BLAINE,City,TN,2022,2103,5,0,5,0,1,1,5,1,6,2.85
MT0080100,FORT BENTON PD,FORT BENTON PD,City,MT,2022,1510,2,0,2,1,0,1,3,0,3,1.99
MI6354700,MADISON HEIGHTS PD,MADISON HEIGHTS PD,City,MI,2022,28079,44,0,44,4,0,4,48,0,48,1.71
MO0560100,CANTON,CANTON,City,MO,2022,2640,3,0,3,0,1,1,3,1,4,1.52
TN0790900,UNIVERSITY OF MEMPHIS DEPT OF POLICE SERVICES,UNIVERSITY OF MEMPHIS DEPT OF POLICE SERVICES,University or College,TN,2022,0,33,13,46,2,8,10,35,21,56,
OK0240000,GARFIELD,GARFIELD,County,OK,2022,7398,26,0,26,2,9,11,28,9,37,5.00
IL0190100,GENOA PD,GENOA PD,City,IL,2022,5321,8,0,8,0,0,0,8,0,8,1.50
OH0185300,VALLEY VIEW,VALLEY VIEW,City,OH,2022,1850,19,1,20,1,1,2,20,2,22,11.89
NH0092000,ROCHESTER PD,ROCHESTER PD,City,NH,2022,33098,50,2,52,6,10,16,56,12,68,2.05
NM0210100,ESPANOLA PD,ESPANOLA PD,City,NM,2022,10460,27,6,33,1,5,6,28,11,39,3.73
DE0031800,SOUTH BETHANY PD BETHANY BEACH,SOUTH BETHANY PD BETHANY BEACH,City,DE,2022,490,5,0,5,0,0,0,5,0,5,10.20
OR0240400,STAYTON,STAYTON,City,OR,2022,8162,11,0,11,2,2,4,13,2,15,1.84
GA0310800,CLAYTON JR COLLEGE PUBLIC SAFETY DEPT MORROW,CLAYTON JR COLLEGE PUBLIC SAFETY DEPT MORROW,University or College,GA,2022,0,10,1,11,2,3,5,12,4,16,
MEMDEA000,,,Other State Agency,ME,2022,0,1,0,1,0,1,1,1,1,2,
CT0019100,EASTERN CONN STATE UNIVERSITY PD WILLIMANTIC,EASTERN CONN STATE UNIVERSITY PD WILLIMANTIC,University or College,CT,2022,0,8,7,15,5,1,6,13,8,21,
NH0062200,HANCOCK PD,HANCOCK PD,City,NH,2022,1756,3,0,3,1,0,1,4,0,4,2.28
AR0060000,BRADLEY CO SO WARREN,BRADLEY CO SO WARREN,County,AR,2022,5013,7,0,7,0,3,3,7,3,10,1.99
IN0710300,WALKERTON PD,WALKERTON PD,City,IN,2022,2080,6,0,6,0,4,4,6,4,10,4.81
NY0512500,NORTHPORT VILLAGE PD NORTHPORT,NORTHPORT VILLAGE PD NORTHPORT,City,NY,2022,7352,16,0,16,2,3,5,18,3,21,2.86
NC0160300,ATLANTIC BEACH PD,ATLANTIC BEACH PD,City,NC,2022,1420,12,0,12,2,1,3,14,1,15,10.56
OH0650200,ASHVILLE,ASHVILLE,City,OH,2022,4696,8,0,8,0,0,0,8,0,8,1.70
CT0002300,CANTON PD COLLINSVILLE,CANTON PD COLLINSVILLE,City,CT,2022,10068,16,4,20,0,1,1,16,5,21,2.09
MI3074500,SOMERSET TOWNSHIP PD SOMERSET CENTER,SOMERSET TOWNSHIP PD SOMERSET CENTER,City,MI,2022,4531,3,0,3,0,0,0,3,0,3,0.66
MN0680000,ROSEAU CO SO ROSEAU,ROSEAU CO SO ROSEAU,County,MN,2022,10710,12,3,15,0,8,8,12,11,23,2.15
TX1170000,HUTCHINSON CO SO BORGER,HUTCHINSON CO SO BORGER,County,TX,2022,6569,12,10,22,2,12,14,14,22,36,5.48
VA0280000,ESSEX CO SO TAPPAHANNOCK,ESSEX CO SO TAPPAHANNOCK,County,VA,2022,8356,15,2,17,2,5,7,17,7,24,2.87
CA0101200,REEDLEY PD,REEDLEY PD,City,CA,2022,25269,31,1,32,1,14,15,32,15,47,1.86
WA0080200,LONGVIEW PD,LONGVIEW PD,City,WA,2022,37768,53,2,55,7,15,22,60,17,77,2.04
IL0790000,RANDOLPH CO SO CHESTER,RANDOLPH CO SO CHESTER,County,IL,2022,12322,11,30,41,0,7,7,11,37,48,3.90
OK0161600,,,Other,OK,2022,0,11,0,11,2,1,3,13,1,14,
MA0121000,HINGHAM PD,HINGHAM PD,City,MA,2022,25437,46,0,46,4,3,7,50,3,53,2.08
OK0400200,TALIHINA,TALIHINA,City,OK,2022,919,6,1,7,0,1,1,6,2,8,8.71
TX057519E,BAYLOR HEALTH CARE SYSTE,BAYLOR HEALTH CARE SYSTE,University or College,TX,2022,0,46,61,107,10,25,35,56,86,142,
NJ0011500,LONGPORT PD,LONGPORT PD,City,NJ,2022,879,11,0,11,1,1,2,12,1,13,14.79
MA0062200,SHUTESBURY PD,SHUTESBURY PD,City,MA,2022,1734,1,0,1,1,0,1,2,0,2,1.15
AL0350200,FORKLAND PD,FORKLAND PD,City,AL,2022,442,1,0,1,0,0,0,1,0,1,2.26
TX0151600,LIVE OAK PD,LIVE OAK PD,City,TX,2022,15884,28,7,35,6,5,11,34,12,46,2.90
MO0350000,DUNKLIN,DUNKLIN,County,MO,2022,7476,12,20,32,1,5,6,13,25,38,5.08
DE0030700,REHOBOTH BEACH PD,REHOBOTH BEACH PD,City,DE,2022,1190,16,8,24,1,4,5,17,12,29,24.37
OH0760800,MASSILLON,MASSILLON,City,OH,2022,32320,28,0,28,6,2,8,34,2,36,1.11
OK0401100,HEAVENER,HEAVENER,City,OK,2022,3009,8,0,8,1,1,2,9,1,10,3.32
NC0030000,ALLEGHANY CO SO SPARTA,ALLEGHANY CO SO SPARTA,County,NC,2022,9540,24,1,25,2,17,19,26,18,44,4.61
MD0120000,GARRETT CO SO OAKLAND,GARRETT CO SO OAKLAND,County,MD,2022,26862,33,25,58,2,22,24,35,47,82,3.05
IL0160600,BEDFORD PARK PD ARGO,BEDFORD PARK PD ARGO,City,IL,2022,584,32,0,32,3,2,5,35,2,37,63.36
WADI01200,SHOALWATER BAY TRIBAL POLICE,SHOALWATER BAY TRIBAL POLICE,Tribal,WA,2022,0,3,0,3,1,1,2,4,1,5,
OH0184000,ORANGE VILLAGE,ORANGE VILLAGE,City,OH,2022,3437,17,0,17,1,1,2,18,1,19,5.53
OK0551600,FOREST PARK,FOREST PARK,City,OK,2022,1042,2,0,2,0,0,0,2,0,2,1.92
MI4648500,HUDSON PD,HUDSON PD,City,MI,2022,2379,3,0,3,0,0,0,3,0,3,1.26
OH0771300,TALLMADGE,TALLMADGE,City,OH,2022,18240,25,0,25,0,4,4,25,4,29,1.59
GA0600400,ALPHARETTA PD,ALPHARETTA PD,City,GA,2022,66629,95,4,99,27,10,37,122,14,136,2.04
AZ0150000,LAPAZ CO SO PARKER,LAPAZ CO SO PARKER,County,AZ,2022,10635,25,20,45,2,20,22,27,40,67,6.30
VA0300200,WARRENTON PD,WARRENTON PD,City,VA,2022,10218,22,0,22,7,2,9,29,2,31,3.03
VA0670200,CREWE PD,CREWE PD,City,VA,2022,2257,4,0,4,1,1,2,5,1,6,2.66
IL0980700,STERLING PD,STERLING PD,City,IL,2022,14681,22,2,24,4,7,11,26,9,35,2.38
AZ0090300,SHOW LOW PD,SHOW LOW PD,City,AZ,2022,12157,24,6,30,3,16,19,27,22,49,4.03
NB0820000,SHERMAN CO SO LOUP CITY,SHERMAN CO SO LOUP CITY,County,NB,2022,2975,3,1,4,1,1,2,4,2,6,2.02
TX1010900,HUMBLE PD,HUMBLE PD,City,TX,2022,16085,54,3,57,9,13,22,63,16,79,4.91
TX1200200,GANADO PD,GANADO PD,City,TX,2022,1998,3,0,3,0,0,0,3,0,3,1.50
NJ0140300,BUTLER PD,BUTLER PD,City,NJ,2022,8203,15,0,15,0,1,1,15,1,16,1.95
MI6716700,OSCEOLA CO SO REED CITY,OSCEOLA CO SO REED CITY,County,MI,2022,19033,17,10,27,0,3,3,17,13,30,1.58
TX0200200,ANGLETON PD,ANGLETON PD,City,TX,2022,19369,26,2,28,6,15,21,32,17,49,2.53
NJ0218900,WARREN CO PROSECUTOR BELVIDERE,WARREN CO PROSECUTOR BELVIDERE,Other,NJ,2022,0,14,15,29,5,26,31,19,41,60,
NY0122700,SIDNEY VILLAGE PD SIDNEY,SIDNEY VILLAGE PD SIDNEY,City,NY,2022,3707,8,0,8,0,0,0,8,0,8,2.16
NC0440000,HAYWOOD CO SO WAYNESVILLE,HAYWOOD CO SO WAYNESVILLE,County,NC,2022,46769,65,31,96,6,36,42,71,67,138,2.95
DE0013200,DELAWARE STATE UNIV POLICE DEPARTMENT,DELAWARE STATE UNIV POLICE DEPARTMENT,University or College,DE,2022,0,9,12,21,1,8,9,10,20,30,
PA0634400,CALIFORNIA UNIVERSITY CAMPUS PD CALIFORNIA,CALIFORNIA UNIVERSITY CAMPUS PD CALIFORNIA,University or College,PA,2022,0,14,2,16,1,1,2,15,3,18,
AZDI08900,,,Tribal,AZ,2022,0,16,6,22,0,8,8,16,14,30,
MI2412400,EMMET CO SO PETOSKEY,EMMET CO SO PETOSKEY,County,MI,2022,26581,24,13,37,3,9,12,27,22,49,1.84
WI0370600,MARATHON PD,MARATHON PD,City,WI,2022,1560,3,0,3,0,0,0,3,0,3,1.92
SD0630000,UNION CO SO ELK POINT,UNION CO SO ELK POINT,County,SD,2022,8945,8,4,12,0,17,17,8,21,29,3.24
NJNPD0000,PD NEWARK,PD NEWARK,City,NJ,2022,304311,858,72,930,260,133,393,1118,205,1323,4.35
OK0551800,UNIV OF OK: HEALTH SC CT,UNIV OF OK: HEALTH SC CT,University or College,OK,2022,0,33,15,48,6,15,21,39,30,69,
WY0090100,THERMOPOLIS PD,THERMOPOLIS PD,City,WY,2022,2691,4,0,4,1,5,6,5,5,10,3.72
PA0061600,SHILLINGTON PD,SHILLINGTON PD,City,PA,2022,5467,7,0,7,1,1,2,8,1,9,1.65
MI7866000,PERRY PD,PERRY PD,City,MI,2022,2110,4,0,4,0,0,0,4,0,4,1.90
MO0490200,CARTERVILLE,CARTERVILLE,City,MO,2022,1839,4,0,4,0,0,0,4,0,4,2.18
KS0180100,ARKANSAS CITY PD,ARKANSAS CITY PD,City,KS,2022,11902,19,2,21,4,2,6,23,4,27,2.27
MN0080000,BROWN CO SO NEW ULM,BROWN CO SO NEW ULM,County,MN,2022,5947,11,9,20,1,14,15,12,23,35,5.89
IL0520300,DIXON PD,DIXON PD,City,IL,2022,15396,28,0,28,1,2,3,29,2,31,2.01
AR0160100,JONESBORO PD,JONESBORO PD,City,AR,2022,79865,148,6,154,17,12,29,165,18,183,2.29
WI0340000,LANGLADE CO SO ANTIGO,LANGLADE CO SO ANTIGO,County,WI,2022,11595,16,10,26,1,15,16,17,25,42,3.62
ID0370100,HOMEDALE PD,HOMEDALE PD,City,ID,2022,3095,7,0,7,0,0,0,7,0,7,2.26
NC0960800,WALNUT CREEK PD GOLDSBORO,WALNUT CREEK PD GOLDSBORO,City,NC,2022,1086,3,0,3,0,0,0,3,0,3,2.76
VA0340100,MIDDLETOWN PD,MIDDLETOWN PD,City,VA,2022,1413,4,0,4,1,1,2,5,1,6,4.25
MS0720100,,,City,MS,2022,958,8,0,8,1,0,1,9,0,9,9.39
MA0144300,SHREWSBURY PD,SHREWSBURY PD,City,MA,2022,39745,52,8,60,3,9,12,55,17,72,1.81
ME0110500,GREENVILLE PD,GREENVILLE PD,City,ME,2022,1538,3,0,3,0,0,0,3,0,3,1.95
OH0871800,NORTHWOOD,NORTHWOOD,City,OH,2022,5190,15,2,17,3,3,6,18,5,23,4.43
MI8234400,DEARBORN HEIGHTS PD,DEARBORN HEIGHTS PD,City,MI,2022,61789,67,5,72,6,11,17,73,16,89,1.44
GA0510000,EFFINGHAM CO SO SPRINGFIELD,EFFINGHAM CO SO SPRINGFIELD,County,GA,2022,51647,63,20,83,14,50,64,77,70,147,2.85
IA0200100,OSCEOLA PD,OSCEOLA PD,City,IA,2022,5654,11,0,11,0,1,1,11,1,12,2.12
CA0331300,RIVERSIDE PD,RIVERSIDE PD,City,CA,2022,319889,302,29,331,43,122,165,345,151,496,1.55
NJ0182000,WARREN PD,WARREN PD,City,NJ,2022,15747,30,3,33,1,4,5,31,7,38,2.41
SC0280100,CAMDEN PD,CAMDEN PD,City,SC,2022,8044,27,2,29,5,4,9,32,6,38,4.72
AL0500000,MARSHALL CO SO GUNTERSVILLE,MARSHALL CO SO GUNTERSVILLE,County,AL,2022,48251,49,22,71,4,17,21,53,39,92,1.91
IL0167100,MORTON GROVE PD,MORTON GROVE PD,City,IL,2022,24238,45,4,49,2,8,10,47,12,59,2.43
NB0200200,WISNER PD,WISNER PD,City,NB,2022,1252,1,0,1,1,0,1,2,0,2,1.60
OK0480000,MARSHALL,MARSHALL,County,OK,2022,10384,12,7,19,1,15,16,13,22,35,3.37
TN0590100,LEWISBURG PD,LEWISBURG PD,City,TN,2022,12659,25,0,25,5,1,6,30,1,31,2.45
NJ0161400,WAYNE TWP PD WAYNE,WAYNE TWP PD WAYNE,City,NJ,2022,53828,121,11,132,10,14,24,131,25,156,2.90
KS0810000,RILEY COUNTY PD MANHATTAN,RILEY COUNTY PD MANHATTAN,County,KS,2022,72513,96,44,140,12,55,67,108,99,207,2.85
GA0530300,TWIN CITY,TWIN CITY,City,GA,2022,1683,1,0,1,1,0,1,2,0,2,1.19
FL0131700,NORTH BAY VILLAGE PD,NORTH BAY VILLAGE PD,City,FL,2022,7798,22,4,26,4,7,11,26,11,37,4.74
OK0552100,VALLEY BROOK,VALLEY BROOK,City,OK,2022,650,7,0,7,1,0,1,8,0,8,12.31
WI0670400,WEST BEND PD,WEST BEND PD,City,WI,2022,31773,45,0,45,8,15,23,53,15,68,2.14
WI0380200,NIAGARA PD,NIAGARA PD,City,WI,2022,1582,3,0,3,1,0,1,4,0,4,2.53
GA0760300,CENTERVILLE PD,CENTERVILLE PD,City,GA,2022,8230,16,1,17,0,2,2,16,3,19,2.31
NY0155100,MORIAH TOWN PD PORT HENRY,MORIAH TOWN PD PORT HENRY,City,NY,2022,4672,1,0,1,0,0,0,1,0,1,0.21
MI1435400,DOWAGIAC PD,DOWAGIAC PD,City,MI,2022,5591,12,0,12,1,1,2,13,1,14,2.50
LA0490000,ST LANDRY CO SO OPELOUSAS,ST LANDRY CO SO OPELOUSAS,County,LA,2022,49823,104,13,117,44,51,95,148,64,212,4.26
SC040990X,,,Other State Agency,SC,2022,0,11,0,11,21,8,29,32,8,40,
IL0163100,ELMWOOD PARK PD,ELMWOOD PARK PD,City,IL,2022,23485,32,3,35,3,3,6,35,6,41,1.75
CA0560600,SANTA PAULA PD,SANTA PAULA PD,City,CA,2022,30851,28,2,30,3,8,11,31,10,41,1.33
KS0440400,MC LOUTH PD,MC LOUTH PD,City,KS,2022,858,2,0,2,0,0,0,2,0,2,2.33
OH0791100,MIDVALE,MIDVALE,City,OH,2022,660,2,0,2,0,0,0,2,0,2,3.03
PA0655600,UNIV OF PITT: GREENSBURG,UNIV OF PITT: GREENSBURG,University or College,PA,2022,0,8,0,8,2,1,3,10,1,11,
AR0510000,NEWTON CO SO JASPER,NEWTON CO SO JASPER,County,AR,2022,7223,10,7,17,0,4,4,10,11,21,2.91
WI0340100,ANTIGO PD,ANTIGO PD,City,WI,2022,7947,13,0,13,2,3,5,15,3,18,2.27
PA0652900,AVONMORE PD,AVONMORE PD,City,PA,2022,889,1,0,1,0,0,0,1,0,1,1.12
WV0101100,GAULEY BRIDGE PD,GAULEY BRIDGE PD,City,WV,2022,535,1,0,1,0,0,0,1,0,1,1.87
WI0560000,SAINT CROIX CO SO HUDSON,SAINT CROIX CO SO HUDSON,County,WI,2022,55150,64,11,75,15,20,35,79,31,110,1.99
NV002300X,,,Other State Agency,NV,2022,0,4,0,4,2,1,3,6,1,7,
NH0044800,NORTHUMBERLAND PD GROVETON,NORTHUMBERLAND PD GROVETON,City,NH,2022,2085,3,0,3,0,0,0,3,0,3,1.44
MN0731200,SARTELL PD,SARTELL PD,City,MN,2022,19607,17,2,19,3,2,5,20,4,24,1.22
WVWSP0400,STATE POLICE BUCKHANNON,STATE POLICE BUCKHANNON,State Police,WV,2022,0,6,0,6,0,1,1,6,1,7,
TN0160500,14TH JUD DIST DRUG & VIOLENT CRIME TASK FORCE,14TH JUD DIST DRUG & VIOLENT CRIME TASK FORCE,Other,TN,2022,0,2,0,2,0,0,0,2,0,2,
CA0460000,SIERRA CO SO DOWNIEVILLE,SIERRA CO SO DOWNIEVILLE,County,CA,2022,3343,6,2,8,2,2,4,8,4,12,3.59
CA0349900,CHP HEADQUARTERS SACRAMENTO,CHP HEADQUARTERS SACRAMENTO,State Police,CA,2022,0,6231,1346,7577,420,1777,2197,6651,3123,9774,
TX0380000,CHILDRESS CO SO CHILDRESS,CHILDRESS CO SO CHILDRESS,County,TX,2022,951,4,9,13,0,8,8,4,17,21,22.08
MN0770000,TODD CO SO LONG PRAIRIE,TODD CO SO LONG PRAIRIE,County,MN,2022,19303,18,7,25,2,12,14,20,19,39,2.02
UT0271200,HILDALE POLICE DEPARTMENT,HILDALE POLICE DEPARTMENT,City,UT,2022,1198,7,4,11,2,9,11,9,13,22,18.36
ME0020300,FORT KENT PD,FORT KENT PD,City,ME,2022,4120,6,1,7,0,3,3,6,4,10,2.43
ID0400400,PINEHURST PD,PINEHURST PD,City,ID,2022,1784,1,0,1,0,0,0,1,0,1,0.56
OK0510100,MUSKOGEE,MUSKOGEE,City,OK,2022,36713,77,0,77,7,8,15,84,8,92,2.51
NY0322300,CAMDEN VILLAGE PD CAMDEN,CAMDEN VILLAGE PD CAMDEN,City,NY,2022,2148,1,0,1,0,0,0,1,0,1,0.47
WI0180200,ALTOONA PD,ALTOONA PD,City,WI,2022,9320,13,0,13,2,1,3,15,1,16,1.72
OK0400000,LE FLORE,LE FLORE,County,OK,2022,23382,20,1,21,1,2,3,21,3,24,1.03
OH0782800,VIENNA TOWNSHIP,VIENNA TOWNSHIP,City,OH,2022,3974,8,0,8,0,0,0,8,0,8,2.01
TN0950100,LEBANON PD,LEBANON PD,City,TN,2022,43321,93,10,103,5,23,28,98,33,131,3.02
MD0220100,BOONSBORO POLICE DEPARTMENT,BOONSBORO POLICE DEPARTMENT,City,MD,2022,3783,3,1,4,1,1,2,4,2,6,1.59
MI6377300,SYLVAN LAKE PD PONTIAC,SYLVAN LAKE PD PONTIAC,City,MI,2022,1693,5,0,5,0,0,0,5,0,5,2.95
TX2120200,LINDALE PD,LINDALE PD,City,TX,2022,6509,15,1,16,4,7,11,19,8,27,4.15
WI0110600,FALL RIVER PD,FALL RIVER PD,City,WI,2022,1802,3,0,3,0,1,1,3,1,4,2.22
OK0570000,OSAGE,OSAGE,County,OK,2022,24648,33,14,47,3,22,25,36,36,72,2.92
TN0530200,LOUDON PD,LOUDON PD,City,TN,2022,6479,14,1,15,1,0,1,15,1,16,2.47
GA1480000,WARE CO SO WAYCROSS,WARE CO SO WAYCROSS,County,GA,2022,22349,41,26,67,3,27,30,44,53,97,4.34
MI1923600,BATH TWP PD,BATH TWP PD,City,MI,2022,13456,13,0,13,0,1,1,13,1,14,1.04
NC0360100,BELMONT PD,BELMONT PD,City,NC,2022,15297,38,3,41,5,4,9,43,7,50,3.27
OH0671300,BRIMFIELD TOWNSHIP,BRIMFIELD TOWNSHIP,City,OH,2022,11450,17,0,17,1,2,3,18,2,20,1.75
TX0790500,SUGAR LAND PD,SUGAR LAND PD,City,TX,2022,107989,156,3,159,16,18,34,172,21,193,1.79
MS0610300,PELAHATCHIE PD,PELAHATCHIE PD,City,MS,2022,1267,8,0,8,0,2,2,8,2,10,7.89
AR0730000,WHITE CO SO SEARCY,WHITE CO SO SEARCY,County,AR,2022,37491,40,12,52,8,19,27,48,31,79,2.11
NY0410200,TROY CITY PD TROY,TROY CITY PD TROY,City,NY,2022,50106,125,3,128,11,6,17,136,9,145,2.89
WV0140000,HAMPSHIRE CO SO ROMNEY,HAMPSHIRE CO SO ROMNEY,County,WV,2022,21372,18,1,19,2,3,5,20,4,24,1.12
NB0580000,LOUP CO SO TAYLOR,LOUP CO SO TAYLOR,County,NB,2022,603,1,0,1,0,0,0,1,0,1,1.66
NB0430000,HAYES CO SO HAYES CENTER,HAYES CO SO HAYES CENTER,County,NB,2022,832,1,0,1,0,0,0,1,0,1,1.20
NJ0010800,EGG HARBOR TOWNSHIP POLICE DEPARTMENT,EGG HARBOR TOWNSHIP POLICE DEPARTMENT,City,NJ,2022,47747,81,14,95,5,27,32,86,41,127,2.66
ME0050800,SOUTHWEST HARBOR PD,SOUTHWEST HARBOR PD,City,ME,2022,1836,5,1,6,0,3,3,5,4,9,4.90
MA0131900,DIV OF LAW ENFORCEMNT ENVIRON POLICE BOSTON,DIV OF LAW ENFORCEMNT ENVIRON POLICE BOSTON,Other State Agency,MA,2022,0,90,12,102,4,23,27,94,35,129,
LA0090000,CADDO CO SO SHREVEPORT,CADDO CO SO SHREVEPORT,County,LA,2022,43358,262,51,313,79,173,252,341,224,565,13.03
MA0121900,PEMBROKE PD,PEMBROKE PD,City,MA,2022,19289,27,1,28,4,2,6,31,3,34,1.76
MI7950900,KINGSTON PD,KINGSTON PD,City,MI,2022,391,1,0,1,0,0,0,1,0,1,2.56
WV0390000,PRESTON CO SO KINGWOOD,PRESTON CO SO KINGWOOD,County,WV,2022,28346,19,0,19,1,2,3,20,2,22,0.78
TX0740600,LEONARD,LEONARD,City,TX,2022,2085,6,0,6,0,0,0,6,0,6,2.88
SC0300100,LAURENS PD,LAURENS PD,City,SC,2022,9307,29,0,29,5,5,10,34,5,39,4.19
OH0772500,SPRINGFIELD TOWNSHIP,SPRINGFIELD TOWNSHIP,City,OH,2022,14025,13,0,13,2,2,4,15,2,17,1.21
MI8244700,GROSSE POINTE FARMS PD,GROSSE POINTE FARMS PD,City,MI,2022,9890,30,2,32,2,3,5,32,5,37,3.74
GA0250400,POOLER PD,POOLER PD,City,GA,2022,28328,53,2,55,5,9,14,58,11,69,2.44
PA0631400,CARROLL TOWNSHIP POLICE DEPARTMENT MONONGAHELA,CARROLL TOWNSHIP POLICE DEPARTMENT MONONGAHELA,City,PA,2022,5322,3,0,3,0,0,0,3,0,3,0.56
ID0170000,CLARK CO SO DUBOIS,CLARK CO SO DUBOIS,County,ID,2022,785,2,1,3,0,4,4,2,5,7,8.92
MI3513500,IOSCO CO SO EAST TAWAS,IOSCO CO SO EAST TAWAS,County,MI,2022,13767,6,6,12,0,11,11,6,17,23,1.67
WI0720200,NEKOOSA PD,NEKOOSA PD,City,WI,2022,2434,7,0,7,0,0,0,7,0,7,2.88
ND0090000,CASS CO SO FARGO,CASS CO SO FARGO,County,ND,2022,22592,83,23,106,18,28,46,101,51,152,6.73
WY0200100,JACKSON,JACKSON,City,WY,2022,10932,27,3,30,7,7,14,34,10,44,4.02
ID0080100,IDAHO CITY POLICE DEPARTMENT,IDAHO CITY POLICE DEPARTMENT,City,ID,2022,504,2,0,2,0,0,0,2,0,2,3.97
AL0270000,DALLAS CO SO SELMA,DALLAS CO SO SELMA,County,AL,2022,19898,20,11,31,1,18,19,21,29,50,2.51
PA0024200,SHALER TWP PD GLENSHAW,SHALER TWP PD GLENSHAW,City,PA,2022,27427,25,0,25,1,0,1,26,0,26,0.95
SC0390000,PICKENS CO SO PICKENS,PICKENS CO SO PICKENS,County,SC,2022,79736,118,2,120,35,21,56,153,23,176,2.21
TN0770000,SEQUATCHIE CO SO DUNLAP,SEQUATCHIE CO SO DUNLAP,County,TN,2022,11350,20,0,20,0,2,2,20,2,22,1.94
MS0450000,MADISON CO SO CANTON,MADISON CO SO CANTON,County,MS,2022,46110,75,3,78,1,11,12,76,14,90,1.95
MN0010000,AITKIN CO SO AITKIN,AITKIN CO SO AITKIN,County,MN,2022,13017,19,14,33,2,13,15,21,27,48,3.69
SC0320900,PINE RIDGE PD,PINE RIDGE PD,City,SC,2022,2267,4,0,4,0,0,0,4,0,4,1.76
MI5080600,WARREN PD,WARREN PD,City,MI,2022,137138,212,10,222,12,25,37,224,35,259,1.89
TX1701800,WOODBRANCH,WOODBRANCH,City,TX,2022,1497,3,0,3,0,2,2,3,2,5,3.34
NJ0209100,UNION COUNTY PD ELIZABETH,UNION COUNTY PD ELIZABETH,Other,NJ,2022,0,63,18,81,4,15,19,67,33,100,
MN0430100,GLENCOE PD,GLENCOE PD,City,MN,2022,5695,7,0,7,3,1,4,10,1,11,1.93
OH0030100,ASHLAND,ASHLAND,City,OH,2022,19193,27,1,28,2,7,9,29,8,37,1.93
RI0010200,BRISTOL PD,BRISTOL PD,City,RI,2022,22220,37,4,41,4,3,7,41,7,48,2.16
SD0570000,SPINK CO SO REDFIELD,SPINK CO SO REDFIELD,County,SD,2022,6242,5,0,5,2,4,6,7,4,11,1.76
VA0980000,YORK CO SO YORKTOWN,YORK CO SO YORKTOWN,County,VA,2022,71932,95,5,100,14,9,23,109,14,123,1.71
WV0130400,WHITE SULPHUR SPRINGS PD,WHITE SULPHUR SPRINGS PD,City,WV,2022,2173,8,0,8,0,2,2,8,2,10,4.60
PA0071500,BLAIR TOWNSHIP PD HOLLIDAYSBURG,BLAIR TOWNSHIP PD HOLLIDAYSBURG,City,PA,2022,4719,5,0,5,0,0,0,5,0,5,1.06
TX2320200,SABINAL CITY PD SABINAL,SABINAL CITY PD SABINAL,City,TX,2022,1410,4,0,4,1,1,2,5,1,6,4.26
SC0160000,DARLINGTON CO SO DARLINGTON,DARLINGTON CO SO DARLINGTON,County,SC,2022,48083,65,8,73,5,43,48,70,51,121,2.52
CA0300100,ANAHEIM PD,ANAHEIM PD,City,CA,2022,344795,357,42,399,39,113,152,396,155,551,1.60
MO0957900,WARSON WOODS,WARSON WOODS,City,MO,2022,1997,8,0,8,1,0,1,9,0,9,4.51
NB0600300,MADISON PD,MADISON PD,City,NB,2022,2174,3,0,3,1,0,1,4,0,4,1.84
SC0460500,TEGA CAY PD,TEGA CAY PD,City,SC,2022,13607,16,5,21,6,2,8,22,7,29,2.13
WI0010200,ROME TOWNSHIP PD NEKOOSA,ROME TOWNSHIP PD NEKOOSA,City,WI,2022,3158,4,0,4,2,0,2,6,0,6,1.90
PA0152500,UPPER UWCHLAN TOWNSHIP,UPPER UWCHLAN TOWNSHIP,City,PA,2022,12967,14,0,14,1,0,1,15,0,15,1.16
NJ0038900,BURLINGTON CNTY PROSECUTOR MOUNT HOLLY,BURLINGTON CNTY PROSECUTOR MOUNT HOLLY,Other,NJ,2022,0,34,29,63,10,59,69,44,88,132,
SC029NR00,DNR: LANCASTER COUNTY,DNR: LANCASTER COUNTY,Other State Agency,SC,2022,0,3,0,3,0,0,0,3,0,3,
AR0010300,GILLETT PD,GILLETT PD,City,AR,2022,586,1,0,1,0,0,0,1,0,1,1.71
AR0581900,,,Other,AR,2022,0,4,0,4,0,0,0,4,0,4,
AL0410400,ST FLORIAN PD FLORENCE,ST FLORIAN PD FLORENCE,City,AL,2022,704,6,0,6,0,0,0,6,0,6,8.52
WY0130000,NATRONA CO SO CASPER,NATRONA CO SO CASPER,County,WY,2022,13964,94,9,103,20,34,54,114,43,157,11.24
NY238UN00,SUNY COLLEGE: ONEONTA,SUNY COLLEGE: ONEONTA,University or College,NY,2022,0,12,4,16,4,6,10,16,10,26,
NY0252600,MOUNT MORRIS VILLAGE PD MOUNT MORRIS,MOUNT MORRIS VILLAGE PD MOUNT MORRIS,City,NY,2022,2817,3,0,3,1,0,1,4,0,4,1.42
WA0230000,MASON CO SO SHELTON,MASON CO SO SHELTON,County,WA,2022,58374,41,19,60,7,21,28,48,40,88,1.51
MI7941500,GAGETOWN PD,GAGETOWN PD,City,MI,2022,317,1,0,1,0,0,0,1,0,1,3.15
CA0071400,MARTINEZ PD,MARTINEZ PD,City,CA,2022,36498,26,1,27,2,11,13,28,12,40,1.10
VT0010200,MIDDLEBURY PD,MIDDLEBURY PD,City,VT,2022,9037,12,0,12,1,3,4,13,3,16,1.77
NY0513700,LLOYD HARBOR VILLAGE PD HUNTINGTON,LLOYD HARBOR VILLAGE PD HUNTINGTON,City,NY,2022,3569,11,0,11,2,1,3,13,1,14,3.92
AR0380100,WALNUT RIDGE PD,WALNUT RIDGE PD,City,AR,2022,5495,9,0,9,1,0,1,10,0,10,1.82
KY0070100,MIDDLESBORO PD,MIDDLESBORO PD,City,KY,2022,9213,24,3,27,1,2,3,25,5,30,3.26
OH0030000,ASHLAND,ASHLAND,County,OH,2022,29377,41,20,61,5,27,32,46,47,93,3.17
SD0010000,AURORA CO SO PLANKINTON,AURORA CO SO PLANKINTON,County,SD,2022,2781,4,0,4,0,1,1,4,1,5,1.80
MN0650000,RENVILLE CO SO OLIVIA,RENVILLE CO SO OLIVIA,County,MN,2022,7604,16,10,26,1,14,15,17,24,41,5.39
AL0310800,SARDIS CITY PD SARDIS CITY,SARDIS CITY PD SARDIS CITY,City,AL,2022,1787,5,0,5,0,0,0,5,0,5,2.80
KS1050100,BONNER SPRINGS PD,BONNER SPRINGS PD,City,KS,2022,7731,17,0,17,3,3,6,20,3,23,2.98
OH0131200,OWENSVILLE,OWENSVILLE,City,OH,2022,795,3,0,3,0,1,1,3,1,4,5.03
IDLOT0000,,,Other State Agency,ID,2022,0,1,0,1,2,4,6,3,4,7,
KY0568000,LOUISVILLE METRO POLICE DEPARTMENT,LOUISVILLE METRO POLICE DEPARTMENT,City,KY,2022,677554,912,86,998,138,219,357,1050,305,1355,2.00
TX0930800,,,City,TX,2022,126,3,0,3,0,0,0,3,0,3,23.81
UT0270700,LA VERKIN PD,LA VERKIN PD,City,UT,2022,4582,5,0,5,0,2,2,5,2,7,1.53
MA0122500,WAREHAM PD,WAREHAM PD,City,MA,2022,24389,38,4,42,4,5,9,42,9,51,2.09
AL0550100,TROY PD,TROY PD,City,AL,2022,17639,50,2,52,2,9,11,52,11,63,3.57
TX0700100,ENNIS PD,ENNIS PD,City,TX,2022,22254,35,2,37,2,10,12,37,12,49,2.20
TX2490000,WISE CO SO DECATUR,WISE CO SO DECATUR,County,TX,2022,56654,55,28,83,5,40,45,60,68,128,2.26
CA0210900,SAN RAFAEL PD,SAN RAFAEL PD,City,CA,2022,60386,49,2,51,15,17,32,64,19,83,1.37
MA0141000,CHARLTON PD,CHARLTON PD,City,MA,2022,13394,19,1,20,1,4,5,20,5,25,1.87
WA0130900,MATTAWA PD,MATTAWA PD,City,WA,2022,3927,6,0,6,1,0,1,7,0,7,1.78
KS0570300,GALVA PD,GALVA PD,City,KS,2022,869,0,0,0,1,0,1,1,0,1,1.15
OH0131400,GOSHEN TOWNSHIP,GOSHEN TOWNSHIP,City,OH,2022,16296,20,0,20,2,0,2,22,0,22,1.35
MO0250100,CAMERON,CAMERON,City,MO,2022,8429,14,2,16,0,6,6,14,8,22,2.61
TX1630100,CASTROVILLE PD,CASTROVILLE PD,City,TX,2022,3052,9,1,10,1,0,1,10,1,11,3.60
FL0502600,PALM BEACH GARDENS PD,PALM BEACH GARDENS PD,City,FL,2022,59646,97,12,109,19,45,64,116,57,173,2.90
FL0570100,MILTON PD,MILTON PD,City,FL,2022,10755,13,1,14,3,5,8,16,6,22,2.05
NC0510900,MICRO PD,MICRO PD,City,NC,2022,497,2,0,2,0,0,0,2,0,2,4.02
CO0230000,GARFIELD,GARFIELD,County,CO,2022,24934,38,45,83,6,37,43,44,82,126,5.05
CO0540100,STEAMBOAT SPRINGS,STEAMBOAT SPRINGS,City,CO,2022,13593,19,1,20,5,13,18,24,14,38,2.80
TX0200000,BRAZORIA CO SO ANGLETON,BRAZORIA CO SO ANGLETON,County,TX,2022,132797,127,128,255,19,83,102,146,211,357,2.69
WVWSP6100,STATE POLICE WINFIELD,STATE POLICE WINFIELD,State Police,WV,2022,0,8,0,8,0,1,1,8,1,9,
CA0030200,IONE PD,IONE PD,City,CA,2022,5478,8,0,8,0,0,0,8,0,8,1.46
AL0590000,SHELBY CO SO COLUMBIANA,SHELBY CO SO COLUMBIANA,County,AL,2022,91848,129,52,181,9,26,35,138,78,216,2.35
PA0141100,PA ST U PD UNIVERSITY PARK,PA ST U PD UNIVERSITY PARK,University or College,PA,2022,0,39,29,68,11,26,37,50,55,105,
CT0009000,NEW CANAAN PD,NEW CANAAN PD,City,CT,2022,20924,39,1,40,7,4,11,46,5,51,2.44
KS0420000,HODGEMAN CO SO JETMORE,HODGEMAN CO SO JETMORE,County,KS,2022,1704,2,0,2,1,4,5,3,4,7,4.11
SC0020800,WAGENER PD,WAGENER PD,City,SC,2022,653,3,0,3,0,0,0,3,0,3,4.59
TX1291000,,,Other,TX,2022,0,21,0,21,3,1,4,24,1,25,
KY0960000,PENDLETON CO SO FALMOUTH,PENDLETON CO SO FALMOUTH,County,KY,2022,11755,5,0,5,0,1,1,5,1,6,0.51
SC008SP00,HP: BERKELEY COUNTY,HP: BERKELEY COUNTY,State Police,SC,2022,0,20,1,21,0,0,0,20,1,21,
TX1072200,,,City,TX,2022,820,4,0,4,0,0,0,4,0,4,4.88
OH0690100,OTTAWA,OTTAWA,City,OH,2022,4397,9,0,9,0,0,0,9,0,9,2.05
NC0830300,WAGRAM PD,WAGRAM PD,City,NC,2022,633,1,0,1,0,0,0,1,0,1,1.58
KY0370000,FRANKLIN CO SO FRANKFORT,FRANKLIN CO SO FRANKFORT,County,KY,2022,23204,28,0,28,0,4,4,28,4,32,1.38
MA0094700,WALTHAM PD,WALTHAM PD,City,MA,2022,63525,132,13,145,16,14,30,148,27,175,2.75
MI1411400,CASS CO SO CASSOPOLIS,CASS CO SO CASSOPOLIS,County,MI,2022,37310,29,24,53,4,14,18,33,38,71,1.90
NC0990300,BOONVILLE PD,BOONVILLE PD,City,NC,2022,1190,5,0,5,0,0,0,5,0,5,4.20
MO0950C00,ST LOUIS COM COL:MERAMEC,ST LOUIS COM COL:MERAMEC,University or College,MO,2022,0,27,8,35,2,3,5,29,11,40,
KS0080100,DEPT OF SAFETY AUGUSTA,DEPT OF SAFETY AUGUSTA,City,KS,2022,9256,20,2,22,4,6,10,24,8,32,3.46
NC0180000,CATAWBA CO SO NEWTON,CATAWBA CO SO NEWTON,County,NC,2022,87065,145,33,178,15,38,53,160,71,231,2.65
OH0020700,ELIDA,ELIDA,City,OH,2022,1859,2,0,2,0,0,0,2,0,2,1.08
WI0430200,OCONTO PD,OCONTO PD,City,WI,2022,4589,7,10,17,3,0,3,10,10,20,4.36
MN0850200,WINONA PD,WINONA PD,City,MN,2022,25936,30,0,30,4,3,7,34,3,37,1.43
TX1300000,KENDALL CO SO BOERNE,KENDALL CO SO BOERNE,County,TX,2022,26419,50,26,76,4,23,27,54,49,103,3.90
VT0110700,RUTLAND TOWN POLICE DEPARTMENT,RUTLAND TOWN POLICE DEPARTMENT,City,VT,2022,3929,3,0,3,1,1,2,4,1,5,1.27
MTDI05000,CROW AGENCY,CROW AGENCY,Tribal,MT,2022,0,10,1,11,4,3,7,14,4,18,
SC0050000,BAMBERG CO SO BAMBERG,BAMBERG CO SO BAMBERG,County,SC,2022,6398,9,0,9,2,0,2,11,0,11,1.72
KS0280300,GARDEN CITY COMM COLLEGE CAMPUS PD GARDEN CITY,GARDEN CITY COMM COLLEGE CAMPUS PD GARDEN CITY,University or College,KS,2022,0,1,1,2,0,0,0,1,1,2,
MO0190700,RAYMORE,RAYMORE,City,MO,2022,25351,21,4,25,4,10,14,25,14,39,1.54
KSKHP0600,,,State Police,KS,2022,0,19,0,19,1,1,2,20,1,21,
CA0370800,LA MESA PD,LA MESA PD,City,CA,2022,60333,52,6,58,14,22,36,66,28,94,1.56
FL0010100,GAINESVILLE PD,GAINESVILLE PD,City,FL,2022,140869,186,27,213,47,51,98,233,78,311,2.21
MN0550000,OLMSTED CO SO ROCHESTER,OLMSTED CO SO ROCHESTER,County,MN,2022,41441,75,74,149,5,40,45,80,114,194,4.68
PA0171100,LAWRENCE TWP PD CLEARFIELD,LAWRENCE TWP PD CLEARFIELD,City,PA,2022,7422,10,0,10,2,1,3,12,1,13,1.75
PA0115100,,,Other,PA,2022,0,3,0,3,3,0,3,6,0,6,
ME0080400,WISCASSET PD,WISCASSET PD,City,ME,2022,3880,5,0,5,0,1,1,5,1,6,1.55
OK0500000,MURRAY,MURRAY,County,OK,2022,5982,7,5,12,1,4,5,8,9,17,2.84
RI0041000,SCITUATE PD,SCITUATE PD,City,RI,2022,10385,18,2,20,0,4,4,18,6,24,2.31
WADI05600,MAKAH TRIBAL POLICE NEAH BAY,MAKAH TRIBAL POLICE NEAH BAY,Tribal,WA,2022,0,8,6,14,2,3,5,10,9,19,
WV0350700,LAW ENF DIV DEPT NATRL RESOURCES WHEELING,LAW ENF DIV DEPT NATRL RESOURCES WHEELING,Other State Agency,WV,2022,0,1,0,1,0,0,0,1,0,1,
OK0691100,,,City,OK,2022,567,2,0,2,0,0,0,2,0,2,3.53
ME0050100,BAR HARBOR PD,BAR HARBOR PD,City,ME,2022,7478,22,3,25,1,5,6,23,8,31,4.15
MA0112000,QUINCY PD,QUINCY PD,City,MA,2022,101434,214,17,231,24,18,42,238,35,273,2.69
MO0050000,BARRY,BARRY,County,MO,2022,21290,16,7,23,3,9,12,19,16,35,1.64
VA0950000,WESTMORELAND CO SO MONTROSS,WESTMORELAND CO SO MONTROSS,County,VA,2022,15055,27,4,31,3,12,15,30,16,46,3.06
NJ0040600,BERLIN TWP POLICE DEPARTMENT,BERLIN TWP POLICE DEPARTMENT,City,NJ,2022,5975,18,0,18,1,1,2,19,1,20,3.35
CA0109700,FRESNO STATE COLLEGE PD FRESNO,FRESNO STATE COLLEGE PD FRESNO,University or College,CA,2022,0,20,2,22,6,9,15,26,11,37,
MI3113100,HOUGHTON CO SO HOUGHTON,HOUGHTON CO SO HOUGHTON,County,MI,2022,22318,19,9,28,1,2,3,20,11,31,1.39
KS0880100,LIBERAL PD,LIBERAL PD,City,KS,2022,19557,24,4,28,5,13,18,29,17,46,2.35
NY0022600,CUBA TOWN PD CUBA,CUBA TOWN PD CUBA,City,NY,2022,3115,5,0,5,1,0,1,6,0,6,1.93
TX1620100,EAGLE PASS POLICE DEPT,EAGLE PASS POLICE DEPT,City,TX,2022,28811,56,16,72,4,17,21,60,33,93,3.23
OH0500900,YOUNGSTOWN,YOUNGSTOWN,City,OH,2022,59944,110,11,121,20,33,53,130,44,174,2.90
WI0683300,MUKWONAGO TOWN,MUKWONAGO TOWN,City,WI,2022,7792,6,0,6,0,1,1,6,1,7,0.90
PA0260400,SOUTHWEST REGIONAL PD,SOUTHWEST REGIONAL PD,City,PA,2022,1501,1,0,1,0,0,0,1,0,1,0.67
MO0390800,STRAFFORD,STRAFFORD,City,MO,2022,2633,5,0,5,1,0,1,6,0,6,2.28
LA0490300,ARNAUDVILLE PD,ARNAUDVILLE PD,City,LA,2022,999,5,1,6,1,3,4,6,4,10,10.01
NY0470000,SCHOHARIE CO SHERIFF'S DEPARTMENT SCHOHARIE,SCHOHARIE CO SHERIFF'S DEPARTMENT SCHOHARIE,County,NY,2022,25073,16,3,19,5,11,16,21,14,35,1.40
VA0220000,CLARKE CO SO BERRYVILLE,CLARKE CO SO BERRYVILLE,County,VA,2022,10439,13,4,17,5,9,14,18,13,31,2.97
TN0710100,COOKEVILLE PD,COOKEVILLE PD,City,TN,2022,35771,64,6,70,8,18,26,72,24,96,2.68
CA0101000,ORANGE COVE PD,ORANGE COVE PD,City,CA,2022,9593,13,0,13,1,0,1,14,0,14,1.46
MO0240400,GLADSTONE,GLADSTONE,City,MO,2022,26953,30,2,32,5,17,22,35,19,54,2.00
NVDI00500,LOVELOCK PAIUTE TRIBAL PD,LOVELOCK PAIUTE TRIBAL PD,Tribal,NV,2022,0,5,0,5,1,0,1,6,0,6,
LA0240100,MARINGOUIN PD,MARINGOUIN PD,City,LA,2022,819,4,0,4,1,1,2,5,1,6,7.33
VA0180100,HILLSVILLE PD,HILLSVILLE PD,City,VA,2022,2856,12,1,13,0,0,0,12,1,13,4.55
AR0560500,TYRONZA PD,TYRONZA PD,City,AR,2022,689,1,1,2,0,0,0,1,1,2,2.90
MA0061000,GREENFIELD PD,GREENFIELD PD,City,MA,2022,17203,25,3,28,4,10,14,29,13,42,2.44
TX0910700,WHITEWRIGHT PD,WHITEWRIGHT PD,City,TX,2022,1774,2,0,2,0,0,0,2,0,2,1.13
NC0090000,BLADEN CO SO ELIZABETHTOWN,BLADEN CO SO ELIZABETHTOWN,County,NC,2022,23989,43,14,57,10,31,41,53,45,98,4.09
KS0080500,ANDOVER PD,ANDOVER PD,City,KS,2022,15842,23,2,25,3,8,11,26,10,36,2.27
IL0100000,CHAMPAIGN CO SO URBANA,CHAMPAIGN CO SO URBANA,County,IL,2022,47591,52,8,60,4,10,14,56,18,74,1.55
PA0210100,CAMP HILL PD,CAMP HILL PD,City,PA,2022,8203,12,0,12,1,1,2,13,1,14,1.71
NY0036400,VESTAL TOWN PD VESTAL,VESTAL TOWN PD VESTAL,City,NY,2022,29553,36,1,37,4,3,7,40,4,44,1.49
KY0450300,RACELAND PD,RACELAND PD,City,KY,2022,2321,7,0,7,0,0,0,7,0,7,3.02
NJ0110800,PENNINGTON PD,PENNINGTON PD,City,NJ,2022,2790,6,0,6,1,0,1,7,0,7,2.51
NM0230300,CORRALES PD,CORRALES PD,City,NM,2022,8652,8,0,8,5,3,8,13,3,16,1.85
MT0240200,RONAN CITY PD,RONAN CITY PD,City,MT,2022,2255,4,0,4,1,0,1,5,0,5,2.22
NMDI05100,BU IND AFF SOUTHERN PUEBLOS AGENCY ALBUQUERQUE,BU IND AFF SOUTHERN PUEBLOS AGENCY ALBUQUERQUE,Tribal,NM,2022,0,8,2,10,4,5,9,12,7,19,
OH0050100,ATHENS,ATHENS,City,OH,2022,24220,25,2,27,0,6,6,25,8,33,1.36
NJ0026600,WASHINGTON TWP PD WASHINGTON TWP,WASHINGTON TWP PD WASHINGTON TWP,City,NJ,2022,9225,23,3,26,1,2,3,24,5,29,3.14
NC0090100,BLADENBORO PD,BLADENBORO PD,City,NC,2022,1643,6,0,6,0,0,0,6,0,6,3.65
CT0009300,NEW HAVEN PD,NEW HAVEN PD,City,CT,2022,136205,260,20,280,57,34,91,317,54,371,2.72
NJ0141200,HANOVER TWP PD WHIPPANY,HANOVER TWP PD WHIPPANY,City,NJ,2022,14630,34,4,38,1,3,4,35,7,42,2.87
PA0463300,WHITPAIN TWP PO BLUE BELL,WHITPAIN TWP PO BLUE BELL,City,PA,2022,20381,27,6,33,4,2,6,31,8,39,1.91
OK0070200,ACHILLE,ACHILLE,City,OK,2022,411,0,0,0,1,0,1,1,0,1,2.43
CA007240X,SAN RAMON,SAN RAMON,City,CA,2022,0,54,5,59,9,14,23,63,19,82,
PA0222100,ROYALTON PD MIDDLETOWN,ROYALTON PD MIDDLETOWN,City,PA,2022,1131,1,0,1,0,0,0,1,0,1,0.88
IA0080200,OGDEN PD,OGDEN PD,City,IA,2022,1996,2,0,2,0,0,0,2,0,2,1.00
WI0610400,GILMAN,GILMAN,City,WI,2022,381,1,0,1,0,0,0,1,0,1,2.62
PA0611500,SPR: OIL CREEK,SPR: OIL CREEK,Other State Agency,PA,2022,0,1,1,2,0,1,1,1,2,3,
IN0410400,NEW WHITELAND PD,NEW WHITELAND PD,City,IN,2022,5597,7,0,7,1,1,2,8,1,9,1.61
IL0320300,MAZON,MAZON,City,IL,2022,978,1,0,1,0,0,0,1,0,1,1.02
TX1290500,TERRELL PD,TERRELL PD,City,TX,2022,19670,43,9,52,1,14,15,44,23,67,3.41
WA0150000,ISLAND CO SO COUPEVILLE,ISLAND CO SO COUPEVILLE,County,WA,2022,62206,32,21,53,6,11,17,38,32,70,1.13
NB0790500,,,City,NB,2022,922,2,0,2,0,0,0,2,0,2,2.17
WV0550300,OCEANA PD,OCEANA PD,City,WV,2022,1424,3,0,3,0,0,0,3,0,3,2.11
MO0500000,JEFFERSON,JEFFERSON,County,MO,2022,165522,153,34,187,10,36,46,163,70,233,1.41
SC0020500,JACKSON PD,JACKSON PD,City,SC,2022,1561,3,0,3,0,0,0,3,0,3,1.92
TX2340100,CANTON PD,CANTON PD,City,TX,2022,4408,15,0,15,0,6,6,15,6,21,4.76
RI0020500,WEST GREENWICH PD WEST GREENWICH,WEST GREENWICH PD WEST GREENWICH,City,RI,2022,6727,14,3,17,0,1,1,14,4,18,2.68
CT0014800,WALLINGFORD PD,WALLINGFORD PD,City,CT,2022,44099,63,7,70,6,13,19,69,20,89,2.02
AR0650100,,,City,AR,2022,1335,3,0,3,0,0,0,3,0,3,2.25
NV0020900,MESQUITE PD MESQUITE,MESQUITE PD MESQUITE,City,NV,2022,21732,40,7,47,3,13,16,43,20,63,2.90
WV0220200,LAW ENF DIV DEPT NATRL RESOURCES YAWKEY,LAW ENF DIV DEPT NATRL RESOURCES YAWKEY,Other State Agency,WV,2022,0,2,0,2,0,0,0,2,0,2,
LA0190100,CLINTON PD,CLINTON PD,City,LA,2022,1342,13,0,13,8,0,8,21,0,21,15.65
PA0100100,BUTLER PD,BUTLER PD,City,PA,2022,13112,22,0,22,1,1,2,23,1,24,1.83
AR0600900,UNIV OF ARKANSAS MED SCI CAMP DPS LITTLE ROCK,UNIV OF ARKANSAS MED SCI CAMP DPS LITTLE ROCK,University or College,AR,2022,0,23,3,26,9,4,13,32,7,39,
ND0020100,VALLEY CITY PD,VALLEY CITY PD,City,ND,2022,6547,13,0,13,0,2,2,13,2,15,2.29
OK0550500,NICHOLS HILLS,NICHOLS HILLS,City,OK,2022,3827,14,2,16,1,6,7,15,8,23,6.01
UT0181700,RIVERTON PD,RIVERTON PD,City,UT,2022,44920,36,2,38,0,2,2,36,4,40,0.89
NV0020100,LAS VEGAS METROPOLITAN POLICE DEPARTMENT,LAS VEGAS METROPOLITAN POLICE DEPARTMENT,City,NV,2022,1667961,3499,312,3811,603,1272,1875,4102,1584,5686,3.41
MA0020600,DALTON PD,DALTON PD,City,MA,2022,6273,9,0,9,2,1,3,11,1,12,1.91
PA0601100,BUFFALO VALLEY REGIONAL,BUFFALO VALLEY REGIONAL,City,PA,2022,12610,16,0,16,0,1,1,16,1,17,1.35
TX1100100,LEVELLAND PD,LEVELLAND PD,City,TX,2022,12579,23,1,24,4,7,11,27,8,35,2.78
MI1323700,BATTLE CREEK PD,BATTLE CREEK PD,City,MI,2022,61347,88,17,105,11,21,32,99,38,137,2.23
TN0400000,HENRY CO SO PARIS,HENRY CO SO PARIS,County,TN,2022,20863,30,23,53,2,14,16,32,37,69,3.31
MS0100100,ACKERMAN PD,ACKERMAN PD,City,MS,2022,1515,4,0,4,1,0,1,5,0,5,3.30
AL0013400,JEFFERSON STATE COMM COL,JEFFERSON STATE COMM COL,University or College,AL,2022,0,8,1,9,2,1,3,10,2,12,
KY0150000,BULLITT CO SO SHEPHERDSVILLE,BULLITT CO SO SHEPHERDSVILLE,County,KY,2022,37433,39,12,51,1,22,23,40,34,74,1.98
CA0271000,SEASIDE PD,SEASIDE PD,City,CA,2022,31864,25,4,29,1,10,11,26,14,40,1.26
CA0301000,HUNTINGTON BEACH PD,HUNTINGTON BEACH PD,City,CA,2022,194618,184,26,210,21,77,98,205,103,308,1.58
IL0570000,MC LEAN CO SO BLOOMINGTON,MC LEAN CO SO BLOOMINGTON,County,IL,2022,21583,49,51,100,2,33,35,51,84,135,6.25
VA0860200,SALTVILLE PD,SALTVILLE PD,City,VA,2022,1774,6,0,6,0,0,0,6,0,6,3.38
OR032SP00,SP: WALLOWA COUNTY,SP: WALLOWA COUNTY,State Police,OR,2022,0,7,0,7,0,0,0,7,0,7,
MA0052700,ROWLEY PD,ROWLEY PD,City,MA,2022,6132,11,1,12,1,3,4,12,4,16,2.61
KY0030000,ANDERSON CO SO LAWRENCEBURG,ANDERSON CO SO LAWRENCEBURG,County,KY,2022,12332,16,1,17,0,3,3,16,4,20,1.62
MI2466200,PETOSKEY PD,PETOSKEY PD,City,MI,2022,5922,18,0,18,0,2,2,18,2,20,3.38
OH0250300,DUBLIN,DUBLIN,City,OH,2022,48799,63,15,78,7,32,39,70,47,117,2.40
GA0050100,MILLEDGEVILLE PD,MILLEDGEVILLE PD,City,GA,2022,17102,34,2,36,5,13,18,39,15,54,3.16
SC028SP00,HP: KERSHAW COUNTY,HP: KERSHAW COUNTY,State Police,SC,2022,0,26,0,26,2,0,2,28,0,28,
MT0430200,WOLF POINT PD,WOLF POINT PD,City,MT,2022,2620,4,0,4,1,1,2,5,1,6,2.29
NC0680000,ORANGE COUNTY SHERIFF'S OFFICE,ORANGE COUNTY SHERIFF'S OFFICE,County,NC,2022,57027,78,44,122,10,27,37,88,71,159,2.79
AR0710200,CLINTON PD,CLINTON PD,City,AR,2022,2489,6,0,6,1,1,2,7,1,8,3.21
NY0356500,TUXEDO TOWN PD TUXEDO PARK,TUXEDO TOWN PD TUXEDO PARK,City,NY,2022,3125,6,0,6,1,0,1,7,0,7,2.24
GA0290900,,,University or College,GA,2022,0,2,0,2,0,1,1,2,1,3,
WI0420100,CASHTON PD,CASHTON PD,City,WI,2022,1150,2,0,2,0,0,0,2,0,2,1.74
NC0240200,CHADBOURN PD,CHADBOURN PD,City,NC,2022,1534,5,0,5,0,1,1,5,1,6,3.91
WY0220000,WASHAKIE CO SO WORLAND,WASHAKIE CO SO WORLAND,County,WY,2022,2948,7,4,11,1,3,4,8,7,15,5.09
PA0401000,NANTICOKE PD,NANTICOKE PD,City,PA,2022,10611,14,0,14,2,1,3,16,1,17,1.60
MN0570000,PENNINGTON CO SO THIEF RIVER FALLS,PENNINGTON CO SO THIEF RIVER FALLS,County,MN,2022,5019,10,12,22,1,15,16,11,27,38,7.57
IL0420200,JERSEYVILLE PD,JERSEYVILLE PD,City,IL,2022,8271,15,2,17,1,4,5,16,6,22,2.66
MO0780300,HAYTI,HAYTI,City,MO,2022,2367,5,0,5,0,0,0,5,0,5,2.11
SD0610000,TRIPP CO SO WINNER,TRIPP CO SO WINNER,County,SD,2022,2740,3,1,4,0,0,0,3,1,4,1.46
CA0100000,FRESNO CO SO FRESNO,FRESNO CO SO FRESNO,County,CA,2022,165071,369,440,809,40,276,316,409,716,1125,6.82
CO0010600,NORTHGLENN,NORTHGLENN,City,CO,2022,36634,59,4,63,8,11,19,67,15,82,2.24
OR0340200,FOREST GROVE,FOREST GROVE,City,OR,2022,26016,29,1,30,2,5,7,31,6,37,1.42
KY1100000,TODD CO SO ELKTON,TODD CO SO ELKTON,County,KY,2022,8549,8,2,10,1,0,1,9,2,11,1.29
WY0120100,AFTON PD,AFTON PD,City,WY,2022,2263,3,0,3,0,0,0,3,0,3,1.33
IDDI00400,NEZ PERCE TRIBAL POLICE DEPARTMENT,NEZ PERCE TRIBAL POLICE DEPARTMENT,Tribal,ID,2022,0,14,3,17,2,3,5,16,6,22,
AR0340200,TUCKERMAN PD,TUCKERMAN PD,City,AR,2022,1750,5,0,5,0,0,0,5,0,5,2.86
NC0580000,MADISON CO SO MARSHALL,MADISON CO SO MARSHALL,County,NC,2022,18530,20,12,32,3,12,15,23,24,47,2.54
TX0201200,SWEENY PD,SWEENY PD,City,TX,2022,3566,7,0,7,1,1,2,8,1,9,2.52
GA1420200,SYCAMORE PD,SYCAMORE PD,City,GA,2022,766,7,0,7,2,0,2,9,0,9,11.75
MA0111700,NORFOLK PD,NORFOLK PD,City,MA,2022,11621,19,0,19,2,2,4,21,2,23,1.98
CA0011500,CALIFORNIA STATE UNIV PD HAYWARD,CALIFORNIA STATE UNIV PD HAYWARD,University or College,CA,2022,0,13,2,15,1,5,6,14,7,21,
TX0700700,PALMER PD,PALMER PD,City,TX,2022,2510,11,0,11,0,1,1,11,1,12,4.78
DE0010400,CAMDEN POLICE DEPARTMENT,CAMDEN POLICE DEPARTMENT,City,DE,2022,4852,7,0,7,1,1,2,8,1,9,1.85
MO0350100,CAMPBELL,CAMPBELL,City,MO,2022,1535,3,0,3,1,0,1,4,0,4,2.61
MN0692100,,,City,MN,2022,522,1,0,1,0,0,0,1,0,1,1.92
NC0250000,CRAVEN CO SO NEW BERN,CRAVEN CO SO NEW BERN,County,NC,2022,44517,84,22,106,18,30,48,102,52,154,3.46
WI0170000,DUNN CO SO MENOMONIE,DUNN CO SO MENOMONIE,County,WI,2022,25569,26,13,39,2,16,18,28,29,57,2.23
PA0650500,LATROBE PD,LATROBE PD,City,PA,2022,7934,13,0,13,1,1,2,14,1,15,1.89
MI4972400,SAINT IGNACE PD,SAINT IGNACE PD,City,MI,2022,2300,5,0,5,0,0,0,5,0,5,2.17
GA0040000,BAKER CO SO NEWTON,BAKER CO SO NEWTON,County,GA,2022,2220,5,0,5,0,1,1,5,1,6,2.70
NH0090600,DURHAM PD,DURHAM PD,City,NH,2022,15550,18,0,18,3,3,6,21,3,24,1.54
AL0500600,DOUGLAS PD,DOUGLAS PD,City,AL,2022,765,4,0,4,0,0,0,4,0,4,5.23
MT0310000,MINERAL CO SO SUPERIOR,MINERAL CO SO SUPERIOR,County,MT,2022,5174,8,6,14,0,6,6,8,12,20,3.87
SD0140100,WATERTOWN PD,WATERTOWN PD,City,SD,2022,22832,37,6,43,4,14,18,41,20,61,2.67
NY0555800,MARLBOROUGH TOWN PD MILTON,MARLBOROUGH TOWN PD MILTON,City,NY,2022,8900,8,0,8,0,3,3,8,3,11,1.24
GA0700000,HANCOCK CO SO SPARTA,HANCOCK CO SO SPARTA,County,GA,2022,7253,9,9,18,1,17,18,10,26,36,4.96
OH0310400,BLUE ASH,BLUE ASH,City,OH,2022,13314,34,1,35,3,7,10,37,8,45,3.38
WV0150000,HANCOCK CO SO NEW CUMBERLAND,HANCOCK CO SO NEW CUMBERLAND,County,WV,2022,10361,32,1,33,0,2,2,32,3,35,3.38
PA0040400,BEAVER PD,BEAVER PD,City,PA,2022,4377,11,0,11,0,1,1,11,1,12,2.74
MT0460000,SHERIDAN CO SO PLENTYWOOD,SHERIDAN CO SO PLENTYWOOD,County,MT,2022,3536,3,1,4,2,1,3,5,2,7,1.98
WV0470000,TUCKER CO SO PARSONS,TUCKER CO SO PARSONS,County,WV,2022,5293,5,3,8,0,0,0,5,3,8,1.51
MO0670200,EAST PRAIRIE,EAST PRAIRIE,City,MO,2022,2955,5,3,8,2,2,4,7,5,12,4.06
PA0221500,DERRY TWP PD HERSHEY,DERRY TWP PD HERSHEY,City,PA,2022,24896,32,0,32,4,2,6,36,2,38,1.53
AL0230300,FLORALA PD,FLORALA PD,City,AL,2022,1904,4,0,4,0,0,0,4,0,4,2.10
MD0060200,FEDERALSBURG PD,FEDERALSBURG PD,City,MD,2022,2836,8,0,8,1,1,2,9,1,10,3.53
KY1040000,RUSSELL CO SO JAMESTOWN,RUSSELL CO SO JAMESTOWN,County,KY,2022,13702,9,0,9,0,1,1,9,1,10,0.73
CA0010600,HAYWARD PD,HAYWARD PD,City,CA,2022,156458,144,30,174,15,81,96,159,111,270,1.73
OKDI14000,EASTERN SHAWNEE TRIBAL,EASTERN SHAWNEE TRIBAL,Tribal,OK,2022,0,17,0,17,0,1,1,17,1,18,
UT0240300,NAPLES PD,NAPLES PD,City,UT,2022,2383,5,0,5,0,1,1,5,1,6,2.52
OR0300400,UMATILLA,UMATILLA,City,OR,2022,7513,9,0,9,4,2,6,13,2,15,2.00
KS0890400,FIRE MARSHAL'S OFF INVESTIGATION DIV TOPEKA,FIRE MARSHAL'S OFF INVESTIGATION DIV TOPEKA,Other State Agency,KS,2022,0,11,0,11,0,2,2,11,2,13,
NJ0161700,WILLIAM PATERSON UNIVERSITY POLICE DEPARTMENT,WILLIAM PATERSON UNIVERSITY POLICE DEPARTMENT,University or College,NJ,2022,0,21,4,25,4,5,9,25,9,34,
NC0620400,MOUNT GILEAD PD,MOUNT GILEAD PD,City,NC,2022,1176,7,0,7,0,0,0,7,0,7,5.95
OK0330000,JACKSON,JACKSON,County,OK,2022,4209,11,10,21,1,16,17,12,26,38,9.03
TX0270000,BURNET CO SO BURNET,BURNET CO SO BURNET,County,TX,2022,28850,50,37,87,7,52,59,57,89,146,5.06
TX2440100,VERNON PD,VERNON PD,City,TX,2022,9945,15,3,18,1,7,8,16,10,26,2.61
NC0580300,MARS HILL PD,MARS HILL PD,City,NC,2022,2039,5,0,5,0,0,0,5,0,5,2.45
WI0670100,GERMANTOWN PD,GERMANTOWN PD,City,WI,2022,20956,29,2,31,4,10,14,33,12,45,2.15
MO1130200,SEYMOUR,SEYMOUR,City,MO,2022,1854,9,0,9,0,0,0,9,0,9,4.85
WI0080100,CHILTON PD,CHILTON PD,City,WI,2022,3898,8,8,16,0,0,0,8,8,16,4.10
MN0740200,BLOOMING PRAIRIE PD,BLOOMING PRAIRIE PD,City,MN,2022,1941,3,0,3,0,0,0,3,0,3,1.55
GA0890200,MIDWAY PD,MIDWAY PD,City,GA,2022,2227,4,0,4,1,2,3,5,2,7,3.14
NC0230100,KINGS MOUNTAIN PD,KINGS MOUNTAIN PD,City,NC,2022,11624,28,3,31,4,6,10,32,9,41,3.53
IA0920100,WASHINGTON PD,WASHINGTON PD,City,IA,2022,7209,11,0,11,1,1,2,12,1,13,1.80
MI6352100,LATHRUP VILLAGE PD,LATHRUP VILLAGE PD,City,MI,2022,4018,9,0,9,2,1,3,11,1,12,2.99
NY0550000,ULSTER CO SHERIFF'S DEPARTMENT KINGSTON,ULSTER CO SHERIFF'S DEPARTMENT KINGSTON,County,NY,2022,46504,58,13,71,5,17,22,63,30,93,2.00
SC0320500,WEST COLUMBIA POLICE DEPARTMENT,WEST COLUMBIA POLICE DEPARTMENT,City,SC,2022,17581,43,1,44,8,10,18,51,11,62,3.53
OH0671100,KENT STATE UNIVERSITY,KENT STATE UNIVERSITY,University or College,OH,2022,0,19,1,20,6,10,16,25,11,36,
TX0712200,SOCORRO INDEP SCHOOL DIST POLICE DEPT,SOCORRO INDEP SCHOOL DIST POLICE DEPT,Other,TX,2022,0,47,4,51,8,4,12,55,8,63,
IN0660000,PULASKI COUNTY PD WINAMAC,PULASKI COUNTY PD WINAMAC,County,IN,2022,12203,13,0,13,1,0,1,14,0,14,1.15
NY0602000,ARCADE VILLAGE PD ARCADE,ARCADE VILLAGE PD ARCADE,City,NY,2022,1975,6,0,6,0,0,0,6,0,6,3.04
LA0220400,GEORGETOWN PD,GEORGETOWN PD,City,LA,2022,277,3,0,3,1,1,2,4,1,5,18.05
CT0013700,STONINGTON PD,STONINGTON PD,City,CT,2022,18549,34,6,40,4,8,12,38,14,52,2.80
UT0220000,SUMMIT CO SO COALVILLE,SUMMIT CO SO COALVILLE,County,UT,2022,32796,56,21,77,10,24,34,66,45,111,3.38
AR0030100,MOUNTAIN HOME PD,MOUNTAIN HOME PD,City,AR,2022,13180,28,3,31,4,5,9,32,8,40,3.03
PA0130800,FRANKLIN TWP PD LEHIGHTON,FRANKLIN TWP PD LEHIGHTON,City,PA,2022,4469,5,0,5,0,0,0,5,0,5,1.12
NH0034600,WINCHESTER PD,WINCHESTER PD,City,NH,2022,4246,1,0,1,0,1,1,1,1,2,0.47
TX0230000,BRISCOE CO SO SILVERTON,BRISCOE CO SO SILVERTON,County,TX,2022,1393,4,0,4,0,0,0,4,0,4,2.87
OK0072600,SOUTHEASTERN OK ST UNIV,SOUTHEASTERN OK ST UNIV,University or College,OK,2022,0,6,0,6,0,1,1,6,1,7,
MI0321000,ALLEGAN PD,ALLEGAN PD,City,MI,2022,5155,9,0,9,0,1,1,9,1,10,1.94
TN0600000,MAURY CO SO COLUMBIA,MAURY CO SO COLUMBIA,County,TN,2022,39521,86,38,124,6,38,44,92,76,168,4.25
LA0060000,BEAUREGARD CO SO DE RIDDER,BEAUREGARD CO SO DE RIDDER,County,LA,2022,26344,85,32,117,21,6,27,106,38,144,5.47
TX0660000,DUVAL CO SO SAN DIEGO,DUVAL CO SO SAN DIEGO,County,TX,2022,4326,20,10,30,3,8,11,23,18,41,9.48
LA0400000,RAPIDES CO SO ALEXANDRIA,RAPIDES CO SO ALEXANDRIA,County,LA,2022,63191,347,21,368,55,96,151,402,117,519,8.21
MA0010600,EASTHAM PD,EASTHAM PD,City,MA,2022,5939,14,0,14,3,5,8,17,5,22,3.70
OH0470600,OBERLIN,OBERLIN,City,OH,2022,8238,14,1,15,2,7,9,16,8,24,2.91
WV0190000,JEFFERSON CO SO CHARLES TOWN,JEFFERSON CO SO CHARLES TOWN,County,WV,2022,43654,29,1,30,2,5,7,31,6,37,0.85
WA0240000,OKANOGAN CO SO OKANOGAN,OKANOGAN CO SO OKANOGAN,County,WA,2022,31760,22,24,46,2,24,26,24,48,72,2.27
NY0012100,ALTAMONT VILLAGE PD ALTAMONT,ALTAMONT VILLAGE PD ALTAMONT,City,NY,2022,1652,11,0,11,0,0,0,11,0,11,6.66
ME0110100,DOVER FOXCROFT PD,DOVER FOXCROFT PD,City,ME,2022,4537,5,0,5,0,0,0,5,0,5,1.10
WI0681300,,,City,WI,2022,580,6,0,6,0,0,0,6,0,6,10.34
NB0790600,MINATARE,MINATARE,City,NB,2022,715,2,0,2,0,0,0,2,0,2,2.80
NJ0200600,GARWOOD PD,GARWOOD PD,City,NJ,2022,4358,16,1,17,0,3,3,16,4,20,4.59
PA0096300,,,City,PA,2022,15313,24,0,24,2,4,6,26,4,30,1.96
NJ0033100,RIVERSIDE TWP PD RIVERSIDE,RIVERSIDE TWP PD RIVERSIDE,City,NJ,2022,7975,18,0,18,1,0,1,19,0,19,2.38
TN0310100,TRACY CITY PD,TRACY CITY PD,City,TN,2022,1424,3,0,3,0,0,0,3,0,3,2.11
SC021SP00,HP: FLORENCE COUNTY,HP: FLORENCE COUNTY,State Police,SC,2022,0,49,0,49,4,4,8,53,4,57,
TX0701000,WAXAHACHIE PD,WAXAHACHIE PD,City,TX,2022,45422,66,6,72,10,15,25,76,21,97,2.14
AZ0072300,PHOENIX POLICE DEPARTMENT,PHOENIX POLICE DEPARTMENT,City,AZ,2022,1637902,2229,285,2514,370,730,1100,2599,1015,3614,2.21
TN0730500,NINTH JUDICIAL DISTRICT DRUG TASK FORCE KINGSTO,NINTH JUDICIAL DISTRICT DRUG TASK FORCE KINGSTO,Other,TN,2022,0,5,0,5,1,0,1,6,0,6,
ND0400100,DUNSEITH PD,DUNSEITH PD,City,ND,2022,624,4,0,4,0,0,0,4,0,4,6.41
MO0950300,BELLA VILLA,BELLA VILLA,City,MO,2022,737,4,0,4,0,0,0,4,0,4,5.43
NH0070200,ALLENSTOWN,ALLENSTOWN,City,NH,2022,4788,6,0,6,3,2,5,9,2,11,2.30
OK0510800,HASKELL,HASKELL,City,OK,2022,1702,5,0,5,2,0,2,7,0,7,4.11
NB0520000,KEYA PAHA CO SO SPRINGVIEW,KEYA PAHA CO SO SPRINGVIEW,County,NB,2022,813,2,0,2,0,0,0,2,0,2,2.46
WA0130300,QUINCY PD,QUINCY PD,City,WA,2022,8413,18,1,19,4,6,10,22,7,29,3.45
IL0220700,ELMHURST PD,ELMHURST PD,City,IL,2022,45005,54,6,60,7,11,18,61,17,78,1.73
TN0490000,LAUDERDALE CO SO RIPLEY,LAUDERDALE CO SO RIPLEY,County,TN,2022,13739,20,16,36,3,19,22,23,35,58,4.22
IA0280000,DELAWARE CO SO MANCHESTER,DELAWARE CO SO MANCHESTER,County,IA,2022,12137,13,4,17,1,8,9,14,12,26,2.14
NJ0023600,MONTVALE PD,MONTVALE PD,City,NJ,2022,8436,27,0,27,1,2,3,28,2,30,3.56
NC0490200,STATESVILLE PD,STATESVILLE PD,City,NC,2022,29454,56,12,68,10,21,31,66,33,99,3.36
WY0100000,JOHNSON CO SO BUFFALO,JOHNSON CO SO BUFFALO,County,WY,2022,4238,25,1,26,3,3,6,28,4,32,7.55
UT0250800,SPRINGVILLE CITY PD,SPRINGVILLE CITY PD,City,UT,2022,36907,27,0,27,4,11,15,31,11,42,1.14
AR0360300,LAMAR POLICE DEPARTMENT,LAMAR POLICE DEPARTMENT,City,AR,2022,1738,3,0,3,0,0,0,3,0,3,1.73
CA0360100,BARSTOW PD,BARSTOW PD,City,CA,2022,25465,37,6,43,3,16,19,40,22,62,2.43
CA0240000,MERCED CO SO MERCED,MERCED CO SO MERCED,County,CA,2022,93050,182,12,194,43,49,92,225,61,286,3.07
FL0640700,HOLLY HILL PD,HOLLY HILL PD,City,FL,2022,13040,19,0,19,4,4,8,23,4,27,2.07
SC0252600,STATE TRANSPORT POLICE,STATE TRANSPORT POLICE,Other State Agency,SC,2022,0,2,0,2,0,0,0,2,0,2,
NJ0123000,RUTGERS UNIV PD NEW BRUNSWICK,RUTGERS UNIV PD NEW BRUNSWICK,University or College,NJ,2022,0,49,61,110,6,24,30,55,85,140,
TN0450300,DANDRIDGE PD,DANDRIDGE PD,City,TN,2022,3475,11,1,12,0,0,0,11,1,12,3.45
IA0310000,DUBUQUE CO SO DUBUQUE,DUBUQUE CO SO DUBUQUE,County,IA,2022,27372,58,9,67,17,11,28,75,20,95,3.47
MA0060900,GILL PD,GILL PD,City,MA,2022,1535,2,0,2,0,0,0,2,0,2,1.30
FL0230100,PORT ST JOE PD,PORT ST JOE PD,City,FL,2022,3696,8,0,8,1,1,2,9,1,10,2.71
SC0230500,SIMPSONVILLE PD,SIMPSONVILLE PD,City,SC,2022,25847,40,2,42,7,8,15,47,10,57,2.21
PA0090000,BUCKS CO SO DOYLESTOWN,BUCKS CO SO DOYLESTOWN,County,PA,2022,0,57,0,57,7,15,22,64,15,79,
NB0770200,PAPILLION PD,PAPILLION PD,City,NB,2022,23874,41,1,42,6,3,9,47,4,51,2.14
AL0530200,UNIONTOWN PD,UNIONTOWN PD,City,AL,2022,2010,4,0,4,1,1,2,5,1,6,2.99
NC0780100,LUMBERTON PD,LUMBERTON PD,City,NC,2022,18583,59,2,61,17,8,25,76,10,86,4.63
MN0800400,,,City,MN,2022,1359,3,0,3,0,0,0,3,0,3,2.21
WV0250900,LAW ENF DIV DEPT NATRL RESOURCES FAIRMONT,LAW ENF DIV DEPT NATRL RESOURCES FAIRMONT,Other State Agency,WV,2022,0,6,1,7,0,0,0,6,1,7,
MA0040200,EDGARTOWN PD,EDGARTOWN PD,City,MA,2022,5485,16,1,17,1,1,2,17,2,19,3.46
NC0780700,PEMBROKE PD,PEMBROKE PD,City,NC,2022,2803,10,1,11,1,2,3,11,3,14,4.99
PA0362600,NORTHWEST REGIONAL LANCASTER COUNTY POLICE,NORTHWEST REGIONAL LANCASTER COUNTY POLICE,City,PA,2022,19802,19,0,19,1,2,3,20,2,22,1.11
WI0140200,FOX LAKE PD,FOX LAKE PD,City,WI,2022,1578,3,0,3,0,0,0,3,0,3,1.90
MA0071800,SPRINGFIELD PD,SPRINGFIELD PD,City,MA,2022,155046,408,33,441,67,48,115,475,81,556,3.59
MO0880000,RANDOLPH,RANDOLPH,County,MO,2022,9499,18,8,26,3,10,13,21,18,39,4.11
CA0380100,SAN FRANCISCO PD,SAN FRANCISCO PD,City,CA,2022,764693,1663,410,2073,279,334,613,1942,744,2686,3.51
MS0610100,BRANDON PD,BRANDON PD,City,MS,2022,25636,28,4,32,4,8,12,32,12,44,1.72
TNTHP0100,DEPARTMENT OF SAFETY,DEPARTMENT OF SAFETY,State Police,TN,2022,0,872,207,1079,54,592,646,926,799,1725,
NH0033800,SWANZEY,SWANZEY,City,NH,2022,7468,9,0,9,1,2,3,10,2,12,1.61
VA0710200,GRETNA PD,GRETNA PD,City,VA,2022,1274,2,0,2,1,0,1,3,0,3,2.35
NC0921700,HOLLY SPRINGS PD,HOLLY SPRINGS PD,City,NC,2022,45406,60,6,66,15,10,25,75,16,91,2.00
FL0370400,FLORIDA DLE FIELD OFFICETALLAHASSEE,FLORIDA DLE FIELD OFFICETALLAHASSEE,Other State Agency,FL,2022,0,99,308,407,16,488,504,115,796,911,
NY0590500,OSSINING VILLAGE PD OSSINING,OSSINING VILLAGE PD OSSINING,City,NY,2022,26980,48,1,49,5,5,10,53,6,59,2.19
TN0240700,25TH JUDICIAL DISTRICT DRUG TASK FORCE,25TH JUDICIAL DISTRICT DRUG TASK FORCE,Other,TN,2022,0,1,0,1,0,0,0,1,0,1,
FL0050200,COCOA PD,COCOA PD,City,FL,2022,19618,54,5,59,7,25,32,61,30,91,4.64
CO0490200,SNOWMASS VILLAGE,SNOWMASS VILLAGE,City,CO,2022,3093,9,0,9,1,3,4,10,3,13,4.20
OK0660400,CHELSEA,CHELSEA,City,OK,2022,1991,3,2,5,1,0,1,4,2,6,3.01
VTVSP1200,STATE POLICE MIDDLESEX,STATE POLICE MIDDLESEX,State Police,VT,2022,26403,16,0,16,1,2,3,17,2,19,0.72
NH0050000,GRAFTON COUNTY SHERIFF'S OFFICE,GRAFTON COUNTY SHERIFF'S OFFICE,County,NH,2022,0,10,11,21,0,4,4,10,15,25,
OH0650100,CIRCLEVILLE,CIRCLEVILLE,City,OH,2022,14274,19,5,24,0,3,3,19,8,27,1.89
TX2370200,WALLER PD,WALLER PD,City,TX,2022,2846,10,0,10,2,2,4,12,2,14,4.92
ALDI00300,CREEK INDIAN POLICE DEPARTMENT ATMORE,CREEK INDIAN POLICE DEPARTMENT ATMORE,Tribal,AL,2022,0,40,3,43,4,8,12,44,11,55,
NC0220000,CLAY CO SO HAYESVILLE,CLAY CO SO HAYESVILLE,County,NC,2022,11559,20,0,20,1,5,6,21,5,26,2.25
TX2450100,LYFORD POLICE DEPARTMENT,LYFORD POLICE DEPARTMENT,City,TX,2022,2237,1,0,1,0,0,0,1,0,1,0.45
NM0240100,AZTEC PD,AZTEC PD,City,NM,2022,6130,13,0,13,1,2,3,14,2,16,2.61
MO0840000,POLK,POLK,County,MO,2022,18920,23,6,29,2,10,12,25,16,41,2.17
PA0353700,,,University or College,PA,2022,0,3,0,3,1,0,1,4,0,4,
OR0100000,DOUGLAS,DOUGLAS,County,OR,2022,66228,61,32,93,6,40,46,67,72,139,2.10
PA0210200,CARLISLE PD,CARLISLE PD,City,PA,2022,20237,28,1,29,1,1,2,29,2,31,1.53
NY0512000,AMITYVILLE VILLAGE PD AMITYVILLE,AMITYVILLE VILLAGE PD AMITYVILLE,City,NY,2022,9542,25,0,25,0,1,1,25,1,26,2.72
SC0062600,STATE TRANSPORT POLICE,STATE TRANSPORT POLICE,Other State Agency,SC,2022,0,1,0,1,0,0,0,1,0,1,
CO0300300,EDGEWATER,EDGEWATER,City,CO,2022,4892,15,1,16,3,4,7,18,5,23,4.70
NC0980200,BLACK CREEK PD,BLACK CREEK PD,City,NC,2022,681,2,0,2,0,0,0,2,0,2,2.94
MA0052900,SALISBURY PD,SALISBURY PD,City,MA,2022,9238,16,7,23,1,3,4,17,10,27,2.92
NJ0020600,CLIFFSIDE PARK PD,CLIFFSIDE PARK PD,City,NJ,2022,25531,47,0,47,2,1,3,49,1,50,1.96
ND0060000,BOWMAN CO SO BOWMAN,BOWMAN CO SO BOWMAN,County,ND,2022,1462,4,0,4,0,1,1,4,1,5,3.42
FL0580300,NORTH PORT PD,NORTH PORT PD,City,FL,2022,84459,113,12,125,14,26,40,127,38,165,1.95
MT0560600,,,University or College,MT,2022,0,6,0,6,1,1,2,7,1,8,
ME0100000,PENOBSCOT CO SO BANGOR,PENOBSCOT CO SO BANGOR,County,ME,2022,61562,47,0,47,1,4,5,48,4,52,0.84
SD0490200,SIOUX FALLS PD,SIOUX FALLS PD,City,SD,2022,199879,241,9,250,41,26,67,282,35,317,1.59
OH0572000,NEW LEBANON,NEW LEBANON,City,OH,2022,3781,7,0,7,1,0,1,8,0,8,2.12
NM0220200,EASTERN NM UNIV PD PORTALES,EASTERN NM UNIV PD PORTALES,University or College,NM,2022,0,6,0,6,2,1,3,8,1,9,
UTLED0100,LAW ENF DIV DPT OF WILD LIFE RES SALT LAKE CITY,LAW ENF DIV DPT OF WILD LIFE RES SALT LAKE CITY,Other State Agency,UT,2022,0,71,8,79,5,2,7,76,10,86,
LA0490500,WASHINGTON PD,WASHINGTON PD,City,LA,2022,732,1,0,1,2,1,3,3,1,4,5.46
NY0297200,OLD BROOKVILLE VILLAGE PD GLEN HEAD,OLD BROOKVILLE VILLAGE PD GLEN HEAD,City,NY,2022,2070,13,0,13,1,1,2,14,1,15,7.25
NJ0140900,DOVER PD,DOVER PD,City,NJ,2022,18434,34,0,34,0,3,3,34,3,37,2.01
MI5022000,ARMADA PD,ARMADA PD,City,MI,2022,1658,2,0,2,0,0,0,2,0,2,1.21
WA0321500,SPOKANE VALLEY POLICE DEPARTMENT,SPOKANE VALLEY POLICE DEPARTMENT,City,WA,2022,108076,97,8,105,7,18,25,104,26,130,1.20
PA0560700,CONEMAUGH TWP PD JOHNSTOWN,CONEMAUGH TWP PD JOHNSTOWN,City,PA,2022,6666,7,0,7,0,0,0,7,0,7,1.05
TX1500000,LLANO COUNTY SHERIFFS OFFICE,LLANO COUNTY SHERIFFS OFFICE,County,TX,2022,14880,24,4,28,2,16,18,26,20,46,3.09
SC042169E,SPARTANBURG METHODIST COLLEGE CAMPUS POLICE,SPARTANBURG METHODIST COLLEGE CAMPUS POLICE,University or College,SC,2022,0,4,1,5,1,1,2,5,2,7,
IL0221300,LOMBARD PD,LOMBARD PD,City,IL,2022,43447,52,6,58,11,5,16,63,11,74,1.70
MA0072200,WESTFIELD PD,WESTFIELD PD,City,MA,2022,40691,76,1,77,4,2,6,80,3,83,2.04
IL0630200,MASON CITY PD,MASON CITY PD,City,IL,2022,2011,3,0,3,0,0,0,3,0,3,1.49
IL0451200,SLEEPY HOLLOW POLICE DEPARTMENT,SLEEPY HOLLOW POLICE DEPARTMENT,City,IL,2022,3160,7,1,8,1,1,2,8,2,10,3.16
OH0680000,PREBLE,PREBLE,County,OH,2022,25026,25,13,38,1,21,22,26,34,60,2.40
MD0020500,MD DEPT OF NATURAL RESOURCES LAW ENFORCEMENT,MD DEPT OF NATURAL RESOURCES LAW ENFORCEMENT,Other State Agency,MD,2022,0,215,36,251,46,32,78,261,68,329,
WI0160100,SUPERIOR PD,SUPERIOR PD,City,WI,2022,26429,43,0,43,8,7,15,51,7,58,2.19
WI0720100,MARSHFIELD PD,MARSHFIELD PD,City,WI,2022,18787,35,2,37,4,6,10,39,8,47,2.50
IL0165800,LA GRANGE PARK PD LA GRANGE,LA GRANGE PARK PD LA GRANGE,City,IL,2022,12992,17,0,17,4,2,6,21,2,23,1.77
SC0130500,PAGELAND PD,PAGELAND PD,City,SC,2022,2436,10,1,11,2,3,5,12,4,16,6.57
MO0900000,REYNOLDS,REYNOLDS,County,MO,2022,5891,6,1,7,2,1,3,8,2,10,1.70
TX1630200,DEVINE PD,DEVINE PD,City,TX,2022,4483,8,1,9,2,3,5,10,4,14,3.12
SC0021400,PERRY POLICE DEPARTMENT PERRY,PERRY POLICE DEPARTMENT PERRY,City,SC,2022,198,1,0,1,0,1,1,1,1,2,10.10
WA0030100,KENNEWICK PD,KENNEWICK PD,City,WA,2022,85058,86,2,88,5,14,19,91,16,107,1.26
LA0120000,CAMERON CO SO CAMERON,CAMERON CO SO CAMERON,County,LA,2022,4585,67,2,69,18,10,28,85,12,97,21.16
NY0515800,SOUTHAMPTON TOWN PD HAMPTON BAYS,SOUTHAMPTON TOWN PD HAMPTON BAYS,City,NY,2022,59691,87,17,104,14,22,36,101,39,140,2.35
TX2270500,UNIV OF TEXAS AT AUSTIN PD AUSTIN,UNIV OF TEXAS AT AUSTIN PD AUSTIN,University or College,TX,2022,0,67,23,90,14,18,32,81,41,122,
TX1950200,PECOS PD,PECOS PD,City,TX,2022,12483,18,5,23,5,24,29,23,29,52,4.17
NC0520200,MAYSVILLE PD,MAYSVILLE PD,City,NC,2022,838,2,0,2,0,0,0,2,0,2,2.39
NY0570000,WASHINGTON CO SHERIFF'S DEPARTMENT,WASHINGTON CO SHERIFF'S DEPARTMENT,County,NY,2022,42357,39,0,39,3,5,8,42,5,47,1.11
MI1136800,EAU CLAIRE PD,EAU CLAIRE PD,City,MI,2022,540,1,0,1,0,0,0,1,0,1,1.85
TN019980X,TENNCARE OFF INSPCT GNRL,TENNCARE OFF INSPCT GNRL,Other State Agency,TN,2022,0,17,7,24,2,21,23,19,28,47,
GA0310300,MORROW PD,MORROW PD,City,GA,2022,6493,23,1,24,3,1,4,26,2,28,4.31
MI6388800,OAKLAND UNIVERSITY PD ROCHESTER,OAKLAND UNIVERSITY PD ROCHESTER,University or College,MI,2022,0,13,5,18,5,6,11,18,11,29,
OH0200200,HICKSVILLE,HICKSVILLE,City,OH,2022,3414,10,0,10,1,1,2,11,1,12,3.51
NJ0030600,BURLINGTON TWP PD BURLINGTON,BURLINGTON TWP PD BURLINGTON,City,NJ,2022,23927,40,5,45,3,5,8,43,10,53,2.22
MD0090000,CHARLES CO SO LA PLATA,CHARLES CO SO LA PLATA,County,MD,2022,160248,270,53,323,32,132,164,302,185,487,3.04
MI2250700,KINGSFORD PD,KINGSFORD PD,City,MI,2022,5100,18,0,18,0,0,0,18,0,18,3.53
NJ0020900,DEMAREST PD,DEMAREST PD,City,NJ,2022,4812,17,0,17,0,0,0,17,0,17,3.53
TX2480100,KERMIT PD,KERMIT PD,City,TX,2022,5749,13,2,15,0,8,8,13,10,23,4.00
OK0530000,NOWATA,NOWATA,County,OK,2022,5168,4,2,6,0,3,3,4,5,9,1.74
WI0410900,HALES CORNERS PD,HALES CORNERS PD,City,WI,2022,7516,15,0,15,1,0,1,16,0,16,2.13
KY1000500,FERGUSON PD FERGUSON,FERGUSON PD FERGUSON,City,KY,2022,885,1,0,1,0,0,0,1,0,1,1.13
NJ0030200,BEVERLY CITY PD,BEVERLY CITY PD,City,NJ,2022,2487,8,0,8,1,0,1,9,0,9,3.62
WADI06200,PUYALLUP TRIBAL POLICE DEPARTMENT TACOMA,PUYALLUP TRIBAL POLICE DEPARTMENT TACOMA,Tribal,WA,2022,0,17,10,27,1,10,11,18,20,38,
WV0250000,MARION CO SO FAIRMONT,MARION CO SO FAIRMONT,County,WV,2022,30545,29,8,37,0,4,4,29,12,41,1.34
SC041NR00,DNR: SALUDA COUNTY,DNR: SALUDA COUNTY,Other State Agency,SC,2022,0,3,0,3,1,0,1,4,0,4,
GA1010100,CAMILLA PD,CAMILLA PD,City,GA,2022,5001,11,1,12,6,2,8,17,3,20,4.00
IL0590200,BRIGHTON PD,BRIGHTON PD,City,IL,2022,2172,4,0,4,0,0,0,4,0,4,1.84
TX0432500,,,City,TX,2022,10917,10,0,10,4,0,4,14,0,14,1.28
SC031NR00,DNR: LEE COUNTY,DNR: LEE COUNTY,Other State Agency,SC,2022,0,2,1,3,0,0,0,2,1,3,
OK0570300,HOMINY,HOMINY,City,OK,2022,3244,4,2,6,0,1,1,4,3,7,2.16
ME0090400,NORWAY PD,NORWAY PD,City,ME,2022,5201,7,0,7,1,1,2,8,1,9,1.73
NB0340100,BEATRICE PD,BEATRICE PD,City,NB,2022,12164,18,5,23,5,10,15,23,15,38,3.12
IL0169E00,TRITON COLLEGE PD RIVER GROVE,TRITON COLLEGE PD RIVER GROVE,University or College,IL,2022,0,9,2,11,1,3,4,10,5,15,
IL0561500,WOODSTOCK PD,WOODSTOCK PD,City,IL,2022,25778,38,1,39,1,3,4,39,4,43,1.67
IL0700000,MOULTRIE CO SO SULLIVAN,MOULTRIE CO SO SULLIVAN,County,IL,2022,7054,11,0,11,0,0,0,11,0,11,1.56
OK0180100,VINITA,VINITA,City,OK,2022,5170,9,1,10,1,3,4,10,4,14,2.71
MS0810000,YALOBUSHA CO SO WATER VALLEY,YALOBUSHA CO SO WATER VALLEY,County,MS,2022,7816,7,0,7,0,1,1,7,1,8,1.02
CA0193800,LA VERNE PD,LA VERNE PD,City,CA,2022,30060,32,2,34,7,15,22,39,17,56,1.86
IL0166500,MARKHAM PD,MARKHAM PD,City,IL,2022,11184,31,0,31,4,2,6,35,2,37,3.31
OH0183300,NEWBURGH HEIGHTS,NEWBURGH HEIGHTS,City,OH,2022,1808,13,0,13,2,2,4,15,2,17,9.40
AZ0110500,ELOY PD,ELOY PD,City,AZ,2022,15717,25,3,28,4,7,11,29,10,39,2.48
GA0280000,CHEROKEE CO SO CANTON,CHEROKEE CO SO CANTON,County,GA,2022,187183,241,58,299,42,78,120,283,136,419,2.24
NMDI08300,,,Tribal,NM,2022,0,4,0,4,1,1,2,5,1,6,
OK0260900,MINCO,MINCO,City,OK,2022,1523,3,0,3,1,0,1,4,0,4,2.63
NC0790800,HAW RIVER STATE PARK RANGERS,HAW RIVER STATE PARK RANGERS,Other State Agency,NC,2022,0,9,0,9,0,0,0,9,0,9,
MI3278900,UBLY PD,UBLY PD,City,MI,2022,839,1,0,1,0,0,0,1,0,1,1.19
WI0250100,DODGEVILLE PD,DODGEVILLE PD,City,WI,2022,4995,11,0,11,0,0,0,11,0,11,2.20
PA0410000,LYCOMING CO SO WILLIAMSPORT,LYCOMING CO SO WILLIAMSPORT,County,PA,2022,0,14,0,14,3,6,9,17,6,23,
ID0010100,BOISE PD,BOISE PD,City,ID,2022,239074,258,17,275,30,62,92,288,79,367,1.54
KS0540100,MOUND CITY PD,MOUND CITY PD,City,KS,2022,658,11,0,11,2,0,2,13,0,13,19.76
MI4014000,KALKASKA CO SO KALKASKA,KALKASKA CO SO KALKASKA,County,MI,2022,14914,15,16,31,2,10,12,17,26,43,2.88
CA0310500,ROSEVILLE PD,ROSEVILLE PD,City,CA,2022,155448,119,20,139,11,44,55,130,64,194,1.25
AR0570000,POLK CO SO MENA,POLK CO SO MENA,County,AR,2022,13910,19,6,25,1,7,8,20,13,33,2.37
TX0830200,SEMINOLE PD,SEMINOLE PD,City,TX,2022,7066,8,0,8,2,2,4,10,2,12,1.70
SC042SP00,HP: SPARTANBURG COUNTY,HP: SPARTANBURG COUNTY,State Police,SC,2022,0,49,0,49,1,0,1,50,0,50,
PA0211500,NORTH MIDDLETON TWP PD CARLISLE,NORTH MIDDLETON TWP PD CARLISLE,City,PA,2022,12391,10,0,10,1,1,2,11,1,12,0.97
PA0234500,PARKSIDE BORO PD CHESTER,PARKSIDE BORO PD CHESTER,City,PA,2022,2285,2,0,2,0,0,0,2,0,2,0.88
WA034225Y,WA INS COMM SPECIAL INVESTIATION UNIT,WA INS COMM SPECIAL INVESTIATION UNIT,Other State Agency,WA,2022,0,9,0,9,0,2,2,9,2,11,
NH0074400,PITTSFIELD PD,PITTSFIELD PD,City,NH,2022,4155,7,0,7,0,0,0,7,0,7,1.68
MO0580000,LINN,LINN,County,MO,2022,5231,1,0,1,1,0,1,2,0,2,0.38
GA0640200,FAIRMOUNT PD,FAIRMOUNT PD,City,GA,2022,775,7,0,7,0,1,1,7,1,8,10.32
OH0080800,RUSSELLVILLE,RUSSELLVILLE,City,OH,2022,545,3,0,3,0,1,1,3,1,4,7.34
CO0030700,GREENWOOD VILLAGE,GREENWOOD VILLAGE,City,CO,2022,15351,55,9,64,11,15,26,66,24,90,5.86
TN0220100,DICKSON PD,DICKSON PD,City,TN,2022,16154,55,1,56,6,5,11,61,6,67,4.15
IL0167B00,WESTERN SPRINGS PD,WESTERN SPRINGS PD,City,IL,2022,13175,15,1,16,4,3,7,19,4,23,1.75
NJ0011700,MULLICA TWP PD ELWOOD,MULLICA TWP PD ELWOOD,City,NJ,2022,5798,14,0,14,1,1,2,15,1,16,2.76
FL0070000,CALHOUN CO SO BLOUNTSTOWN,CALHOUN CO SO BLOUNTSTOWN,County,FL,2022,11060,21,1,22,0,3,3,21,4,25,2.26
IA0650000,MILLS CO SO GLENWOOD,MILLS CO SO GLENWOOD,County,IA,2022,9343,12,2,14,1,13,14,13,15,28,3.00
PA0211600,SHIPPENSBURG UNIVERSITY CAMPUS PD SHIPPENSBURG,SHIPPENSBURG UNIVERSITY CAMPUS PD SHIPPENSBURG,University or College,PA,2022,0,12,0,12,3,0,3,15,0,15,
SD0080100,CROW CREEK TRIBAL PD FORT THOMPSON,CROW CREEK TRIBAL PD FORT THOMPSON,Tribal,SD,2022,0,5,0,5,1,4,5,6,4,10,
TN0710000,PUTNAM CO SO COOKEVILLE,PUTNAM CO SO COOKEVILLE,County,TN,2022,38430,72,60,132,4,29,33,76,89,165,4.29
OH0090900,TRENTON,TRENTON,City,OH,2022,13534,18,2,20,0,3,3,18,5,23,1.70
MO0920700,COTTLEVILLE,COTTLEVILLE,City,MO,2022,5828,15,0,15,0,0,0,15,0,15,2.57
MS0010100,NATCHEZ PD,NATCHEZ PD,City,MS,2022,13456,20,1,21,8,13,21,28,14,42,3.12
NJ0100400,CALIFON PD,CALIFON PD,City,NJ,2022,1016,32,1,33,0,2,2,32,3,35,34.45
AZ0110300,COOLIDGE POLICE DEPARTMENT,COOLIDGE POLICE DEPARTMENT,City,AZ,2022,16027,29,0,29,4,14,18,33,14,47,2.93
SC013SP00,HP: CHESTERFIELD COUNTY,HP: CHESTERFIELD COUNTY,State Police,SC,2022,0,4,3,7,0,1,1,4,4,8,
OR0290400,TILLAMOOK,TILLAMOOK,City,OR,2022,5314,11,0,11,0,2,2,11,2,13,2.45
KS0500300,CHETOPA PD,CHETOPA PD,City,KS,2022,911,4,0,4,0,0,0,4,0,4,4.39
WA0010000,ADAMS CO SO RITZVILLE,ADAMS CO SO RITZVILLE,County,WA,2022,10127,16,10,26,0,8,8,16,18,34,3.36
GA0750100,MCDONOUGH PD,MCDONOUGH PD,City,GA,2022,31292,41,2,43,6,6,12,47,8,55,1.76
LA036219E,DILLARD UNIVERSITY,DILLARD UNIVERSITY,University or College,LA,2022,0,9,5,14,2,4,6,11,9,20,
LA0530900,SOUTHEASTERN LA COLL PD HAMMOND,SOUTHEASTERN LA COLL PD HAMMOND,University or College,LA,2022,0,18,0,18,5,5,10,23,5,28,
NB0450100,O'NEILL PD,O'NEILL PD,City,NB,2022,3536,8,0,8,0,1,1,8,1,9,2.55
NM0140300,RUIDOSO DOWNS PD,RUIDOSO DOWNS PD,City,NM,2022,2664,7,1,8,1,3,4,8,4,12,4.50
MO0160000,CAPE GIRARDEAU,CAPE GIRARDEAU,County,MO,2022,26371,56,21,77,8,27,35,64,48,112,4.25
TN0320400,TENNESSEE WILDLIFE RESOURCES AGENCY MORRISTOWN,TENNESSEE WILDLIFE RESOURCES AGENCY MORRISTOWN,Other State Agency,TN,2022,0,47,0,47,3,3,6,50,3,53,
WI0130500,STOUGHTON PD,STOUGHTON PD,City,WI,2022,12948,24,2,26,0,4,4,24,6,30,2.32
PA0361100,NEW HOLLAND PD,NEW HOLLAND PD,City,PA,2022,12822,17,0,17,1,1,2,18,1,19,1.48
SC0160300,LAMAR PD,LAMAR PD,City,SC,2022,861,1,0,1,0,0,0,1,0,1,1.16
TN0800000,SMITH CO SO CARTHAGE,SMITH CO SO CARTHAGE,County,TN,2022,15240,29,14,43,1,16,17,30,30,60,3.94
MI7371800,SAGINAW TWP PD,SAGINAW TWP PD,City,MI,2022,41334,39,1,40,3,5,8,42,6,48,1.16
TX1880000,POTTER CO SO AMARILLO,POTTER CO SO AMARILLO,County,TX,2022,16830,75,82,157,16,55,71,91,137,228,13.55
IL0110200,TAYLORVILLE PD,TAYLORVILLE PD,City,IL,2022,10634,18,2,20,3,3,6,21,5,26,2.44
WIMPD0000,MILWAUKEE PD,MILWAUKEE PD,City,WI,2022,561743,1334,0,1334,259,0,259,1593,0,1593,2.84
AK0010200,FAIRBANKS PD,FAIRBANKS PD,City,AK,2022,32785,30,1,31,3,5,8,33,6,39,1.19
WV0010200,PHILIPPI PD,PHILIPPI PD,City,WV,2022,2921,6,0,6,0,0,0,6,0,6,2.05
TN0920600,UNIV OF TENNESSEE DEPT PUBLIC SAFETY MARTIN,UNIV OF TENNESSEE DEPT PUBLIC SAFETY MARTIN,University or College,TN,2022,0,10,3,13,0,0,0,10,3,13,
WI0652300,UNIV OF WI WHITEWATER POLICE,UNIV OF WI WHITEWATER POLICE,University or College,WI,2022,0,13,0,13,2,2,4,15,2,17,
KY0280000,CRITTENDEN CO SO MARION,CRITTENDEN CO SO MARION,County,KY,2022,6071,4,0,4,0,1,1,4,1,5,0.82
NB0800000,SEWARD CO SO SEWARD,SEWARD CO SO SEWARD,County,NB,2022,7781,17,1,18,1,3,4,18,4,22,2.83
TX0490100,GAINESVILLE PD,GAINESVILLE PD,City,TX,2022,17789,36,3,39,2,12,14,38,15,53,2.98
NJ0071300,MONTCLAIR PD,MONTCLAIR PD,City,NJ,2022,41117,100,3,103,11,14,25,111,17,128,3.11
AL0470400,NEW HOPE PD,NEW HOPE PD,City,AL,2022,2884,4,0,4,0,0,0,4,0,4,1.39
MD0100300,HURLOCK PD,HURLOCK PD,City,MD,2022,2067,10,0,10,1,1,2,11,1,12,5.81
WVWSP5700,STATE POLICE WESTON,STATE POLICE WESTON,State Police,WV,2022,0,6,0,6,0,1,1,6,1,7,
WI0570000,SAUK CO SO BARABOO,SAUK CO SO BARABOO,County,WI,2022,33171,83,8,91,24,21,45,107,29,136,4.10
NJ0143000,LONGHILL POLICE DEPARTMENT,LONGHILL POLICE DEPARTMENT,City,NJ,2022,8610,20,0,20,3,2,5,23,2,25,2.90
MA0053400,WEST NEWBURY PD,WEST NEWBURY PD,City,MA,2022,4605,9,1,10,1,4,5,10,5,15,3.26
WI0410700,GREENDALE PD,GREENDALE PD,City,WI,2022,14459,27,1,28,3,12,15,30,13,43,2.97
CT0000900,BETHEL PD,BETHEL PD,City,CT,2022,20728,34,6,40,7,7,14,41,13,54,2.61
WA0290400,BURLINGTON PD,BURLINGTON PD,City,WA,2022,10187,20,1,21,4,5,9,24,6,30,2.94
IL0460300,BOURBONNAIS PD,BOURBONNAIS PD,City,IL,2022,18780,27,1,28,0,1,1,27,2,29,1.54
IL0990800,LOCKPORT PD,LOCKPORT PD,City,IL,2022,26079,39,0,39,2,5,7,41,5,46,1.76
MI5030300,CENTER LINE DPS CENTER LINE,CENTER LINE DPS CENTER LINE,City,MI,2022,8357,18,1,19,2,4,6,20,5,25,2.99
TX0180100,CLIFTON PD,CLIFTON PD,City,TX,2022,3526,7,0,7,0,1,1,7,1,8,2.27
ND0170000,GOLDEN VALLEY CO SO BEACH,GOLDEN VALLEY CO SO BEACH,County,ND,2022,1830,4,0,4,0,1,1,4,1,5,2.73
IL0162100,CICERO PD,CICERO PD,City,IL,2022,81492,156,22,178,16,30,46,172,52,224,2.75
NC0740400,BETHEL PD,BETHEL PD,City,NC,2022,1394,2,0,2,2,0,2,4,0,4,2.87
KY0890000,MUHLENBERG CO SO GREENVILLE,MUHLENBERG CO SO GREENVILLE,County,KY,2022,19405,17,0,17,0,2,2,17,2,19,0.98
TN0220300,WHITE BLUFF PD,WHITE BLUFF PD,City,TN,2022,4065,6,0,6,0,0,0,6,0,6,1.48
NC0600400,CORNELIUS PD,CORNELIUS PD,City,NC,2022,31781,56,4,60,4,12,16,60,16,76,2.39
TX0612300,CORINTH PD DENTON,CORINTH PD DENTON,City,TX,2022,22719,33,0,33,3,3,6,36,3,39,1.72
WA0271100,STEILACOOM PD,STEILACOOM PD,City,WA,2022,6690,10,0,10,0,1,1,10,1,11,1.64
WV0230100,LOGAN PD,LOGAN PD,City,WV,2022,1369,8,2,10,0,1,1,8,3,11,8.04
ID0080000,BOISE CO SO IDAHO CITY,BOISE CO SO IDAHO CITY,County,ID,2022,7989,14,0,14,1,8,9,15,8,23,2.88
NJ0030900,DELANCO TWP PD DELANCO,DELANCO TWP PD DELANCO,City,NJ,2022,4805,14,0,14,0,1,1,14,1,15,3.12
MI6381500,WEST BLOOMFIELD TWP PD,WEST BLOOMFIELD TWP PD,City,MI,2022,65271,69,10,79,8,21,29,77,31,108,1.65
NC0450000,HENDERSON CO SO HENDERSONVILLE,HENDERSON CO SO HENDERSONVILLE,County,NC,2022,92308,132,35,167,14,39,53,146,74,220,2.38
TN0940300,BRENTWOOD PD,BRENTWOOD PD,City,TN,2022,45581,55,8,63,6,10,16,61,18,79,1.73
AL0290200,TALLASSEE DEPARTMENT OF PUBLIC SAFETY,TALLASSEE DEPARTMENT OF PUBLIC SAFETY,City,AL,2022,4816,20,2,22,1,7,8,21,9,30,6.23
GA0750000,HENRY CO SO MCDONOUGH,HENRY CO SO MCDONOUGH,County,GA,2022,0,153,26,179,70,40,110,223,66,289,
MI8056400,MATTAWAN PD,MATTAWAN PD,City,MI,2022,2663,5,0,5,1,0,1,6,0,6,2.25
GA1360300,COOLIDGE PD,COOLIDGE PD,City,GA,2022,534,1,0,1,0,0,0,1,0,1,1.87
MN0700600,SAVAGE PD,SAVAGE PD,City,MN,2022,33372,30,0,30,4,10,14,34,10,44,1.32
RI0010300,WARREN PD,WARREN PD,City,RI,2022,11243,25,2,27,1,3,4,26,5,31,2.76
OH0320100,FINDLAY,FINDLAY,City,OH,2022,39881,61,4,65,2,13,15,63,17,80,2.01
OH0730100,NEW BOSTON,NEW BOSTON,City,OH,2022,2267,7,0,7,1,3,4,8,3,11,4.85
GA0580100,CUMMING PD,CUMMING PD,City,GA,2022,7482,17,0,17,2,2,4,19,2,21,2.81
OK0640100,ANTLERS,ANTLERS,City,OK,2022,2179,5,2,7,1,4,5,6,6,12,5.51
VA0940300,GLADE SPRING PD,GLADE SPRING PD,City,VA,2022,1355,3,0,3,0,0,0,3,0,3,2.21
PA0172100,,,University or College,PA,2022,0,2,0,2,0,0,0,2,0,2,
CA0270400,GREENFIELD PD,GREENFIELD PD,City,CA,2022,19157,16,1,17,1,6,7,17,7,24,1.25
OK0141100,MID-AMERICA CHRISTIAN UN,MID-AMERICA CHRISTIAN UN,University or College,OK,2022,0,6,0,6,0,0,0,6,0,6,
AK0010700,PETERSBURG PD,PETERSBURG PD,City,AK,2022,3314,8,0,8,0,2,2,8,2,10,3.02
ME0020000,AROOSTOOK CO SO HOULTON,AROOSTOOK CO SO HOULTON,County,ME,2022,29262,17,4,21,1,3,4,18,7,25,0.85
SC035SP00,HP: MARLBORO COUNTY,HP: MARLBORO COUNTY,State Police,SC,2022,0,4,0,4,0,0,0,4,0,4,
MO0750000,OREGON,OREGON,County,MO,2022,6092,4,3,7,1,2,3,5,5,10,1.64
CO0210300,MANITOU SPRINGS,MANITOU SPRINGS,City,CO,2022,4782,14,1,15,2,0,2,16,1,17,3.55
GA1150100,CEDARTOWN PD,CEDARTOWN PD,City,GA,2022,10397,28,2,30,3,2,5,31,4,35,3.37
TN0660300,KENTON PD,KENTON PD,City,TN,2022,1184,3,0,3,0,0,0,3,0,3,2.53
NH0054000,HEBRON PD,HEBRON PD,City,NH,2022,649,1,0,1,0,0,0,1,0,1,1.54
MS0730100,NEW ALBANY PD,NEW ALBANY PD,City,MS,2022,7645,25,0,25,1,2,3,26,2,28,3.66
NV002051C,,,Other,NV,2022,0,90,170,260,12,118,130,102,288,390,
NJ0071100,MAPLEWOOD TWP PD MAPLEWOOD,MAPLEWOOD TWP PD MAPLEWOOD,City,NJ,2022,25088,53,2,55,10,10,20,63,12,75,2.99
IL0842400,PLEASANT PLAINS,PLEASANT PLAINS,City,IL,2022,804,1,0,1,0,0,0,1,0,1,1.24
WA0370800,WESTERN WASHINGTON UNIVERSITY POLICE,WESTERN WASHINGTON UNIVERSITY POLICE,University or College,WA,2022,0,12,0,12,1,8,9,13,8,21,
TX1280100,KARNES CITY POLICE DEPT,KARNES CITY POLICE DEPT,City,TX,2022,3271,8,0,8,0,1,1,8,1,9,2.75
KY0840100,HARRODSBURG PD,HARRODSBURG PD,City,KY,2022,9200,15,1,16,1,2,3,16,3,19,2.07
TN0940100,FRANKLIN PD,FRANKLIN PD,City,TN,2022,87081,124,2,126,16,11,27,140,13,153,1.76
CA0349600,CITY POLICE DEPARTMENT CITRUS HEIGHTS,CITY POLICE DEPARTMENT CITRUS HEIGHTS,City,CA,2022,86896,66,19,85,12,35,47,78,54,132,1.52
TX2370000,WALLER COUNTY SHERIFFS OFFICE,WALLER COUNTY SHERIFFS OFFICE,County,TX,2022,35839,59,21,80,17,29,46,76,50,126,3.52
MO0500400,HILLSBORO,HILLSBORO,City,MO,2022,3497,7,0,7,4,1,5,11,1,12,3.43
TN0320100,MORRISTOWN PD,MORRISTOWN PD,City,TN,2022,30988,69,0,69,8,5,13,77,5,82,2.65
TX0850000,GARZA CO SO POST,GARZA CO SO POST,County,TX,2022,5969,8,9,17,0,19,19,8,28,36,6.03
FL0050000,BREVARD CO SO TITUSVILLE,BREVARD CO SO TITUSVILLE,County,FL,2022,255500,455,122,577,84,282,366,539,404,943,3.69
VA0430700,J SARGEANT REYNOLDS COMM COLLEGE POLICE DEPT,J SARGEANT REYNOLDS COMM COLLEGE POLICE DEPT,University or College,VA,2022,0,8,1,9,1,1,2,9,2,11,
NC0510000,JOHNSTON CO SO SMITHFIELD,JOHNSTON CO SO SMITHFIELD,County,NC,2022,172995,113,7,120,11,18,29,124,25,149,0.86
MI5079200,UTICA PD,UTICA PD,City,MI,2022,5129,12,0,12,2,2,4,14,2,16,3.12
GA0390000,CRAWFORD CO SO KNOXVILLE,CRAWFORD CO SO KNOXVILLE,County,GA,2022,11465,11,3,14,2,14,16,13,17,30,2.62
SC045FC00,FC: WILLIAMSBURG COUNTY,FC: WILLIAMSBURG COUNTY,Other State Agency,SC,2022,0,3,0,3,0,0,0,3,0,3,
MO0070100,ADRIAN,ADRIAN,City,MO,2022,1734,5,0,5,0,0,0,5,0,5,2.88
OKDI00600,CHOCTAW NATION,CHOCTAW NATION,Tribal,OK,2022,0,85,7,92,4,2,6,89,9,98,
MI2921300,ALMA PD,ALMA PD,City,MI,2022,9365,13,1,14,1,1,2,14,2,16,1.71
WVWSP3000,STATE POLICE MOUNDSVILLE,STATE POLICE MOUNDSVILLE,State Police,WV,2022,0,4,0,4,0,1,1,4,1,5,
MN0480300,,,City,MN,2022,836,4,0,4,0,0,0,4,0,4,4.78
SD005UN00,SOUTH DAKOTA STATE UNIV,SOUTH DAKOTA STATE UNIV,University or College,SD,2022,0,14,3,17,0,3,3,14,6,20,
PA0531500,,,Other State Agency,PA,2022,0,1,0,1,1,0,1,2,0,2,
OK0010000,ADAIR,ADAIR,County,OK,2022,14161,10,10,20,2,10,12,12,20,32,2.26
AZ0111700,MARICOPA POLICE DEPARTMENT,MARICOPA POLICE DEPARTMENT,City,AZ,2022,66525,51,8,59,12,10,22,63,18,81,1.22
MN0272900,CHAMPLIN PD,CHAMPLIN PD,City,MN,2022,23038,22,1,23,2,4,6,24,5,29,1.26
CA0198400,CALIFORNIA STATE UNIV PD NORTHRIDGE,CALIFORNIA STATE UNIV PD NORTHRIDGE,University or College,CA,2022,0,15,12,27,1,8,9,16,20,36,
NJ0032300,MOORESTOWN TWP PD MOORESTOWN,MOORESTOWN TWP PD MOORESTOWN,City,NJ,2022,21420,34,0,34,0,4,4,34,4,38,1.77
MO0370300,OWENSVILLE,OWENSVILLE,City,MO,2022,2750,6,0,6,1,1,2,7,1,8,2.91
AL0230000,COVINGTON CO SO ANDALUSIA,COVINGTON CO SO ANDALUSIA,County,AL,2022,18912,27,2,29,0,3,3,27,5,32,1.69
NY0210000,HERKIMER CO SHERIFF'S DEPARTMENT HERKIMER,HERKIMER CO SHERIFF'S DEPARTMENT HERKIMER,County,NY,2022,27811,9,0,9,2,7,9,11,7,18,0.65
WADI08300,,,Tribal,WA,2022,0,2,0,2,0,1,1,2,1,3,
MN0030300,,,City,MN,2022,557,1,0,1,0,0,0,1,0,1,1.80
KS0040100,KIOWA PD,KIOWA PD,City,KS,2022,850,1,0,1,0,0,0,1,0,1,1.18
TX0970100,HAMILTON PD,HAMILTON PD,City,TX,2022,2860,7,0,7,1,1,2,8,1,9,3.15
TN0630100,CLARKSVILLE PD,CLARKSVILLE PD,City,TN,2022,174738,261,19,280,47,58,105,308,77,385,2.20
TX1017000,SPRING BRANCH INDEPENDENT SCHOOL DISTRICT PD,SPRING BRANCH INDEPENDENT SCHOOL DISTRICT PD,Other,TX,2022,0,33,4,37,15,9,24,48,13,61,
SC039SP00,HP: PICKENS COUNTY,HP: PICKENS COUNTY,State Police,SC,2022,0,30,0,30,1,0,1,31,0,31,
CO0180100,CASTLE ROCK,CASTLE ROCK,City,CO,2022,79102,74,4,78,12,29,41,86,33,119,1.50
CA016070X,AVENAL,AVENAL,City,CA,2022,0,15,0,15,1,2,3,16,2,18,
IA0090200,WAVERLY PD,WAVERLY PD,City,IA,2022,10445,15,0,15,2,1,3,17,1,18,1.72
AZ007B300,,,Tribal,AZ,2022,0,12,3,15,3,3,6,15,6,21,
RIRSP0300,SP HOPE VALLEY,SP HOPE VALLEY,State Police,RI,2022,0,26,0,26,5,0,5,31,0,31,
MD0173900,NEW CARROLLTON POLICE DEPARTMENT,NEW CARROLLTON POLICE DEPARTMENT,City,MD,2022,13365,14,0,14,3,0,3,17,0,17,1.27
MI6416400,OCEANA CO SO HART,OCEANA CO SO HART,County,MI,2022,20362,21,9,30,0,6,6,21,15,36,1.77
FL0480100,APOPKA PD,APOPKA PD,City,FL,2022,56125,90,16,106,18,23,41,108,39,147,2.62
SC0380700,HOLLY HILL PD,HOLLY HILL PD,City,SC,2022,1254,8,0,8,0,0,0,8,0,8,6.38
IL0250100,ALTAMONT PD,ALTAMONT PD,City,IL,2022,2171,3,0,3,1,0,1,4,0,4,1.84
OK0560100,HENRYETTA,HENRYETTA,City,OK,2022,5619,12,2,14,0,3,3,12,5,17,3.03
MN0140400,MOORHEAD PD,MOORHEAD PD,City,MN,2022,44859,50,4,54,9,11,20,59,15,74,1.65
PA0520000,PIKE CO SO MILFORD,PIKE CO SO MILFORD,County,PA,2022,0,13,0,13,2,4,6,15,4,19,
TX2201100,FOREST HILL PD FORT WORTH,FOREST HILL PD FORT WORTH,City,TX,2022,13685,14,3,17,10,5,15,24,8,32,2.34
IL0161B00,STONE PARK PD,STONE PARK PD,City,IL,2022,4386,12,2,14,0,4,4,12,6,18,4.10
KY0330000,ESTILL CO SO IRVINE,ESTILL CO SO IRVINE,County,KY,2022,11165,6,0,6,0,2,2,6,2,8,0.72
AL0640500,SUMITON PD,SUMITON PD,City,AL,2022,2405,5,5,10,1,3,4,6,8,14,5.82
WI0170200,,,City,WI,2022,1094,6,0,6,1,0,1,7,0,7,6.40
CA0196900,SOUTH GATE PD,SOUTH GATE PD,City,CA,2022,89698,64,12,76,9,30,39,73,42,115,1.28
TX1015700,METROPOLITAN TRANSIT AUTHORITY PD HOUSTON,METROPOLITAN TRANSIT AUTHORITY PD HOUSTON,Other,TX,2022,0,165,21,186,39,59,98,204,80,284,
CA0470800,WEED PD,WEED PD,City,CA,2022,2888,8,3,11,0,3,3,8,6,14,4.85
NM0200200,LOGAN PD,LOGAN PD,City,NM,2022,966,4,0,4,0,0,0,4,0,4,4.14
ND0340100,CAVALIER PD,CAVALIER PD,City,ND,2022,1228,3,0,3,0,0,0,3,0,3,2.44
OH0250400,GAHANNA,GAHANNA,City,OH,2022,35167,50,2,52,7,4,11,57,6,63,1.79
PA0652300,SOUTHWEST GREENSBURG PD GREENSBURG,SOUTHWEST GREENSBURG PD GREENSBURG,City,PA,2022,2183,2,0,2,0,0,0,2,0,2,0.92
WV0390800,LAW ENF DIV DEPT NATRL RESOURCES KINGWOOD,LAW ENF DIV DEPT NATRL RESOURCES KINGWOOD,Other State Agency,WV,2022,0,3,0,3,0,0,0,3,0,3,
MI6738500,EVART PD,EVART PD,City,MI,2022,1774,3,0,3,0,0,0,3,0,3,1.69
NJ0201100,NEW PROVIDENCE PD,NEW PROVIDENCE PD,City,NJ,2022,13548,23,0,23,1,2,3,24,2,26,1.92
AL0440100,ATHENS PD,ATHENS PD,City,AL,2022,28438,40,1,41,4,10,14,44,11,55,1.93
AL0590300,MONTEVALLO PD,MONTEVALLO PD,City,AL,2022,7517,16,0,16,0,2,2,16,2,18,2.39
WI0221100,HAZEL GREEN PD,HAZEL GREEN PD,City,WI,2022,1183,2,0,2,0,0,0,2,0,2,1.69
WY0130100,CASPER PD,CASPER PD,City,WY,2022,58076,89,8,97,12,43,55,101,51,152,2.62
MI3949900,KALAMAZOO PD,KALAMAZOO PD,City,MI,2022,72810,197,6,203,42,20,62,239,26,265,3.64
TX0970600,,,Other,TX,2022,0,1,0,1,0,0,0,1,0,1,
NY0360000,ORLEANS CO SHERIFF'S DEPARTMENT ALBION,ORLEANS CO SHERIFF'S DEPARTMENT ALBION,County,NY,2022,27132,24,6,30,2,9,11,26,15,41,1.51
VA0940200,DAMASCUS PD,DAMASCUS PD,City,VA,2022,782,4,0,4,0,0,0,4,0,4,5.12
IL0930100,MOUNT CARMEL PD,MOUNT CARMEL PD,City,IL,2022,6733,12,2,14,1,4,5,13,6,19,2.82
TN0590200,CHAPEL HILL PD,CHAPEL HILL PD,City,TN,2022,1780,7,0,7,0,1,1,7,1,8,4.49
SC0020300,NORTH AUGUSTA PD,NORTH AUGUSTA PD,City,SC,2022,24957,59,3,62,4,15,19,63,18,81,3.25
LA0570200,KAPLAN PD,KAPLAN PD,City,LA,2022,4228,8,0,8,5,7,12,13,7,20,4.73
TX1551800,TEXAS STATE TECHNICAL COLLEGE WACO PD,TEXAS STATE TECHNICAL COLLEGE WACO PD,University or College,TX,2022,0,4,0,4,1,2,3,5,2,7,
OH0480500,SYLVANIA,SYLVANIA,City,OH,2022,19055,26,1,27,6,4,10,32,5,37,1.94
AR0730300,BEEBE PD,BEEBE PD,City,AR,2022,8683,20,0,20,0,5,5,20,5,25,2.88
KY0290000,CUMBERLAND CO SO BURKESVILLE,CUMBERLAND CO SO BURKESVILLE,County,KY,2022,4551,5,0,5,0,1,1,5,1,6,1.32
WI0130000,DANE CO SO MADISON,DANE CO SO MADISON,County,WI,2022,84362,327,28,355,87,83,170,414,111,525,6.22
IL1010100,CHERRY VALLEY PD,CHERRY VALLEY PD,City,IL,2022,2880,13,0,13,1,1,2,14,1,15,5.21
TX0110000,BASTROP COUNTY SHERIFFS OFFICE,BASTROP COUNTY SHERIFFS OFFICE,County,TX,2022,82073,74,46,120,6,55,61,80,101,181,2.21
NJ0131700,HIGHLANDS PD,HIGHLANDS PD,City,NJ,2022,4654,14,1,15,1,1,2,15,2,17,3.65
KY0820100,BRANDENBURG PD,BRANDENBURG PD,City,KY,2022,2952,6,0,6,0,0,0,6,0,6,2.03
NH0065200,PELHAM PD,PELHAM PD,City,NH,2022,14364,20,2,22,3,6,9,23,8,31,2.16
MI2532100,CLIO POLICE DEPARTMENT,CLIO POLICE DEPARTMENT,City,MI,2022,2479,5,0,5,0,0,0,5,0,5,2.02
TX0032000,,,Other,TX,2022,0,5,0,5,0,0,0,5,0,5,
ME0030900,BRIDGTON PD,BRIDGTON PD,City,ME,2022,5640,8,0,8,0,1,1,8,1,9,1.60
KY1010000,ROBERTSON CO SO MOUNT OLIVET,ROBERTSON CO SO MOUNT OLIVET,County,KY,2022,2331,1,0,1,0,1,1,1,1,2,0.86
MO0590100,CHILLICOTHE,CHILLICOTHE,City,MO,2022,9177,15,4,19,3,6,9,18,10,28,3.05
CA0040300,GRIDLEY PD,GRIDLEY PD,City,CA,2022,7349,11,3,14,2,6,8,13,9,22,2.99
AR0040500,GENTRY PD,GENTRY PD,City,AR,2022,4156,10,0,10,1,2,3,11,2,13,3.13
TX1870000,POLK CO SO LIVINGSTON,POLK CO SO LIVINGSTON,County,TX,2022,43002,37,20,57,6,41,47,43,61,104,2.42
IL060949E,TERMINAL RAILROAD ASSCTN,TERMINAL RAILROAD ASSCTN,Other,IL,2022,0,5,0,5,0,0,0,5,0,5,
MI5373700,SCOTTVILLE PD,SCOTTVILLE PD,City,MI,2022,1379,0,0,0,1,0,1,1,0,1,0.73
SC0150100,WALTERBORO PD,WALTERBORO PD,City,SC,2022,5432,21,0,21,6,1,7,27,1,28,5.15
MI2878100,TRAVERSE CITY PD,TRAVERSE CITY PD,City,MI,2022,15617,24,0,24,5,3,8,29,3,32,2.05
NJ0152100,OCEAN GATE PD,OCEAN GATE PD,City,NJ,2022,2000,12,0,12,0,1,1,12,1,13,6.50
TN0390000,HENDERSON CO SO LEXINGTON,HENDERSON CO SO LEXINGTON,County,TN,2022,19662,28,13,41,3,16,19,31,29,60,3.05
SC0210400,JOHNSONVILLE PD,JOHNSONVILLE PD,City,SC,2022,1358,6,0,6,0,1,1,6,1,7,5.15
TN0580000,MARION CO SO JASPER,MARION CO SO JASPER,County,TN,2022,18614,27,6,33,4,12,16,31,18,49,2.63
IL0162500,DES PLAINES PD,DES PLAINES PD,City,IL,2022,58425,82,6,88,10,9,19,92,15,107,1.83
PAUNI600X,,,University or College,PA,2022,0,8,4,12,2,5,7,10,9,19,
IA0350000,FRANKLIN CO SO HAMPTON,FRANKLIN CO SO HAMPTON,County,IA,2022,5599,8,0,8,0,3,3,8,3,11,1.96
WIDI00300,,,Tribal,WI,2022,0,10,0,10,1,2,3,11,2,13,
MI6284200,FREMONT PD,FREMONT PD,City,MI,2022,4559,9,0,9,0,1,1,9,1,10,2.19
MI7088300,GRAND VALLEY ST COLLEGE PD ALLENDALE,GRAND VALLEY ST COLLEGE PD ALLENDALE,University or College,MI,2022,0,13,5,18,8,4,12,21,9,30,
PA0351500,DALTON,DALTON,City,PA,2022,1278,2,0,2,1,0,1,3,0,3,2.35
WA0030500,WEST RICHLAND PD,WEST RICHLAND PD,City,WA,2022,17557,17,0,17,3,4,7,20,4,24,1.37
MO0670100,CHARLESTON,CHARLESTON,City,MO,2022,4987,12,3,15,1,2,3,13,5,18,3.61
TX1840100,WEATHERFORD PD,WEATHERFORD PD,City,TX,2022,36796,51,4,55,8,17,25,59,21,80,2.17
MA0022700,STOCKBRIDGE PD,STOCKBRIDGE PD,City,MA,2022,1997,6,0,6,1,1,2,7,1,8,4.01
MN0070000,BLUE EARTH CO SO MANKATO,BLUE EARTH CO SO MANKATO,County,MN,2022,15296,31,20,51,2,18,20,33,38,71,4.64
ND0110100,ELLENDALE PD,ELLENDALE PD,City,ND,2022,1067,2,0,2,0,0,0,2,0,2,1.87
FL0060600,PLANTATION PD,PLANTATION PD,City,FL,2022,94014,139,12,151,25,80,105,164,92,256,2.72
TX0990000,HARDEMAN CO SO QUANAH,HARDEMAN CO SO QUANAH,County,TX,2022,3015,6,0,6,0,5,5,6,5,11,3.65
AL0310500,RAINBOW CITY PD RAINBOW CITY,RAINBOW CITY PD RAINBOW CITY,City,AL,2022,10150,24,1,25,1,1,2,25,2,27,2.66
AL0500500,GRANT PD,GRANT PD,City,AL,2022,1042,2,0,2,0,0,0,2,0,2,1.92
NH0074800,SUTTON PD,SUTTON PD,City,NH,2022,2038,1,0,1,1,0,1,2,0,2,0.98
NH0090000,SO STRAFFORD COUNTY DOVER,SO STRAFFORD COUNTY DOVER,County,NH,2022,0,18,6,24,4,11,15,22,17,39,
MAMSP0000,STATE POLICE HEADQUARTERS,STATE POLICE HEADQUARTERS,State Police,MA,2022,0,2098,250,2348,142,380,522,2240,630,2870,
PA0065000,AMITY TOWNSHIP POLICE DEPT DOUGLASSVILLE,AMITY TOWNSHIP POLICE DEPT DOUGLASSVILLE,City,PA,2022,13416,14,0,14,1,1,2,15,1,16,1.19
AK0014200,UNIV OF ALASKA FAIRBANKS PD,UNIV OF ALASKA FAIRBANKS PD,University or College,AK,2022,0,3,2,5,4,4,8,7,6,13,
FL0320200,COTTONDALE PD,COTTONDALE PD,City,FL,2022,864,2,0,2,0,0,0,2,0,2,2.31
FL0060000,BROWARD CO SO FORT LAUDERDALE,BROWARD CO SO FORT LAUDERDALE,County,FL,2022,37938,1375,247,1622,223,775,998,1598,1022,2620,69.06
NB0370000,GOSPER CO SO ELWOOD,GOSPER CO SO ELWOOD,County,NB,2022,1761,2,0,2,0,1,1,2,1,3,1.70
OH0182700,LYNDHURST,LYNDHURST,City,OH,2022,13682,27,4,31,2,5,7,29,9,38,2.78
NJ0210800,HACKETTSTOWN PD,HACKETTSTOWN PD,City,NJ,2022,10389,17,0,17,0,1,1,17,1,18,1.73
FL0410200,BRADENTON PD,BRADENTON PD,City,FL,2022,56316,88,12,100,21,22,43,109,34,143,2.54
IN0550000,MORGAN CO SO MARTINSVILLE,MORGAN CO SO MARTINSVILLE,County,IN,2022,51015,38,4,42,16,11,27,54,15,69,1.35
NC0020100,TAYLORSVILLE PD,TAYLORSVILLE PD,City,NC,2022,2328,11,0,11,2,0,2,13,0,13,5.58
WA0290100,ANACORTES PD,ANACORTES PD,City,WA,2022,17990,21,1,22,3,6,9,24,7,31,1.72
NY0559100,ROSENDALE VILLAGE PD ROSENDALE,ROSENDALE VILLAGE PD ROSENDALE,City,NY,2022,5813,2,0,2,0,0,0,2,0,2,0.34
PA0020D00,ELIZABETH TOWNSHIP PD ELIZABETH,ELIZABETH TOWNSHIP PD ELIZABETH,City,PA,2022,12643,17,0,17,0,0,0,17,0,17,1.34
MA0142700,MENDON PD,MENDON PD,City,MA,2022,6307,13,0,13,1,2,3,14,2,16,2.54
AZ0080100,KINGMAN PD,KINGMAN PD,City,AZ,2022,34803,51,6,57,5,10,15,56,16,72,2.07
OR0100200,MYRTLE CREEK,MYRTLE CREEK,City,OR,2022,3522,6,0,6,0,2,2,6,2,8,2.27
DE0020600,WILMINGTON POLICE DEPARTMENT,WILMINGTON POLICE DEPARTMENT,City,DE,2022,70625,257,15,272,46,42,88,303,57,360,5.10
IL0169B00,WHEELING PD,WHEELING PD,City,IL,2022,37790,49,17,66,11,15,26,60,32,92,2.43
MS0470300,,,City,MS,2022,1350,8,1,9,1,3,4,9,4,13,9.63
MI1831300,CLARE PD,CLARE PD,City,MI,2022,3290,7,0,7,0,0,0,7,0,7,2.13
NC0780000,ROBESON CO SO LUMBERTON,ROBESON CO SO LUMBERTON,County,NC,2022,84874,128,49,177,10,31,41,138,80,218,2.57
MO0970100,STE. GENEVIEVE,STE. GENEVIEVE,City,MO,2022,4686,10,0,10,0,0,0,10,0,10,2.13
AR0300100,MALVERN PD,MALVERN PD,City,AR,2022,10824,20,0,20,1,2,3,21,2,23,2.12
GA0160100,STATESBORO PD,STATESBORO PD,City,GA,2022,33590,55,0,55,8,18,26,63,18,81,2.41
MS0040100,KOSCIUSKO PD,KOSCIUSKO PD,City,MS,2022,6955,18,0,18,1,0,1,19,0,19,2.73
OH0220400,VERMILION,VERMILION,City,OH,2022,10711,17,2,19,1,3,4,18,5,23,2.15
TX2360000,WALKER CO SO HUNTSVILLE,WALKER CO SO HUNTSVILLE,County,TX,2022,33135,41,19,60,3,18,21,44,37,81,2.44
ID0310000,LEWIS CO SO NEZ PERCE,LEWIS CO SO NEZ PERCE,County,ID,2022,3875,8,1,9,0,3,3,8,4,12,3.10
KS0920000,SMITH CO SO SMITH CENTER,SMITH CO SO SMITH CENTER,County,KS,2022,2018,5,0,5,10,0,10,15,0,15,7.43
IL0290400,FARMINGTON PD,FARMINGTON PD,City,IL,2022,2293,5,0,5,0,0,0,5,0,5,2.18
NJ0050200,CAPE MAY PD,CAPE MAY PD,City,NJ,2022,2845,22,0,22,2,2,4,24,2,26,9.14
WA0130100,EPHRATA PD,EPHRATA PD,City,WA,2022,8465,14,0,14,1,3,4,15,3,18,2.13
UT0180300,SALT LAKE CITY PD,SALT LAKE CITY PD,City,UT,2022,201373,495,44,539,59,83,142,554,127,681,3.38
WI0360500,KIEL PD,KIEL PD,City,WI,2022,3969,8,8,16,0,1,1,8,9,17,4.28
CA0362300,SAN BERNARDINO CITY UNIFIED SCHOOL DIST PD,SAN BERNARDINO CITY UNIFIED SCHOOL DIST PD,Other,CA,2022,0,22,45,67,2,25,27,24,70,94,
NB0930100,YORK PD,YORK PD,City,NB,2022,8214,14,0,14,1,3,4,15,3,18,2.19
MO0970000,STE. GENEVIEVE,STE. GENEVIEVE,County,MO,2022,14001,52,18,70,2,13,15,54,31,85,6.07
WV0540300,WILLIAMSTOWN PD,WILLIAMSTOWN PD,City,WV,2022,2971,7,0,7,0,1,1,7,1,8,2.69
KS0640000,MORRIS CO SO COUNCIL GROVE,MORRIS CO SO COUNCIL GROVE,County,KS,2022,3243,9,1,10,0,4,4,9,5,14,4.32
AL0250500,,,University or College,AL,2022,0,8,0,8,0,0,0,8,0,8,
GA1440000,UNION CO SO BLAIRSVILLE,UNION CO SO BLAIRSVILLE,County,GA,2022,25852,36,1,37,6,4,10,42,5,47,1.82
NY0330000,ONONDAGA COUNTY SHERIFF'S OFFICE,ONONDAGA COUNTY SHERIFF'S OFFICE,County,NY,2022,184410,172,13,185,44,28,72,216,41,257,1.39
NC0740600,GRIFTON PD,GRIFTON PD,City,NC,2022,2495,7,0,7,0,0,0,7,0,7,2.81
AR0110200,PIGGOTT PD,PIGGOTT PD,City,AR,2022,3532,8,0,8,0,0,0,8,0,8,2.27
CA0373200,CA STATE UNIVERSITY SAN MARCOS,CA STATE UNIVERSITY SAN MARCOS,University or College,CA,2022,0,17,1,18,0,7,7,17,8,25,
SC0220100,ANDREWS PD,ANDREWS PD,City,SC,2022,2526,3,2,5,1,0,1,4,2,6,2.38
ND0420000,SHERIDAN CO SO MC CLUSKY,SHERIDAN CO SO MC CLUSKY,County,ND,2022,1291,3,0,3,0,1,1,3,1,4,3.10
MI6385100,AUBURN HILLS PD,AUBURN HILLS PD,City,MI,2022,25081,42,3,45,6,2,8,48,5,53,2.11
WA0040000,CHELAN CO SO WENATCHEE,CHELAN CO SO WENATCHEE,County,WA,2022,44921,55,4,59,3,12,15,58,16,74,1.65
NB0150000,CHASE CO SO IMPERIAL,CHASE CO SO IMPERIAL,County,NB,2022,1785,5,3,8,0,2,2,5,5,10,5.60
NJ0143500,ROCKAWAY TWP PD ROCKAWAY,ROCKAWAY TWP PD ROCKAWAY,City,NJ,2022,26377,48,4,52,3,7,10,51,11,62,2.35
ME0160700,ELIOT PD,ELIOT PD,City,ME,2022,7162,7,0,7,1,1,2,8,1,9,1.26
MO0492800,MO SOUTHERN STATE UNIV,MO SOUTHERN STATE UNIV,University or College,MO,2022,0,3,0,3,2,1,3,5,1,6,
OH0370000,HOCKING,HOCKING,County,OH,2022,20755,35,1,36,4,3,7,39,4,43,2.07
AL0020500,SARALAND PD,SARALAND PD,City,AL,2022,16459,39,0,39,4,11,15,43,11,54,3.28
PA0150500,KENNETT SQUARE PD,KENNETT SQUARE PD,City,PA,2022,5911,12,1,13,0,2,2,12,3,15,2.54
WY0160100,WHEATLAND,WHEATLAND,City,WY,2022,3611,8,0,8,0,1,1,8,1,9,2.49
OR0200100,COTTAGE GROVE,COTTAGE GROVE,City,OR,2022,10622,12,4,16,1,9,10,13,13,26,2.45
FL0130600,MIAMI PD,MIAMI PD,City,FL,2022,437900,998,123,1121,271,296,567,1269,419,1688,3.85
WI0250000,IOWA CO SO DODGEVILLE,IOWA CO SO DODGEVILLE,County,WI,2022,12742,21,12,33,2,13,15,23,25,48,3.77
GA0340100,DOUGLAS PD,DOUGLAS PD,City,GA,2022,11762,30,0,30,3,3,6,33,3,36,3.06
TX1290200,KAUFMAN PD,KAUFMAN PD,City,TX,2022,7829,13,1,14,3,2,5,16,3,19,2.43
GA0080300,KINGSTON PD,KINGSTON PD,City,GA,2022,750,2,0,2,0,1,1,2,1,3,4.00
MS0750100,VICKSBURG PD,VICKSBURG PD,City,MS,2022,20381,37,2,39,6,14,20,43,16,59,2.89
IA0930000,WAYNE CO SO CORYDON,WAYNE CO SO CORYDON,County,IA,2022,6513,7,9,16,1,2,3,8,11,19,2.92
PA0022800,ALLEGHENY COUNTY PD PITTSBURGH,ALLEGHENY COUNTY PD PITTSBURGH,County,PA,2022,0,199,6,205,17,10,27,216,16,232,
SC0100900,MED UNIV OF SO CAROLINA PD CHARLESTON,MED UNIV OF SO CAROLINA PD CHARLESTON,University or College,SC,2022,0,34,8,42,6,11,17,40,19,59,
AZ0079700,ARIZONA STATE UNIV PD TEMPE,ARIZONA STATE UNIV PD TEMPE,University or College,AZ,2022,0,66,33,99,9,15,24,75,48,123,
NC0090700,ST PARK RANGER JONES LAKE ST PARK ELIZABETHTOWN,ST PARK RANGER JONES LAKE ST PARK ELIZABETHTOWN,Other State Agency,NC,2022,0,4,0,4,0,0,0,4,0,4,
IL0824400,SOUTHWESTERN ILLINOIS COLLEGE PD,SOUTHWESTERN ILLINOIS COLLEGE PD,University or College,IL,2022,0,16,1,17,3,0,3,19,1,20,
PA0393100,,,University or College,PA,2022,0,2,0,2,1,0,1,3,0,3,
OH0400200,WELLSTON,WELLSTON,City,OH,2022,5400,10,2,12,0,0,0,10,2,12,2.22
GA0220100,CARROLLTON PD,CARROLLTON PD,City,GA,2022,27844,68,2,70,9,12,21,77,14,91,3.27
GA0920100,VALDOSTA PD,VALDOSTA PD,City,GA,2022,55666,93,4,97,20,25,45,113,29,142,2.55
GA0670700,NORCROSS PD,NORCROSS PD,City,GA,2022,17731,38,5,43,5,14,19,43,19,62,3.50
MA0052500,PEABODY PD,PEABODY PD,City,MA,2022,54091,80,7,87,7,10,17,87,17,104,1.92
IL0200100,CLINTON PD,CLINTON PD,City,IL,2022,6862,12,0,12,0,1,1,12,1,13,1.89
GA0280200,BALL GROUND PD,BALL GROUND PD,City,GA,2022,2876,6,0,6,0,0,0,6,0,6,2.09
GA1260100,GRIFFIN PD,GRIFFIN PD,City,GA,2022,23862,55,8,63,9,11,20,64,19,83,3.48
NC0450300,FLETCHER POLICE DEPARTMENT,FLETCHER POLICE DEPARTMENT,City,NC,2022,8059,13,0,13,1,1,2,14,1,15,1.86
OK0130100,BOISE CITY,BOISE CITY,City,OK,2022,1119,2,0,2,0,0,0,2,0,2,1.79
GA0360100,GROVETOWN DEPARTMENT OF PUBLIC SAFETY,GROVETOWN DEPARTMENT OF PUBLIC SAFETY,City,GA,2022,17161,20,0,20,3,6,9,23,6,29,1.69
IA0220400,,,City,IA,2022,1152,2,0,2,0,0,0,2,0,2,1.74
WI0390200,WESTFIELD PD,WESTFIELD PD,City,WI,2022,1336,2,0,2,0,0,0,2,0,2,1.50
MN0040100,BEMIDJI PD,BEMIDJI PD,City,MN,2022,15317,30,1,31,4,3,7,34,4,38,2.48
MT0090000,CUSTER CO SO MILES CITY,CUSTER CO SO MILES CITY,County,MT,2022,3536,5,10,15,1,4,5,6,14,20,5.66
NJ0160300,HALEDON PD PATERSON,HALEDON PD PATERSON,City,NJ,2022,8848,18,0,18,3,0,3,21,0,21,2.37
CA0030300,JACKSON PD,JACKSON PD,City,CA,2022,5196,7,0,7,1,1,2,8,1,9,1.73
ND0330000,OLIVER CO SO CENTER,OLIVER CO SO CENTER,County,ND,2022,1900,4,0,4,0,1,1,4,1,5,2.63
AL0050000,BALDWIN CO SO BAY MINETTE,BALDWIN CO SO BAY MINETTE,County,AL,2022,109188,145,70,215,7,130,137,152,200,352,3.22
MA0145800,WESTMINSTER PD,WESTMINSTER PD,City,MA,2022,8363,13,2,15,3,2,5,16,4,20,2.39
OH0330200,KENTON,KENTON,City,OH,2022,7938,16,0,16,1,0,1,17,0,17,2.14
SC0270000,JASPER CO SO RIDGELAND,JASPER CO SO RIDGELAND,County,SC,2022,18138,37,1,38,7,9,16,44,10,54,2.98
AL0470500,OWENS CROSS ROADS RD,OWENS CROSS ROADS RD,City,AL,2022,2648,5,0,5,0,0,0,5,0,5,1.89
GA0960100,MONTEZUMA PD,MONTEZUMA PD,City,GA,2022,3056,9,0,9,2,2,4,11,2,13,4.25
KS0280100,GARDEN CITY PD,GARDEN CITY PD,City,KS,2022,27701,50,6,56,11,21,32,61,27,88,3.18
MA0095200,WILMINGTON PD,WILMINGTON PD,City,MA,2022,22825,42,0,42,4,4,8,46,4,50,2.19
MD0220500,SMITHSBURG PD,SMITHSBURG PD,City,MD,2022,3153,3,0,3,1,1,2,4,1,5,1.59
MS0460100,COLUMBIA PD,COLUMBIA PD,City,MS,2022,5879,18,1,19,5,7,12,23,8,31,5.27
NJ0090000,HUDSON CO SHERIFFS OFF JERSEY CITY,HUDSON CO SHERIFFS OFF JERSEY CITY,County,NJ,2022,0,211,67,278,52,70,122,263,137,400,
VA0520000,LEE CO SO JONESVILLE,LEE CO SO JONESVILLE,County,VA,2022,19501,29,0,29,1,11,12,30,11,41,2.10
ND0230000,LA MOURE CO SO LA MOURE,LA MOURE CO SO LA MOURE,County,ND,2022,3332,3,0,3,1,1,2,4,1,5,1.50
KS0160000,COFFEY CO SO BURLINGTON,COFFEY CO SO BURLINGTON,County,KS,2022,3788,14,9,23,2,18,20,16,27,43,11.35
WV0130700,RUPERT PD,RUPERT PD,City,WV,2022,856,1,0,1,0,0,0,1,0,1,1.17
MN0560100,FERGUS FALLS PD,FERGUS FALLS PD,City,MN,2022,14017,23,0,23,1,5,6,24,5,29,2.07
CO0030400,GLENDALE,GLENDALE,City,CO,2022,4502,23,4,27,4,13,17,27,17,44,9.77
VA1170400,NORFOLK STATE UNIV POLICE DEPT NORFOLK,NORFOLK STATE UNIV POLICE DEPT NORFOLK,University or College,VA,2022,0,17,7,24,4,15,19,21,22,43,
VT0110100,BRANDON PD,BRANDON PD,City,VT,2022,4112,5,0,5,0,1,1,5,1,6,1.46
SD0260300,BURKE PD,BURKE PD,City,SD,2022,575,1,0,1,0,0,0,1,0,1,1.74
NC0620300,CANDOR PD,CANDOR PD,City,NC,2022,813,3,0,3,0,0,0,3,0,3,3.69
IL0165000,HOFFMAN ESTATES PD,HOFFMAN ESTATES PD,City,IL,2022,50385,70,8,78,13,10,23,83,18,101,2.00
NH0086800,SEABROOK PD,SEABROOK PD,City,NH,2022,8441,26,3,29,2,3,5,28,6,34,4.03
MI4183400,WYOMING POLICE DEPARTMENT,WYOMING POLICE DEPARTMENT,City,MI,2022,76726,82,5,87,11,14,25,93,19,112,1.46
MI1172600,ST. JOSEPH,ST. JOSEPH,City,MI,2022,7684,23,0,23,1,2,3,24,2,26,3.38
ID0300000,LEMHI CO SO SALMON,LEMHI CO SO SALMON,County,ID,2022,5036,8,8,16,0,8,8,8,16,24,4.77
AR0340300,DIAZ PD,DIAZ PD,City,AR,2022,1266,3,0,3,0,0,0,3,0,3,2.37
CA0230300,UKIAH PD,UKIAH PD,City,CA,2022,16764,26,4,30,1,13,14,27,17,44,2.62
NC0500000,JACKSON CO SO SYLVA,JACKSON CO SO SYLVA,County,NC,2022,41258,57,0,57,5,4,9,62,4,66,1.60
ND0240000,LOGAN CO SO NAPOLEON,LOGAN CO SO NAPOLEON,County,ND,2022,1149,3,0,3,0,0,0,3,0,3,2.61
OR0060600,NORTH BEND,NORTH BEND,City,OR,2022,10256,17,1,18,0,2,2,17,3,20,1.95
IL0900000,TAZEWELL CO SO PEKIN,TAZEWELL CO SO PEKIN,County,IL,2022,24373,37,6,43,1,13,14,38,19,57,2.34
SC0070500,,,University or College,SC,2022,0,12,6,18,1,3,4,13,9,22,
SC023NR00,DNR: GREENVILLE COUNTY,DNR: GREENVILLE COUNTY,Other State Agency,SC,2022,0,5,1,6,0,0,0,5,1,6,
OH0781400,LORDSTOWN,LORDSTOWN,City,OH,2022,3341,9,3,12,1,2,3,10,5,15,4.49
AL0600500,UNIVERSITY OF WEST ALABAMA CAMPUS POLICE,UNIVERSITY OF WEST ALABAMA CAMPUS POLICE,University or College,AL,2022,0,7,2,9,1,4,5,8,6,14,
PA0403800,WHITE HAVEN PD,WHITE HAVEN PD,City,PA,2022,1168,2,0,2,0,0,0,2,0,2,1.71
OK0020100,CHEROKEE,CHEROKEE,City,OK,2022,1507,3,0,3,0,0,0,3,0,3,1.99
CO0080200,SALIDA,SALIDA,City,CO,2022,5912,16,1,17,3,3,6,19,4,23,3.89
AL0560100,ROANOKE PD,ROANOKE PD,City,AL,2022,5266,23,2,25,0,3,3,23,5,28,5.32
OR0241000,TURNER,TURNER,City,OR,2022,2448,3,0,3,0,0,0,3,0,3,1.23
CA0196300,SAN MARINO PD,SAN MARINO PD,City,CA,2022,12015,21,0,21,7,7,14,28,7,35,2.91
IL0160500,BARTLETT PD,BARTLETT PD,City,IL,2022,40020,44,9,53,14,7,21,58,16,74,1.85
PA0480800,NORTHAMPTON PD,NORTHAMPTON PD,City,PA,2022,10337,15,0,15,0,2,2,15,2,17,1.64
TX0700200,FERRIS PD,FERRIS PD,City,TX,2022,2893,9,3,12,1,4,5,10,7,17,5.88
OH0310700,DEER PARK,DEER PARK,City,OH,2022,5302,9,1,10,1,3,4,10,4,14,2.64
FL0470000,OKEECHOBEE CO SO OKEECHOBEE,OKEECHOBEE CO SO OKEECHOBEE,County,FL,2022,35914,79,52,131,9,58,67,88,110,198,5.51
CA0389700,UNIV OF CA MEDICAL CENTER PD SAN FRANCISCO,UNIV OF CA MEDICAL CENTER PD SAN FRANCISCO,University or College,CA,2022,0,54,4,58,4,13,17,58,17,75,
IL0491600,ROUND LAKE PD,ROUND LAKE PD,City,IL,2022,18531,25,0,25,2,2,4,27,2,29,1.56
AL0380800,WALLACE ST COMM COLL CAMPUS POLICE DEPT DOTHAN,WALLACE ST COMM COLL CAMPUS POLICE DEPT DOTHAN,University or College,AL,2022,0,3,0,3,0,0,0,3,0,3,
WI0110200,WISCONSIN DELLS PD,WISCONSIN DELLS PD,City,WI,2022,3448,16,1,17,1,4,5,17,5,22,6.38
OH0253100,CLINTON TOWNSHIP,CLINTON TOWNSHIP,City,OH,2022,4353,11,0,11,1,1,2,12,1,13,2.99
NH0054800,LISBON PD,LISBON PD,City,NH,2022,1651,3,0,3,1,0,1,4,0,4,2.42
PA0029400,VERONA PD,VERONA PD,City,PA,2022,2421,3,0,3,0,1,1,3,1,4,1.65
IA0160300,WEST BRANCH POLICE DEPARTMENT,WEST BRANCH POLICE DEPARTMENT,City,IA,2022,2608,3,0,3,1,0,1,4,0,4,1.53
TX1400500,SUDAN PD,SUDAN PD,City,TX,2022,934,1,0,1,0,0,0,1,0,1,1.07
AKAST0100,AK DPS ALASKA STATE TROOPERS,AK DPS ALASKA STATE TROOPERS,State Police,AK,2022,272743,343,93,436,22,123,145,365,216,581,2.13
NY0130200,POUGHKEEPSIE CITY PD POUGHKEEPSIE,POUGHKEEPSIE CITY PD POUGHKEEPSIE,City,NY,2022,32202,77,10,87,6,16,22,83,26,109,3.38
NJ0081800,WASHINGTON TWP PD TURNERSVILLE,WASHINGTON TWP PD TURNERSVILLE,City,NJ,2022,49625,76,1,77,4,5,9,80,6,86,1.73
NJ0120500,EDISON PD,EDISON PD,City,NJ,2022,108050,166,16,182,19,32,51,185,48,233,2.16
OR0280000,SHERMAN,SHERMAN,County,OR,2022,1938,6,0,6,0,1,1,6,1,7,3.61
NM0330300,LAGUNA TRIBAL PD LAGUNA,LAGUNA TRIBAL PD LAGUNA,Tribal,NM,2022,0,26,0,26,5,10,15,31,10,41,
WV0260000,MARSHALL CO SO MOUNDSVILLE,MARSHALL CO SO MOUNDSVILLE,County,WV,2022,16375,29,1,30,0,1,1,29,2,31,1.89
OR0340900,BANKS,BANKS,City,OR,2022,1821,2,0,2,0,0,0,2,0,2,1.10
NC0780500,FAIRMONT PD,FAIRMONT PD,City,NC,2022,2169,8,0,8,0,0,0,8,0,8,3.69
OR0090600,LIQUOR COMM: DESCHUTES C,LIQUOR COMM: DESCHUTES C,Other State Agency,OR,2022,0,7,2,9,2,1,3,9,3,12,
NY0549000,NYS PARK POLICE FINGER LAKES REGION,NYS PARK POLICE FINGER LAKES REGION,Other State Agency,NY,2022,0,9,2,11,1,1,2,10,3,13,
LA0570400,ERATH PD,ERATH PD,City,LA,2022,2002,7,0,7,1,4,5,8,4,12,5.99
MS0450400,MADISON PD MADISON,MADISON PD MADISON,City,MS,2022,27674,59,6,65,7,17,24,66,23,89,3.22
KSKHP0200,,,State Police,KS,2022,0,29,1,30,0,2,2,29,3,32,
OR0341100,KING CITY,KING CITY,City,OR,2022,5043,5,0,5,1,1,2,6,1,7,1.39
NC0250700,RIVER BEND PD NEW BERN,RIVER BEND PD NEW BERN,City,NC,2022,2868,6,0,6,0,0,0,6,0,6,2.09
AR0100500,,,City,AR,2022,680,1,0,1,0,0,0,1,0,1,1.47
FL0290600,TAMPA INTERNATIONAL AIRPORT POLICE TAMPA,TAMPA INTERNATIONAL AIRPORT POLICE TAMPA,Other,FL,2022,0,62,47,109,15,14,29,77,61,138,
IL0990200,BOLINGBROOK PD,BOLINGBROOK PD,City,IL,2022,73364,108,7,115,12,17,29,120,24,144,1.96
AL0450000,SO HAYNEVILLE,SO HAYNEVILLE,County,AL,2022,7016,15,6,21,3,10,13,18,16,34,4.85
LA0300000,LA SALLE CO SO JENA,LA SALLE CO SO JENA,County,LA,2022,9677,22,15,37,3,25,28,25,40,65,6.72
NC0929000,NC DIV OF ALCOHOL LAW ENFORCEMENT RALEIGH,NC DIV OF ALCOHOL LAW ENFORCEMENT RALEIGH,Other State Agency,NC,2022,0,83,1,84,13,14,27,96,15,111,
CA0190200,ARCADIA PD,ARCADIA PD,City,CA,2022,54202,58,2,60,4,23,27,62,25,87,1.61
KY0451000,CITY OF BELLEFONTE POLICE DEPARTMENT FLATWOODS,CITY OF BELLEFONTE POLICE DEPARTMENT FLATWOODS,City,KY,2022,902,5,0,5,0,0,0,5,0,5,5.54
AL0640200,CARBON HILL PD,CARBON HILL PD,City,AL,2022,1714,4,0,4,0,5,5,4,5,9,5.25
MT0030000,BLAINE CO SO CHINOOK,BLAINE CO SO CHINOOK,County,MT,2022,5785,7,2,9,1,4,5,8,6,14,2.42
NC0110700,UNC-ASHEVILLE POLICE ASHVILLE,UNC-ASHEVILLE POLICE ASHVILLE,University or College,NC,2022,0,12,1,13,1,3,4,13,4,17,
FL0050700,MELBOURNE PD,MELBOURNE PD,City,FL,2022,85761,120,14,134,27,47,74,147,61,208,2.43
IA0900100,OTTUMWA PD,OTTUMWA PD,City,IA,2022,25249,34,3,37,5,7,12,39,10,49,1.94
AR0430200,CABOT PD,CABOT PD,City,AR,2022,26750,46,1,47,4,10,14,50,11,61,2.28
IL0992200,MOKENA PD,MOKENA PD,City,IL,2022,19829,28,0,28,5,2,7,33,2,35,1.77
OH0431400,WILLOWICK,WILLOWICK,City,OH,2022,14103,21,1,22,1,8,9,22,9,31,2.20
GA0650200,WHIGHAM PD,WHIGHAM PD,City,GA,2022,420,2,0,2,0,1,1,2,1,3,7.14
KY0230000,CASEY CO SO LIBERTY,CASEY CO SO LIBERTY,County,KY,2022,13864,6,5,11,1,2,3,7,7,14,1.01
WVWSP2700,STATE POLICE GAULEY BRIDGE,STATE POLICE GAULEY BRIDGE,State Police,WV,2022,0,3,0,3,0,1,1,3,1,4,
PA0021D00,WEST DEER TWP PD RUSSELLTON,WEST DEER TWP PD RUSSELLTON,City,PA,2022,12214,13,0,13,1,1,2,14,1,15,1.23
TN0140100,CELINA PD,CELINA PD,City,TN,2022,1382,3,1,4,0,1,1,3,2,5,3.62
IL0453300,ELGIN COMM COLLEGE PUBLIC SAFETY,ELGIN COMM COLLEGE PUBLIC SAFETY,University or College,IL,2022,0,16,1,17,0,1,1,16,2,18,
WV0030600,SYLVESTER POLICE DEPARTMENT SYLVESTER,SYLVESTER POLICE DEPARTMENT SYLVESTER,City,WV,2022,159,1,0,1,0,0,0,1,0,1,6.29
MI2612600,GLADWIN CO SO GLADWIN,GLADWIN CO SO GLADWIN,County,MI,2022,21351,13,21,34,1,10,11,14,31,45,2.11
VT0140000,WINDSOR COUNTY SHERIFF'S OFFICE,WINDSOR COUNTY SHERIFF'S OFFICE,County,VT,2022,0,14,0,14,2,3,5,16,3,19,
WV0430200,PENNSBORO PD,PENNSBORO PD,City,WV,2022,1034,1,0,1,0,0,0,1,0,1,0.97
FL0310400,DPS INDIAN RIVER SHORES,DPS INDIAN RIVER SHORES,City,FL,2022,4421,17,2,19,1,3,4,18,5,23,5.20
MA0072300,WILBRAHAM PD,WILBRAHAM PD,City,MA,2022,14600,27,0,27,0,1,1,27,1,28,1.92
OH0700300,PLYMOUTH,PLYMOUTH,City,OH,2022,1703,3,0,3,2,0,2,5,0,5,2.94
IN0480300,ELWOOD PD,ELWOOD PD,City,IN,2022,8397,19,1,20,0,0,0,19,1,20,2.38
OH0851500,WEST SALEM,WEST SALEM,City,OH,2022,1436,1,0,1,0,0,0,1,0,1,0.70
PA0050100,BEDFORD PD,BEDFORD PD,City,PA,2022,2835,4,0,4,0,0,0,4,0,4,1.41
TN0820800,NE ST TECH COMM COLLEGE CAMPUS POLICE DEPT,NE ST TECH COMM COLLEGE CAMPUS POLICE DEPT,University or College,TN,2022,0,6,0,6,2,0,2,8,0,8,
OR0010100,BAKER CITY,BAKER CITY,City,OR,2022,10259,13,1,14,2,2,4,15,3,18,1.75
NY0456800,WATERFORD TOWN PD WATERFORD,WATERFORD TOWN PD WATERFORD,City,NY,2022,8228,9,1,10,0,0,0,9,1,10,1.22
AZ0140500,YUMA PD,YUMA PD,City,AZ,2022,98164,130,25,155,17,74,91,147,99,246,2.51
AZ0021100,TOMBSTONE MARSHAL'S OFFICE,TOMBSTONE MARSHAL'S OFFICE,City,AZ,2022,1308,4,0,4,3,2,5,7,2,9,6.88
WV0080200,LAW ENF DIV DEPT NATRL RESOURCES CLAY,LAW ENF DIV DEPT NATRL RESOURCES CLAY,Other State Agency,WV,2022,0,1,0,1,0,0,0,1,0,1,
ME0101100,NEWPORT PD,NEWPORT PD,City,ME,2022,3120,4,0,4,0,0,0,4,0,4,1.28
SD0490300,BRANDON PD,BRANDON PD,City,SD,2022,10914,12,0,12,1,1,2,13,1,14,1.28
TX2300300,ORE CITY PD,ORE CITY PD,City,TX,2022,1170,4,0,4,0,0,0,4,0,4,3.42
WI0120100,PRAIRIE DU CHIEN,PRAIRIE DU CHIEN,City,WI,2022,5461,10,0,10,3,0,3,13,0,13,2.38
SC0030000,ALLENDALE CO SO ALLENDALE,ALLENDALE CO SO ALLENDALE,County,SC,2022,3692,8,0,8,2,2,4,10,2,12,3.25
WI0480400,,,City,WI,2022,1403,0,0,0,1,0,1,1,0,1,0.71
NY0502200,BATH VILLAGE PD BATH,BATH VILLAGE PD BATH,City,NY,2022,5493,10,0,10,1,1,2,11,1,12,2.18
GA0370000,COOK CO SO ADEL,COOK CO SO ADEL,County,GA,2022,8692,26,12,38,5,9,14,31,21,52,5.98
WVWSP9000,WV STATE POLICE CRIMINAL INVESTIGATIONS,WV STATE POLICE CRIMINAL INVESTIGATIONS,State Police,WV,2022,0,4,0,4,0,0,0,4,0,4,
CA0370500,EL CAJON PD,EL CAJON PD,City,CA,2022,104693,110,12,122,14,42,56,124,54,178,1.70
OK0560000,OKMULGEE,OKMULGEE,County,OK,2022,16816,15,1,16,0,1,1,15,2,17,1.01
MS0300000,JACKSON CO SO PASCAGOULA,JACKSON CO SO PASCAGOULA,County,MS,2022,73470,85,33,118,12,53,65,97,86,183,2.49
WV0500400,FORT GAY PD,FORT GAY PD,City,WV,2022,668,3,0,3,0,0,0,3,0,3,4.49
IL0610400,SALEM PD,SALEM PD,City,IL,2022,7136,15,5,20,3,3,6,18,8,26,3.64
MI0610600,ARENAC CO SO STANDISH,ARENAC CO SO STANDISH,County,MI,2022,14012,11,8,19,2,3,5,13,11,24,1.71
NY0590600,PORT CHESTER VILLAGE PD PORT CHESTER,PORT CHESTER VILLAGE PD PORT CHESTER,City,NY,2022,30804,57,0,57,3,1,4,60,1,61,1.98
NY0595900,NORTH CASTLE TOWN PD ARMONK,NORTH CASTLE TOWN PD ARMONK,City,NY,2022,12124,30,1,31,2,1,3,32,2,34,2.80
PA0410800,HUGHESVILLE PD,HUGHESVILLE PD,City,PA,2022,2130,3,0,3,0,0,0,3,0,3,1.41
WI0280400,LAKE MILLS PD,LAKE MILLS PD,City,WI,2022,6662,9,0,9,11,2,13,20,2,22,3.30
NM0330100,,,City,NM,2022,9199,12,0,12,4,2,6,16,2,18,1.96
TX0430000,COLLIN COUNTY SHERIFFS OFFICE,COLLIN COUNTY SHERIFFS OFFICE,County,TX,2022,85826,120,239,359,19,151,170,139,390,529,6.16
OH0521300,MONTVILLE TOWNSHIP,MONTVILLE TOWNSHIP,City,OH,2022,13304,15,0,15,1,0,1,16,0,16,1.20
FL0160100,ATLANTIC BEACH PD,ATLANTIC BEACH PD,City,FL,2022,13189,23,4,27,3,9,12,26,13,39,2.96
GA0030100,ALMA PD,ALMA PD,City,GA,2022,3370,12,0,12,4,2,6,16,2,18,5.34
TX0611300,LITTLE ELM POLICE DEPARTMENT,LITTLE ELM POLICE DEPARTMENT,City,TX,2022,55340,68,2,70,15,6,21,83,8,91,1.64
VA1210000,RADFORD PD,RADFORD PD,City,VA,2022,16978,33,2,35,5,7,12,38,9,47,2.77
AZ0020300,BISBEE PD,BISBEE PD,City,AZ,2022,4909,7,2,9,1,2,3,8,4,12,2.44
SC0250600,YEMASSEE TOWN PD YEMASSEE,YEMASSEE TOWN PD YEMASSEE,City,SC,2022,1149,8,0,8,2,1,3,10,1,11,9.57
TX1081100,PHARR PD,PHARR PD,City,TX,2022,79558,130,11,141,10,19,29,140,30,170,2.14
CA0300900,GARDEN GROVE PD,GARDEN GROVE PD,City,CA,2022,169157,162,8,170,9,57,66,171,65,236,1.40
OK0740000,WASHINGTON,WASHINGTON,County,OK,2022,11656,25,23,48,4,9,13,29,32,61,5.23
MN0660200,NORTHFIELD PD,NORTHFIELD PD,City,MN,2022,20746,21,0,21,2,6,8,23,6,29,1.40
NB0360000,GARFIELD CO SO BURWELL,GARFIELD CO SO BURWELL,County,NB,2022,767,2,0,2,0,0,0,2,0,2,2.61
TN0300300,THIRD JUDICIAL DIST DRUG TASK FORCE GREENEVILLE,THIRD JUDICIAL DIST DRUG TASK FORCE GREENEVILLE,Other,TN,2022,0,4,0,4,0,0,0,4,0,4,
ID0100200,IDAHO FALLS PD,IDAHO FALLS PD,City,ID,2022,68162,83,5,88,7,36,43,90,41,131,1.92
OK0680000,SEQUOYAH,SEQUOYAH,County,OK,2022,21597,25,8,33,1,8,9,26,16,42,1.94
WV0300400,DELBARTON PD,DELBARTON PD,City,WV,2022,406,2,0,2,0,0,0,2,0,2,4.93
TX2202200,RICHLAND HILLS PD FORT WORTH,RICHLAND HILLS PD FORT WORTH,City,TX,2022,8385,15,0,15,5,4,9,20,4,24,2.86
WADI06100,KALISPEL TRIBAL POLICE DEPARTMENT USK,KALISPEL TRIBAL POLICE DEPARTMENT USK,Tribal,WA,2022,0,20,1,21,3,4,7,23,5,28,
MA0143300,NORTHBORO PD,NORTHBORO PD,City,MA,2022,15699,20,2,22,1,5,6,21,7,28,1.78
FL0590600,WINTER SPRINGS PD,WINTER SPRINGS PD,City,FL,2022,38160,43,1,44,10,6,16,53,7,60,1.57
FL0360100,FORT MYERS PD,FORT MYERS PD,City,FL,2022,98538,185,26,211,47,63,110,232,89,321,3.26
NC0680100,CHAPEL HILL PD,CHAPEL HILL PD,City,NC,2022,60984,76,9,85,10,16,26,86,25,111,1.82
AR0041100,SULPHUR SPRINGS POLICE DEPARTMENT,SULPHUR SPRINGS POLICE DEPARTMENT,City,AR,2022,471,2,0,2,1,0,1,3,0,3,6.37
IA0820600,ELDRIDGE PD,ELDRIDGE PD,City,IA,2022,6770,10,0,10,0,1,1,10,1,11,1.62
CA0340400,SACRAMENTO PD,SACRAMENTO PD,City,CA,2022,526671,559,82,641,121,211,332,680,293,973,1.85
SD0090000,BUTTE CO SO BELLE FOURCHE,BUTTE CO SO BELLE FOURCHE,County,SD,2022,4938,6,1,7,0,6,6,6,7,13,2.63
CA0510000,SUTTER CO SO YUBA CITY,SUTTER CO SO YUBA CITY,County,CA,2022,29636,71,0,71,25,25,50,96,25,121,4.08
MA0121300,LAKEVILLE PD,LAKEVILLE PD,City,MA,2022,12511,17,4,21,2,1,3,19,5,24,1.92
NH0080200,ATKINSON,ATKINSON,City,NH,2022,7343,8,0,8,0,1,1,8,1,9,1.23
TX2360100,HUNTSVILLE PD,HUNTSVILLE PD,City,TX,2022,46780,54,5,59,3,9,12,57,14,71,1.52
MD0200200,PRINCESS ANNE PD,PRINCESS ANNE PD,City,MD,2022,3438,11,1,12,1,2,3,12,3,15,4.36
IA0100100,INDEPENDENCE PD,INDEPENDENCE PD,City,IA,2022,6236,10,0,10,1,1,2,11,1,12,1.92
WV0260200,CAMERON PD,CAMERON PD,City,WV,2022,823,2,0,2,0,0,0,2,0,2,2.43
OH0260500,WAUSEON,WAUSEON,City,OH,2022,7492,12,1,13,1,4,5,13,5,18,2.40
MI7956600,MAYVILLE PD,MAYVILLE PD,City,MI,2022,909,1,1,2,0,0,0,1,1,2,2.20
TX2450000,WILLACY COUNTY SHERIFFS OFFICE,WILLACY COUNTY SHERIFFS OFFICE,County,TX,2022,7607,17,11,28,2,3,5,19,14,33,4.34
AZ0070100,AVONDALE PD,AVONDALE PD,City,AZ,2022,91467,129,16,145,23,52,75,152,68,220,2.41
MO0150100,CAMDENTON,CAMDENTON,City,MO,2022,4074,12,0,12,2,2,4,14,2,16,3.93
OR015SP00,SP: JACKSON COUNTY,SP: JACKSON COUNTY,State Police,OR,2022,0,43,20,63,3,37,40,46,57,103,
OK0451600,VALLIANT,VALLIANT,City,OK,2022,811,4,0,4,0,0,0,4,0,4,4.93
CA0340100,FOLSOM PD,FOLSOM PD,City,CA,2022,83011,66,4,70,7,29,36,73,33,106,1.28
NJ0040900,CHESILHURST POLICE DEPT,CHESILHURST POLICE DEPT,City,NJ,2022,1543,10,0,10,0,1,1,10,1,11,7.13
OH0182600,LAKEWOOD,LAKEWOOD,City,OH,2022,49490,83,5,88,10,16,26,93,21,114,2.30
MN0530200,,,City,MN,2022,1189,1,0,1,1,0,1,2,0,2,1.68
NH0011000,GILFORD PD,GILFORD PD,City,NH,2022,7880,18,0,18,1,6,7,19,6,25,3.17
LA0420000,RICHLAND CO SO RAYVILLE,RICHLAND CO SO RAYVILLE,County,LA,2022,16352,86,7,93,35,18,53,121,25,146,8.93
DE0012200,,,Other State Agency,DE,2022,0,21,0,21,2,6,8,23,6,29,
NC0100800,OCEAN ISLE BEACH PD,OCEAN ISLE BEACH PD,City,NC,2022,944,9,0,9,2,1,3,11,1,12,12.71
IL1010000,WINNEBAGO CO SO ROCKFORD,WINNEBAGO CO SO ROCKFORD,County,IL,2022,55713,92,161,253,14,65,79,106,226,332,5.96
ND0280000,MCLEAN CO SO WASHBURN,MCLEAN CO SO WASHBURN,County,ND,2022,8510,25,8,33,2,8,10,27,16,43,5.05
IA0810000,SAC CO SO SAC CITY,SAC CO SO SAC CITY,County,IA,2022,7689,9,0,9,1,12,13,10,12,22,2.86
AL0670100,DOUBLE SPRINGS PD,DOUBLE SPRINGS PD,City,AL,2022,1083,8,0,8,0,1,1,8,1,9,8.31
CADIT0500,LOS COYOTES TRIBAL,LOS COYOTES TRIBAL,Tribal,CA,2022,0,1,0,1,0,0,0,1,0,1,
MO0620100,FREDERICKTOWN,FREDERICKTOWN,City,MO,2022,4353,12,0,12,0,1,1,12,1,13,2.99
IL0999200,LEWIS UNIVERSITY,LEWIS UNIVERSITY,University or College,IL,2022,0,9,4,13,1,5,6,10,9,19,
PA0070200,HOLLIDAYSBURG PD,HOLLIDAYSBURG PD,City,PA,2022,5522,8,0,8,0,2,2,8,2,10,1.81
DE0013100,WYOMING POLICE DEPARTMENT,WYOMING POLICE DEPARTMENT,City,DE,2022,1906,3,0,3,0,0,0,3,0,3,1.57
PA0027900,MOUNT OLIVER PD,MOUNT OLIVER PD,City,PA,2022,3299,8,0,8,1,0,1,9,0,9,2.73
NY0290500,GARDEN CITY VILLAGE PD GARDEN CITY,GARDEN CITY VILLAGE PD GARDEN CITY,City,NY,2022,22929,49,8,57,2,6,8,51,14,65,2.83
CO0490100,ASPEN,ASPEN,City,CO,2022,6910,21,5,26,4,6,10,25,11,36,5.21
TX1051200,BUDA,BUDA,City,TX,2022,16000,20,1,21,2,3,5,22,4,26,1.63
WV0251400,FAIRMONT STATE UNIVERSIT,FAIRMONT STATE UNIVERSIT,University or College,WV,2022,0,8,3,11,0,1,1,8,4,12,
FL0540400,WELAKA PD,WELAKA PD,City,FL,2022,730,2,0,2,0,0,0,2,0,2,2.74
KY0810100,MAYSVILLE PD,MAYSVILLE PD,City,KY,2022,8672,22,5,27,2,4,6,24,9,33,3.81
OH0760600,HARTVILLE,HARTVILLE,City,OH,2022,3331,7,0,7,0,0,0,7,0,7,2.10
FL0170300,FLORIDA DLE REGIONAL OPERATIONS CENTER,FLORIDA DLE REGIONAL OPERATIONS CENTER,Other State Agency,FL,2022,0,21,13,34,9,44,53,30,57,87,
WI0100400,COLBY ABBOTSFORD PD ABBOTSFORD,COLBY ABBOTSFORD PD ABBOTSFORD,City,WI,2022,4312,8,0,8,0,1,1,8,1,9,2.09
MS0070300,,,City,MS,2022,938,1,0,1,0,0,0,1,0,1,1.07
SC040FC00,FC: RICHLAND COUNTY,FC: RICHLAND COUNTY,Other State Agency,SC,2022,0,3,0,3,0,0,0,3,0,3,
FL0521400,ST PETERSBURG PD,ST PETERSBURG PD,City,FL,2022,257745,440,79,519,114,134,248,554,213,767,2.98
OR0300300,PENDLETON,PENDLETON,City,OR,2022,16780,24,0,24,0,4,4,24,4,28,1.67
MN0650700,,,City,MN,2022,453,1,0,1,0,0,0,1,0,1,2.21
KY1030100,MOREHEAD PD,MOREHEAD PD,City,KY,2022,7030,22,2,24,1,7,8,23,9,32,4.55
TX0200300,CLUTE PD,CLUTE PD,City,TX,2022,10557,18,3,21,7,10,17,25,13,38,3.60
MD0020700,MD GEN SERVICES POLICE ANNAPOLIS,MD GEN SERVICES POLICE ANNAPOLIS,Other State Agency,MD,2022,0,63,59,122,16,53,69,79,112,191,
OK0410600,CARNEY,CARNEY,City,OK,2022,558,2,0,2,0,0,0,2,0,2,3.58
MN0810100,JANESVILLE PD,JANESVILLE PD,City,MN,2022,2457,3,0,3,1,0,1,4,0,4,1.63
RI0010100,BARRINGTON PD,BARRINGTON PD,City,RI,2022,17364,23,1,24,2,4,6,25,5,30,1.73
MS0320000,JEFFERSON CO SO FAYETTE,JEFFERSON CO SO FAYETTE,County,MS,2022,5751,6,0,6,1,8,9,7,8,15,2.61
CT0003500,DARIEN PD,DARIEN PD,City,CT,2022,21549,41,8,49,8,8,16,49,16,65,3.02
NJ0051300,WEST WILDWOOD PD WILDWOOD,WEST WILDWOOD PD WILDWOOD,City,NJ,2022,541,6,0,6,1,0,1,7,0,7,12.94
ME0020200,FORT FAIRFIELD PD,FORT FAIRFIELD PD,City,ME,2022,3267,4,0,4,0,0,0,4,0,4,1.22
MO0400100,TRENTON,TRENTON,City,MO,2022,5581,10,2,12,1,4,5,11,6,17,3.05
CA0541100,COLLEGE OF SEQUOIAS PD VISALIA,COLLEGE OF SEQUOIAS PD VISALIA,University or College,CA,2022,0,6,0,6,0,1,1,6,1,7,
TN0540200,ENGLEWOOD PD,ENGLEWOOD PD,City,TN,2022,1519,5,0,5,0,1,1,5,1,6,3.95
TN0820000,SULLIVAN CO SO BLOUNTVILLE,SULLIVAN CO SO BLOUNTVILLE,County,TN,2022,77295,118,110,228,14,61,75,132,171,303,3.92
KY0780000,MARION CO SO LEBANON,MARION CO SO LEBANON,County,KY,2022,13386,8,1,9,0,3,3,8,4,12,0.90
MO0190000,CASS,CASS,County,MO,2022,28069,80,4,84,13,22,35,93,26,119,4.24
TX1770200,ROSCOE PD,ROSCOE PD,City,TX,2022,1231,2,0,2,0,0,0,2,0,2,1.62
NC0490100,MOORESVILLE PD,MOORESVILLE PD,City,NC,2022,52762,77,11,88,11,13,24,88,24,112,2.12
CO0300600,LAKESIDE,LAKESIDE,City,CO,2022,17,14,0,14,0,2,2,14,2,16,941.18
NV0040100,ELKO PD,ELKO PD,City,NV,2022,20664,36,0,36,2,7,9,38,7,45,2.18
OR0220100,ALBANY,ALBANY,City,OR,2022,57058,51,8,59,7,24,31,58,32,90,1.58
AK0012000,SOLDOTNA PD,SOLDOTNA PD,City,AK,2022,4527,13,0,13,1,3,4,14,3,17,3.76
WY0100100,BUFFALO PD,BUFFALO PD,City,WY,2022,4567,11,1,12,1,7,8,12,8,20,4.38
AL0120000,CHAMBERS CO SO LAFAYETTE,CHAMBERS CO SO LAFAYETTE,County,AL,2022,14762,23,15,38,1,17,18,24,32,56,3.79
MN0181000,,,City,MN,2022,2077,6,0,6,0,0,0,6,0,6,2.89
MO0340000,DOUGLAS,DOUGLAS,County,MO,2022,8941,10,3,13,1,4,5,11,7,18,2.01
TN0450000,JEFFERSON CO SO DANDRIDGE,JEFFERSON CO SO DANDRIDGE,County,TN,2022,40794,43,31,74,4,14,18,47,45,92,2.26
OK0011000,WATTS,WATTS,City,OK,2022,278,3,0,3,0,0,0,3,0,3,10.79
CA0450000,SHASTA CO SO REDDING,SHASTA CO SO REDDING,County,CA,2022,77610,106,11,117,18,44,62,124,55,179,2.31
ME0120100,BATH PD,BATH PD,City,ME,2022,8834,16,1,17,1,4,5,17,5,22,2.49
MS0530000,OKTIBBEHA CO SO STARKVILLE,OKTIBBEHA CO SO STARKVILLE,County,MS,2022,27195,28,1,29,1,2,3,29,3,32,1.18
WI0250200,MINERAL POINT PD,MINERAL POINT PD,City,WI,2022,2566,6,0,6,0,0,0,6,0,6,2.34
NJ0161100,RINGWOOD PD,RINGWOOD PD,City,NJ,2022,11456,18,3,21,1,2,3,19,5,24,2.09
TX1083000,CITY PENITAS POLICE DEPARTMENT,CITY PENITAS POLICE DEPARTMENT,City,TX,2022,6348,12,0,12,3,1,4,15,1,16,2.52
MN0470200,,,City,MN,2022,1023,1,0,1,0,0,0,1,0,1,0.98
KY0470300,VINE GROVE PD,VINE GROVE PD,City,KY,2022,6843,6,0,6,0,0,0,6,0,6,0.88
MA013309E,BOSTON UNIVERSITY,BOSTON UNIVERSITY,University or College,MA,2022,0,39,9,48,8,4,12,47,13,60,
CT0001700,BRISTOL PD,BRISTOL PD,City,CT,2022,60657,102,11,113,10,14,24,112,25,137,2.26
MS0590300,NE MISS JUNIOR COLLEGE CAMPUS PD BOONEVILLE,NE MISS JUNIOR COLLEGE CAMPUS PD BOONEVILLE,University or College,MS,2022,0,5,1,6,1,0,1,6,1,7,
IN0420000,KNOX COUNTY POLICE DEPARTMENT,KNOX COUNTY POLICE DEPARTMENT,County,IN,2022,16251,30,25,55,1,13,14,31,38,69,4.25
NC0960300,FREMONT PD,FREMONT PD,City,NC,2022,1184,2,0,2,1,0,1,3,0,3,2.53
WA0174700,MAPLE VALLEY POLICE DEPARTMENT,MAPLE VALLEY POLICE DEPARTMENT,City,WA,2022,28175,19,1,20,1,5,6,20,6,26,0.92
TX0310300,HARLINGEN PD,HARLINGEN PD,City,TX,2022,72047,126,18,144,12,28,40,138,46,184,2.55
PA0381600,NORTH LONDONDERRY PD PALMYRA,NORTH LONDONDERRY PD PALMYRA,City,PA,2022,8937,9,0,9,0,1,1,9,1,10,1.12
TX1700500,,,Other,TX,2022,0,51,0,51,7,5,12,58,5,63,
UT0020100,BRIGHAM CITY PD,BRIGHAM CITY PD,City,UT,2022,20355,25,0,25,1,5,6,26,5,31,1.52
KY0850100,EDMONTON PD,EDMONTON PD,City,KY,2022,1696,7,0,7,0,0,0,7,0,7,4.13
PA002A600,,,Other State Agency,PA,2022,0,3,0,3,0,0,0,3,0,3,
OH0432200,KIRTLAND,KIRTLAND,City,OH,2022,6899,10,0,10,2,1,3,12,1,13,1.88
WA0310300,EVERETT PD,EVERETT PD,City,WA,2022,110694,166,5,171,24,28,52,190,33,223,2.01
PA0141700,SPR: BLACK MOSHANNON,SPR: BLACK MOSHANNON,Other State Agency,PA,2022,0,0,0,0,2,0,2,2,0,2,
MN0460000,MARTIN CO SO FAIRMONT,MARTIN CO SO FAIRMONT,County,MN,2022,6676,13,7,20,1,14,15,14,21,35,5.24
GA0960400,OGLETHORPE PD,OGLETHORPE PD,City,GA,2022,1006,1,0,1,0,1,1,1,1,2,1.99
TN0620200,MADISONVILLE PD,MADISONVILLE PD,City,TN,2022,5118,20,3,23,1,0,1,21,3,24,4.69
WI0550300,LADYSMITH PD,LADYSMITH PD,City,WI,2022,3112,7,0,7,1,1,2,8,1,9,2.89
PA0021N00,UNIV OF PITTSBURGH CAMPUS PD PITTSBURGH,UNIV OF PITTSBURGH CAMPUS PD PITTSBURGH,University or College,PA,2022,0,54,38,92,15,15,30,69,53,122,
NM0060000,DE BACA CO SO FORT SUMNER,DE BACA CO SO FORT SUMNER,County,NM,2022,1681,5,0,5,0,0,0,5,0,5,2.97
MO0956400,ROCK HILL,ROCK HILL,City,MO,2022,4689,10,0,10,0,1,1,10,1,11,2.35
KS0150000,CLOUD CO SO CONCORDIA,CLOUD CO SO CONCORDIA,County,KS,2022,3877,9,0,9,1,0,1,10,0,10,2.58
KY1140100,BOWLING GREEN PD,BOWLING GREEN PD,City,KY,2022,74427,107,4,111,18,29,47,125,33,158,2.12
OR0100600,SUTHERLIN,SUTHERLIN,City,OR,2022,8662,13,0,13,2,4,6,15,4,19,2.19
ME0160600,BERWICK PD,BERWICK PD,City,ME,2022,8185,12,0,12,0,1,1,12,1,13,1.59
KS1050300,EDWARDSVILLE PD,EDWARDSVILLE PD,City,KS,2022,4574,17,1,18,1,1,2,18,2,20,4.37
MT0210100,HAVRE PD,HAVRE PD,City,MT,2022,9270,17,1,18,0,4,4,17,5,22,2.37
CO0351000,TIMNATH,TIMNATH,City,CO,2022,9063,12,0,12,3,2,5,15,2,17,1.88
MN0490000,MORRISON CO SO LITTLE FALLS,MORRISON CO SO LITTLE FALLS,County,MN,2022,21693,22,12,34,0,22,22,22,34,56,2.58
MT0200000,GRANITE CO SO PHILIPSBURG,GRANITE CO SO PHILIPSBURG,County,MT,2022,3380,6,0,6,0,4,4,6,4,10,2.96
NY0276700,WEBSTER TOWN PD WEBSTER,WEBSTER TOWN PD WEBSTER,City,NY,2022,45230,28,1,29,3,6,9,31,7,38,0.84
OK0430100,MARIETTA,MARIETTA,City,OK,2022,2847,8,2,10,0,0,0,8,2,10,3.51
TX0203000,IOWA COLONY POLICE DEPARTMENT IOWA COLONY,IOWA COLONY POLICE DEPARTMENT IOWA COLONY,City,TX,2022,11056,9,0,9,1,1,2,10,1,11,0.99
WVWSP8500,WV STATE POLICE CRIMINAL INVESTIGATIONS,WV STATE POLICE CRIMINAL INVESTIGATIONS,State Police,WV,2022,0,8,0,8,1,1,2,9,1,10,
WA0330000,STEVENS CO SO COLVILLE,STEVENS CO SO COLVILLE,County,WA,2022,39209,30,14,44,1,19,20,31,33,64,1.63
NY0325000,WHITESTOWN TOWN PD WHITESBORO,WHITESTOWN TOWN PD WHITESBORO,City,NY,2022,8605,6,0,6,1,0,1,7,0,7,0.81
IN0480200,ANDERSON PD,ANDERSON PD,City,IN,2022,54965,96,5,101,7,14,21,103,19,122,2.22
UT0010000,BEAVER CO SO BEAVER,BEAVER CO SO BEAVER,County,UT,2022,7392,20,38,58,3,17,20,23,55,78,10.55
OH0790600,UHRICHSVILLE,UHRICHSVILLE,City,OH,2022,5177,8,0,8,2,0,2,10,0,10,1.93
PA0262000,REDSTONE TWP PD GRINDSTONE,REDSTONE TWP PD GRINDSTONE,City,PA,2022,3858,2,0,2,0,0,0,2,0,2,0.52
IL0820800,FREEBURG PD,FREEBURG PD,City,IL,2022,4494,10,0,10,1,1,2,11,1,12,2.67
OR0301200,UMATILLA TRIBAL,UMATILLA TRIBAL,Tribal,OR,2022,0,13,3,16,0,4,4,13,7,20,
PA0231700,MARPLE TWP PD BROOMALL,MARPLE TWP PD BROOMALL,City,PA,2022,23954,30,0,30,2,2,4,32,2,34,1.42
MA0111200,MEDFIELD PD,MEDFIELD PD,City,MA,2022,13107,11,1,12,2,3,5,13,4,17,1.30
MN0140200,DILWORTH PD,DILWORTH PD,City,MN,2022,4641,8,0,8,0,1,1,8,1,9,1.94
NC0940400,ST PARK RANGER PETTIGREW ST PARK CRESWELL,ST PARK RANGER PETTIGREW ST PARK CRESWELL,Other State Agency,NC,2022,0,2,2,4,1,1,2,3,3,6,
MI2540000,FLUSHING PD,FLUSHING PD,City,MI,2022,8290,10,0,10,0,1,1,10,1,11,1.33
MI4614600,LENAWEE CO SO ADRIAN,LENAWEE CO SO ADRIAN,County,MI,2022,30895,36,35,71,3,25,28,39,60,99,3.20
PA0140000,CENTRE CO SO BELLEFONTE,CENTRE CO SO BELLEFONTE,County,PA,2022,0,20,0,20,3,4,7,23,4,27,
SC0050200,DENMARK PD,DENMARK PD,City,SC,2022,3124,6,0,6,2,1,3,8,1,9,2.88
VA0730100,FARMVILLE PD,FARMVILLE PD,City,VA,2022,7216,24,1,25,2,1,3,26,2,28,3.88
IL0493600,KILDEER PD,KILDEER PD,City,IL,2022,4240,9,0,9,0,1,1,9,1,10,2.36
TX1050000,HAYS CO SO SAN MARCOS,HAYS CO SO SAN MARCOS,County,TX,2022,124944,155,130,285,17,101,118,172,231,403,3.23
IL0840200,SPRINGFIELD PD,SPRINGFIELD PD,City,IL,2022,112549,202,6,208,30,22,52,232,28,260,2.31
NC0511400,WILSONS MILLS POLICE DEPARTMENT,WILSONS MILLS POLICE DEPARTMENT,City,NC,2022,2767,10,0,10,1,0,1,11,0,11,3.98
MO0180200,ELLSINORE,ELLSINORE,City,MO,2022,432,1,0,1,0,0,0,1,0,1,2.31
AZ0110900,KEARNY PD,KEARNY PD,City,AZ,2022,1824,7,0,7,0,5,5,7,5,12,6.58
AR0630200,BRYANT PD,BRYANT PD,City,AR,2022,21407,43,1,44,8,10,18,51,11,62,2.90
WV0490100,BUCKHANNON PD,BUCKHANNON PD,City,WV,2022,5243,11,1,12,1,0,1,12,1,13,2.48
WY0170000,SHERIDAN,SHERIDAN,County,WY,2022,12990,18,20,38,1,15,16,19,35,54,4.16
OH0151900,PERRY TOWNSHIP,PERRY TOWNSHIP,City,OH,2022,4361,4,0,4,0,0,0,4,0,4,0.92
IL0720100,BARTONVILLE PD,BARTONVILLE PD,City,IL,2022,5789,12,4,16,0,1,1,12,5,17,2.94
VA0920100,BLUEFIELD PD,BLUEFIELD PD,City,VA,2022,4957,17,0,17,2,3,5,19,3,22,4.44
WV0180000,JACKSON CO SO RIPLEY,JACKSON CO SO RIPLEY,County,WV,2022,20823,16,7,23,0,1,1,16,8,24,1.15
TN0600100,COLUMBIA PD,COLUMBIA PD,City,TN,2022,44852,71,8,79,5,11,16,76,19,95,2.12
DE0031700,OCEAN VIEW PD,OCEAN VIEW PD,City,DE,2022,2851,12,0,12,1,1,2,13,1,14,4.91
CA0490300,HEALDSBURG PD,HEALDSBURG PD,City,CA,2022,11229,12,3,15,3,8,11,15,11,26,2.32
FL0530000,POLK CO SO,POLK CO SO,County,FL,2022,506651,532,109,641,140,381,521,672,490,1162,2.29
MS0130000,CLAY CO SO WEST POINT,CLAY CO SO WEST POINT,County,MS,2022,8512,12,1,13,0,5,5,12,6,18,2.11
MT0160100,BOZEMAN PD,BOZEMAN PD,City,MT,2022,55997,59,6,65,7,8,15,66,14,80,1.43
AL0570000,RUSSELL CO SO PHENIX CITY,RUSSELL CO SO PHENIX CITY,County,AL,2022,27033,32,29,61,6,44,50,38,73,111,4.11
TX1990000,ROCKWALL CO SO ROCKWALL,ROCKWALL CO SO ROCKWALL,County,TX,2022,16690,53,50,103,1,33,34,54,83,137,8.21
OK070015A,,,Other,OK,2022,0,4,0,4,1,0,1,5,0,5,
GAAPD0000,ATLANTA POLICE DEPARTMENT,ATLANTA POLICE DEPARTMENT,City,GA,2022,495707,1341,108,1449,302,326,628,1643,434,2077,4.19
TX2000300,WINTERS PD,WINTERS PD,City,TX,2022,2363,5,1,6,1,0,1,6,1,7,2.96
MA0095900,FRAMINGHAM ST COLL CAMPUS POLICE FRAMINGHAM,FRAMINGHAM ST COLL CAMPUS POLICE FRAMINGHAM,University or College,MA,2022,0,9,1,10,1,1,2,10,2,12,
WADI05900,LUMMI TRIBAL PD,LUMMI TRIBAL PD,Tribal,WA,2022,0,19,0,19,2,3,5,21,3,24,
TX1160700,CADDO MILLS PD,CADDO MILLS PD,City,TX,2022,3568,8,0,8,2,0,2,10,0,10,2.80
SC0270200,RIDGELAND PD,RIDGELAND PD,City,SC,2022,3680,10,0,10,0,1,1,10,1,11,2.99
OR0090100,BEND,BEND,City,OR,2022,104649,87,11,98,12,23,35,99,34,133,1.27
FL0360000,LEE CO SO FORT MYERS,LEE CO SO FORT MYERS,County,FL,2022,502907,627,415,1042,116,453,569,743,868,1611,3.20
SC0040100,ANDERSON PD,ANDERSON PD,City,SC,2022,29398,77,13,90,10,12,22,87,25,112,3.81
LA0370000,OUACHITA CO SO MONROE,OUACHITA CO SO MONROE,County,LA,2022,91592,257,0,257,118,0,118,375,0,375,4.09
CA0300400,COSTA MESA PD,COSTA MESA PD,City,CA,2022,109785,117,17,134,16,50,66,133,67,200,1.82
IL0822800,SMITHTON PD,SMITHTON PD,City,IL,2022,3969,7,0,7,1,0,1,8,0,8,2.02
OK0090200,YUKON,YUKON,City,OK,2022,25514,47,2,49,3,16,19,50,18,68,2.67
KS0750100,ST MARYS PD,ST MARYS PD,City,KS,2022,2753,5,0,5,1,0,1,6,0,6,2.18
OR008SP00,SP: CURRY COUNTY,SP: CURRY COUNTY,State Police,OR,2022,0,7,0,7,1,1,2,8,1,9,
CA0430700,LOS GATOS PD,LOS GATOS PD,City,CA,2022,31640,30,1,31,6,11,17,36,12,48,1.52
FL0610000,SUWANNEE CO SO LIVE OAK,SUWANNEE CO SO LIVE OAK,County,FL,2022,39031,50,3,53,5,25,30,55,28,83,2.13
NC0510600,PINE LEVEL PD,PINE LEVEL PD,City,NC,2022,2218,3,0,3,0,0,0,3,0,3,1.35
MA0070800,HAMPDEN PD,HAMPDEN PD,City,MA,2022,4948,11,0,11,0,0,0,11,0,11,2.22
NJ0020200,ALPINE PD,ALPINE PD,City,NJ,2022,1743,11,0,11,0,0,0,11,0,11,6.31
TX0450000,COLORADO CO SO COLUMBUS,COLORADO CO SO COLUMBUS,County,TX,2022,11649,17,7,24,4,16,20,21,23,44,3.78
UT0290200,ROY PD,ROY PD,City,UT,2022,39305,39,2,41,0,6,6,39,8,47,1.20
MS0300300,PASCAGOULA PD,PASCAGOULA PD,City,MS,2022,21736,44,1,45,11,22,33,55,23,78,3.59
MT0150100,COLUMBIA FALLS PD,COLUMBIA FALLS PD,City,MT,2022,5734,8,0,8,0,1,1,8,1,9,1.57
AR0540000,PHILLIPS CO SO HELENA,PHILLIPS CO SO HELENA,County,AR,2022,6539,13,0,13,2,3,5,15,3,18,2.75
TX1850300,FARWELL POLICE DEPARTMENT,FARWELL POLICE DEPARTMENT,City,TX,2022,1383,2,0,2,1,0,1,3,0,3,2.17
SC0350200,MC COLL PD,MC COLL PD,City,SC,2022,2051,2,0,2,1,0,1,3,0,3,1.46
PA0350700,CLARKS SUMMIT PD,CLARKS SUMMIT PD,City,PA,2022,6629,5,0,5,0,0,0,5,0,5,0.75
SD0170000,DAVISON CO SO MITCHELL,DAVISON CO SO MITCHELL,County,SD,2022,4372,8,0,8,0,3,3,8,3,11,2.52
TX0190500,TEXARKANA PD,TEXARKANA PD,City,TX,2022,35859,78,5,83,6,6,12,84,11,95,2.65
AZ0040000,GILA CO SO GLOBE,GILA CO SO GLOBE,County,AZ,2022,27603,41,33,74,4,37,41,45,70,115,4.17
MI5115100,MANISTEE CO SO MANISTEE,MANISTEE CO SO MANISTEE,County,MI,2022,19305,15,18,33,2,3,5,17,21,38,1.97
PA0542400,PINE GROVE PD,PINE GROVE PD,City,PA,2022,2064,2,0,2,0,0,0,2,0,2,0.97
AL0280700,RAINSVILLE PD,RAINSVILLE PD,City,AL,2022,5685,13,1,14,1,3,4,14,4,18,3.17
NC0050100,WEST JEFFERSON PD,WEST JEFFERSON PD,City,NC,2022,1237,7,0,7,0,0,0,7,0,7,5.66
DE0030900,BLADES PD,BLADES PD,City,DE,2022,1270,2,0,2,0,0,0,2,0,2,1.57
IN0650100,MOUNT VERNON PD,MOUNT VERNON PD,City,IN,2022,6380,17,0,17,1,1,2,18,1,19,2.98
NC0630100,ABERDEEN PD,ABERDEEN PD,City,NC,2022,9528,18,0,18,7,2,9,25,2,27,2.83
NY0015800,COEYMANS TOWN PD RAVENA,COEYMANS TOWN PD RAVENA,City,NY,2022,7161,1,0,1,1,1,2,2,1,3,0.42
PA0170300,CURWENSVILLE PD,CURWENSVILLE PD,City,PA,2022,2533,3,0,3,0,0,0,3,0,3,1.18
OH0481300,UNIVERSITY OF TOLEDO,UNIVERSITY OF TOLEDO,University or College,OH,2022,0,27,0,27,2,0,2,29,0,29,
DE0011700,DEPT NAT RESOURCES ENVIR CRIMES UNIT,DEPT NAT RESOURCES ENVIR CRIMES UNIT,Other State Agency,DE,2022,0,14,0,14,1,1,2,15,1,16,
MA008289E,AMHERST COLLEGE CAMPUS POLICE,AMHERST COLLEGE CAMPUS POLICE,University or College,MA,2022,0,5,6,11,3,2,5,8,8,16,
NC0460000,HERTFORD CO SO WINTON,HERTFORD CO SO WINTON,County,NC,2022,13269,19,9,28,5,23,28,24,32,56,4.22
TX2141100,,,Other,TX,2022,0,10,0,10,1,1,2,11,1,12,
NJ0071000,LIVINGSTON TWP PD LIVINGSTON,LIVINGSTON TWP PD LIVINGSTON,City,NJ,2022,30844,65,5,70,7,5,12,72,10,82,2.66
RI0040900,PROVIDENCE PD,PROVIDENCE PD,City,RI,2022,189064,374,27,401,50,49,99,424,76,500,2.64
OH0060600,NEW BREMEN,NEW BREMEN,City,OH,2022,2948,8,0,8,0,0,0,8,0,8,2.71
AZ0120100,NOGALES PD,NOGALES PD,City,AZ,2022,19725,39,6,45,5,13,18,44,19,63,3.19
AL0050200,FAIRHOPE PD,FAIRHOPE PD,City,AL,2022,23747,41,7,48,5,14,19,46,21,67,2.82
AR0070000,CALHOUN CO SO HAMPTON,CALHOUN CO SO HAMPTON,County,AR,2022,3575,7,2,9,0,4,4,7,6,13,3.64
TX0700000,ELLIS CO SO WAXAHACHIE,ELLIS CO SO WAXAHACHIE,County,TX,2022,68948,87,77,164,2,51,53,89,128,217,3.15
MI6581600,WEST BRANCH PD,WEST BRANCH PD,City,MI,2022,2315,7,0,7,0,0,0,7,0,7,3.02
AR0120100,HEBER SPRINGS PD,HEBER SPRINGS PD,City,AR,2022,7353,17,1,18,1,1,2,18,2,20,2.72
AZ0020500,DOUGLAS PD,DOUGLAS PD,City,AZ,2022,16529,24,5,29,6,9,15,30,14,44,2.66
TX2203000,KELLER PD,KELLER PD,City,TX,2022,45080,43,13,56,8,24,32,51,37,88,1.95
TX1550000,MCLENNAN CO SO WACO,MCLENNAN CO SO WACO,County,TX,2022,53162,100,210,310,11,155,166,111,365,476,8.95
OH0270900,UNIVERSITY OF RIO GRANDE,UNIVERSITY OF RIO GRANDE,University or College,OH,2022,0,4,0,4,0,1,1,4,1,5,
PA0621200,,,Other State Agency,PA,2022,0,1,0,1,0,0,0,1,0,1,
TN0070300,CARYVILLE PD,CARYVILLE PD,City,TN,2022,2179,4,0,4,0,0,0,4,0,4,1.84
NJ0171300,CARNEYS POINT TOWNSHIP POLICEDEPARTMENT,CARNEYS POINT TOWNSHIP POLICEDEPARTMENT,City,NJ,2022,8763,19,0,19,2,2,4,21,2,23,2.62
MI4114100,KENT CO SO GRAND RAPIDS,KENT CO SO GRAND RAPIDS,County,MI,2022,263758,208,232,440,43,127,170,251,359,610,2.31
OK0670300,WEWOKA,WEWOKA,City,OK,2022,3077,5,0,5,3,0,3,8,0,8,2.60
AL0050400,GULF SHORES PD,GULF SHORES PD,City,AL,2022,16274,51,12,63,1,8,9,52,20,72,4.42
AZ0060100,CLIFTON PD,CLIFTON PD,City,AZ,2022,3774,2,0,2,1,6,7,3,6,9,2.38
NJ0130700,BELMAR PD,BELMAR PD,City,NJ,2022,5868,23,2,25,2,5,7,25,7,32,5.45
KY0810000,MASON CO SO MAYSVILLE,MASON CO SO MAYSVILLE,County,KY,2022,8096,14,0,14,2,3,5,16,3,19,2.35
PA0094800,CO DETECTIVE BU DOYLESTOWN,CO DETECTIVE BU DOYLESTOWN,Other,PA,2022,0,21,0,21,0,6,6,21,6,27,
ID0280000,KOOTENAI CO SO COEUR D'ALENE,KOOTENAI CO SO COEUR D'ALENE,County,ID,2022,68425,88,100,188,6,80,86,94,180,274,4.00
TX0150000,BEXAR CO SO SAN ANTONIO,BEXAR CO SO SAN ANTONIO,County,TX,2022,434590,505,584,1089,87,433,520,592,1017,1609,3.70
MI5290500,ISHPEMING TOWNSHIP PD ISHPEMING,ISHPEMING TOWNSHIP PD ISHPEMING,City,MI,2022,3421,1,0,1,0,0,0,1,0,1,0.29
GA0331200,KENNESAW STATE COLLEGE DPS KENNESAW,KENNESAW STATE COLLEGE DPS KENNESAW,University or College,GA,2022,0,40,14,54,13,19,32,53,33,86,
MI8242300,GIBRALTAR PD,GIBRALTAR PD,City,MI,2022,4899,9,1,10,0,0,0,9,1,10,2.04
OK0410200,PRAGUE,PRAGUE,City,OK,2022,2379,9,2,11,0,3,3,9,5,14,5.88
PA0140500,SPRING TWP PD BELLEFONTE,SPRING TWP PD BELLEFONTE,City,PA,2022,8026,8,0,8,1,1,2,9,1,10,1.25
IL0250200,EFFINGHAM PD,EFFINGHAM PD,City,IL,2022,12188,26,2,28,1,12,13,27,14,41,3.36
SC0350300,CLIO PD,CLIO PD,City,SC,2022,600,1,1,2,0,0,0,1,1,2,3.33
PA0100300,SLIPPERY ROCK PD,SLIPPERY ROCK PD,City,PA,2022,3055,4,0,4,0,0,0,4,0,4,1.31
MA0092500,LITTLETON PD,LITTLETON PD,City,MA,2022,10154,19,5,24,2,4,6,21,9,30,2.95
WA0340900,YELM PD,YELM PD,City,WA,2022,10749,12,4,16,2,2,4,14,6,20,1.86
PA0421500,UNIV OF PITTSBURGH BRADFORD CAMPUS PD BRADFORD,UNIV OF PITTSBURGH BRADFORD CAMPUS PD BRADFORD,University or College,PA,2022,0,4,0,4,1,1,2,5,1,6,
MI3973600,SCHOOLCRAFT PD,SCHOOLCRAFT PD,City,MI,2022,1443,3,0,3,0,0,0,3,0,3,2.08
MA0130100,BOSTON PD,BOSTON PD,City,MA,2022,638925,1791,225,2016,321,445,766,2112,670,2782,4.35
KY0170100,PRINCETON PD,PRINCETON PD,City,KY,2022,6191,17,0,17,0,1,1,17,1,18,2.91
VT0080000,LAMOILLE CO SO,LAMOILLE CO SO,County,VT,2022,15306,11,9,20,0,5,5,11,14,25,1.63
TX2500100,,,City,TX,2022,493,3,0,3,0,0,0,3,0,3,6.09
SC0240000,GREENWOOD CO SO GREENWOOD,GREENWOOD CO SO GREENWOOD,County,SC,2022,43589,69,16,85,5,38,43,74,54,128,2.94
CA0160000,KINGS CO SO HANFORD,KINGS CO SO HANFORD,County,CA,2022,31478,85,91,176,7,111,118,92,202,294,9.34
IN0920000,WHITLEY CO SO COLUMBIA CITY,WHITLEY CO SO COLUMBIA CITY,County,IN,2022,22737,19,19,38,0,19,19,19,38,57,2.51
TX0151100,OLMOS PARK PD SAN ANTONIO,OLMOS PARK PD SAN ANTONIO,City,TX,2022,2151,16,0,16,3,0,3,19,0,19,8.83
MO1130600,ROGERSVILLE,ROGERSVILLE,City,MO,2022,4972,10,0,10,0,0,0,10,0,10,2.01
TN0270300,TRENTON PD,TRENTON PD,City,TN,2022,4243,16,0,16,1,5,6,17,5,22,5.19
IA0710000,OBRIEN CO SO PRIMGHAR,OBRIEN CO SO PRIMGHAR,County,IA,2022,8753,9,9,18,0,11,11,9,20,29,3.31
IL0168600,PALOS HILLS PD,PALOS HILLS PD,City,IL,2022,17790,26,0,26,5,3,8,31,3,34,1.91
ME0060500,OAKLAND PD,OAKLAND PD,City,ME,2022,6300,10,0,10,0,1,1,10,1,11,1.75
WI0330400,,,City,WI,2022,1190,1,0,1,0,0,0,1,0,1,0.84
MO0930000,ST. CLAIR,ST. CLAIR,County,MO,2022,6827,39,9,48,11,9,20,50,18,68,9.96
PA0401200,PLYMOUTH PD,PLYMOUTH PD,City,PA,2022,5747,8,0,8,1,0,1,9,0,9,1.57
TX1810500,WEST ORANGE PD ORANGE,WEST ORANGE PD ORANGE,City,TX,2022,3418,10,0,10,0,2,2,10,2,12,3.51
LA0260300,KENNER PD,KENNER PD,City,LA,2022,64419,119,18,137,20,44,64,139,62,201,3.12
OH0873000,LAKE TOWNSHIP,LAKE TOWNSHIP,City,OH,2022,8202,15,0,15,2,0,2,17,0,17,2.07
MN0221000,,,City,MN,2022,644,1,0,1,0,0,0,1,0,1,1.55
IA0770800,ALTOONA PD,ALTOONA PD,City,IA,2022,21830,32,0,32,8,3,11,40,3,43,1.97
LA0320000,LIVINGSTON CO SO LIVINGSTON,LIVINGSTON CO SO LIVINGSTON,County,LA,2022,129183,157,64,221,13,105,118,170,169,339,2.62
CT0016500,WINDSOR LOCKS PD,WINDSOR LOCKS PD,City,CT,2022,12497,27,5,32,1,4,5,28,9,37,2.96
KY0930000,OLDHAM CO SO LA GRANGE,OLDHAM CO SO LA GRANGE,County,KY,2022,0,17,0,17,1,3,4,18,3,21,
AL0420000,LAWRENCE CO SO MOULTON,LAWRENCE CO SO MOULTON,County,AL,2022,27353,24,14,38,3,13,16,27,27,54,1.97
LA0100500,WESTLAKE PD,WESTLAKE PD,City,LA,2022,4464,8,1,9,2,3,5,10,4,14,3.14
AR0310000,HOWARD CO SO NASHVILLE,HOWARD CO SO NASHVILLE,County,AR,2022,7507,13,5,18,0,8,8,13,13,26,3.46
NJ0030300,BORDENTOWN CITY PD,BORDENTOWN CITY PD,City,NJ,2022,3990,13,0,13,0,1,1,13,1,14,3.51
NC0690200,ORIENTAL PD,ORIENTAL PD,City,NC,2022,900,2,0,2,0,0,0,2,0,2,2.22
ID0130000,CAMAS CO SO FAIRFIELD,CAMAS CO SO FAIRFIELD,County,ID,2022,1181,4,1,5,0,1,1,4,2,6,5.08
NC0670100,JACKSONVILLE PD,JACKSONVILLE PD,City,NC,2022,72570,110,11,121,23,32,55,133,43,176,2.43
IA0820200,DAVENPORT PD,DAVENPORT PD,City,IA,2022,100437,144,6,150,11,21,32,155,27,182,1.81
CA0390000,SAN JOAQUIN CO SHERIFF'S OFFICE,SAN JOAQUIN CO SHERIFF'S OFFICE,County,CA,2022,166703,274,223,497,29,223,252,303,446,749,4.49
ID0160000,CASSIA CO SO BURLEY,CASSIA CO SO BURLEY,County,ID,2022,25418,41,4,45,12,18,30,53,22,75,2.95
OK0572300,WYNONA,WYNONA,City,OK,2022,369,1,0,1,0,0,0,1,0,1,2.71
TX2400100,LAREDO PD,LAREDO PD,City,TX,2022,256973,445,27,472,70,76,146,515,103,618,2.40
CA0190500,AZUSA PD,AZUSA PD,City,CA,2022,47754,48,6,54,3,22,25,51,28,79,1.65
NC0260000,CUMBERLAND CO SO FAYETTEVILLE,CUMBERLAND CO SO FAYETTEVILLE,County,NC,2022,99864,171,82,253,52,154,206,223,236,459,4.60
CA0340800,CALIFORNIA STATE UNIVERSITY PD SACRAMENTO,CALIFORNIA STATE UNIVERSITY PD SACRAMENTO,University or College,CA,2022,0,13,6,19,6,10,16,19,16,35,
TX0580000,DAWSON CO SO LAMESA,DAWSON CO SO LAMESA,County,TX,2022,3625,8,6,14,1,7,8,9,13,22,6.07
TX2272400,AUSTIN ISD PD AUSTIN,AUSTIN ISD PD AUSTIN,Other,TX,2022,0,52,3,55,10,9,19,62,12,74,
TN0830000,SUMNER CO SO GALLATIN,SUMNER CO SO GALLATIN,County,TN,2022,57794,121,90,211,12,57,69,133,147,280,4.84
TX1701700,MONTGOMERY POLICE DEPARTMENT,MONTGOMERY POLICE DEPARTMENT,City,TX,2022,2679,9,0,9,2,2,4,11,2,13,4.85
VT0120100,BARRE PD,BARRE PD,City,VT,2022,8447,16,1,17,3,6,9,19,7,26,3.08
NJ0030800,CINNAMINSON TWP PD CINNAMINSON,CINNAMINSON TWP PD CINNAMINSON,City,NJ,2022,17302,32,0,32,0,0,0,32,0,32,1.85
IL0210500,TUSCOLA PD,TUSCOLA PD,City,IL,2022,4656,6,0,6,0,1,1,6,1,7,1.50
WA0180100,BREMERTON PD,BREMERTON PD,City,WA,2022,44256,54,4,58,4,13,17,58,17,75,1.69
WY0170100,SHERIDAN,SHERIDAN,City,WY,2022,19373,24,7,31,4,10,14,28,17,45,2.32
FL0120100,LAKE CITY PD,LAKE CITY PD,City,FL,2022,12503,32,3,35,6,13,19,38,16,54,4.32
NJ0070100,BELLEVILLE PD,BELLEVILLE PD,City,NJ,2022,37348,95,1,96,7,5,12,102,6,108,2.89
MN0850300,GOODVIEW PD WINONA,GOODVIEW PD WINONA,City,MN,2022,4137,5,0,5,1,1,2,6,1,7,1.69
MA0144200,RUTLAND PD,RUTLAND PD,City,MA,2022,9316,11,0,11,2,1,3,13,1,14,1.50
TX0420000,COLEMAN CO SO COLEMAN,COLEMAN CO SO COLEMAN,County,TX,2022,2875,5,5,10,0,8,8,5,13,18,6.26
IA0560200,KEOKUK PD,KEOKUK PD,City,IA,2022,9702,19,2,21,3,2,5,22,4,26,2.68
TN0060100,CLEVELAND PD,CLEVELAND PD,City,TN,2022,48579,92,2,94,7,10,17,99,12,111,2.28
OH0671200,STREETSBORO,STREETSBORO,City,OH,2022,17908,25,2,27,2,5,7,27,7,34,1.90
FL0490000,OSCEOLA CO SO KISSIMMEE,OSCEOLA CO SO KISSIMMEE,County,FL,2022,276218,404,61,465,61,178,239,465,239,704,2.55
MO0150900,SUNRISE BEACH,SUNRISE BEACH,City,MO,2022,480,2,0,2,1,0,1,3,0,3,6.25
IL0150600,EASTERN ILLINOIS UNIVERSITY PD CHARLESTON,EASTERN ILLINOIS UNIVERSITY PD CHARLESTON,University or College,IL,2022,0,9,0,9,2,1,3,11,1,12,
KY1180100,CORBIN PD,CORBIN PD,City,KY,2022,7762,22,1,23,0,3,3,22,4,26,3.35
AZDI06000,BIA DIV LAW ENF TRUXTON CANON AGENCY VALENTINE,BIA DIV LAW ENF TRUXTON CANON AGENCY VALENTINE,Tribal,AZ,2022,0,4,1,5,0,3,3,4,4,8,
WI0411600,WEST ALLIS PD,WEST ALLIS PD,City,WI,2022,58681,107,8,115,17,21,38,124,29,153,2.61
TN0450100,JEFFERSON CITY PD,JEFFERSON CITY PD,City,TN,2022,8319,26,0,26,4,2,6,30,2,32,3.85
NY0415300,NORTH GREENBUSH TOWN PD WYNANTSKILL,NORTH GREENBUSH TOWN PD WYNANTSKILL,City,NY,2022,13323,13,2,15,2,0,2,15,2,17,1.28
GA1230100,ELLAVILLE PD,ELLAVILLE PD,City,GA,2022,1521,5,0,5,0,0,0,5,0,5,3.29
VA0010000,ACCOMACK CO SO ACCOMAC,ACCOMACK CO SO ACCOMAC,County,VA,2022,27483,26,2,28,3,4,7,29,6,35,1.27
KS0480100,KINGMAN PD,KINGMAN PD,City,KS,2022,3021,7,5,12,0,11,11,7,16,23,7.61
PA0382500,FORT INDIANTOWN GAP POLICE FORCE,FORT INDIANTOWN GAP POLICE FORCE,Other,PA,2022,0,12,6,18,2,1,3,14,7,21,
NB0150100,IMPERIAL PD,IMPERIAL PD,City,NB,2022,1991,4,0,4,0,0,0,4,0,4,2.01
AR0490000,MONTGOMERY CO SO MOUNT IDA,MONTGOMERY CO SO MOUNT IDA,County,AR,2022,8722,9,7,16,2,8,10,11,15,26,2.98
WI0500000,PORTAGE CO SO STEVENS POINT,PORTAGE CO SO STEVENS POINT,County,WI,2022,30845,45,22,67,3,34,37,48,56,104,3.37
CO0470100,FAIRPLAY,FAIRPLAY,City,CO,2022,732,2,0,2,2,0,2,4,0,4,5.46
MI0810800,BARRY CO SO HASTINGS,BARRY CO SO HASTINGS,County,MI,2022,44830,25,14,39,5,11,16,30,25,55,1.23
TX1082500,EDINBURG CONSOLIDATED ISD POLICE DEPARTMENT,EDINBURG CONSOLIDATED ISD POLICE DEPARTMENT,Other,TX,2022,0,66,19,85,14,12,26,80,31,111,
KS0550100,OAKLEY PD,OAKLEY PD,City,KS,2022,2014,5,0,5,0,3,3,5,3,8,3.97
MO0080000,BENTON,BENTON,County,MO,2022,15812,12,11,23,1,10,11,13,21,34,2.15
CA0110100,ORLAND PD,ORLAND PD,City,CA,2022,8346,10,1,11,1,2,3,11,3,14,1.68
FL0310100,FELLESMERE PD,FELLESMERE PD,City,FL,2022,4978,8,0,8,1,1,2,9,1,10,2.01
WV0340300,LAW ENF DIV DEPT NATRL RESOURCES FRENCH CREEK,LAW ENF DIV DEPT NATRL RESOURCES FRENCH CREEK,Other State Agency,WV,2022,0,1,0,1,0,0,0,1,0,1,
CO0610000,WASHINGTON,WASHINGTON,County,CO,2022,4906,8,11,19,1,11,12,9,22,31,6.32
NB0730100,MCCOOK PD,MCCOOK PD,City,NB,2022,7325,15,3,18,0,4,4,15,7,22,3.00
AR0280200,MARMADUKE POLICE DEPARTMENT,MARMADUKE POLICE DEPARTMENT,City,AR,2022,1228,4,0,4,0,0,0,4,0,4,3.26
KSKHP0700,,,State Police,KS,2022,0,46,1,47,0,0,0,46,1,47,
SC003NR00,DNR: ALLENDALE COUNTY,DNR: ALLENDALE COUNTY,Other State Agency,SC,2022,0,2,0,2,0,0,0,2,0,2,
IN0380000,JAY CO SO PORTLAND,JAY CO SO PORTLAND,County,IN,2022,11918,13,14,27,0,14,14,13,28,41,3.44
LA0020300,OBERLIN PD,OBERLIN PD,City,LA,2022,1343,5,0,5,0,2,2,5,2,7,5.21
TX2204000,COLLEYVILLE PD,COLLEYVILLE PD,City,TX,2022,25897,26,1,27,12,4,16,38,5,43,1.66
KS0560000,LYON CO SO EMPORIA,LYON CO SO EMPORIA,County,KS,2022,7245,23,2,25,0,4,4,23,6,29,4.00
GA0670200,GWINNETT COUNTY PD LAWRENCEVILLE,GWINNETT COUNTY PD LAWRENCEVILLE,County,GA,2022,826786,614,49,663,75,206,281,689,255,944,1.14
PA0100400,ZELIENOPLE PD,ZELIENOPLE PD,City,PA,2022,3795,8,0,8,1,1,2,9,1,10,2.64
OK0280100,MANGUM,MANGUM,City,OK,2022,2674,4,0,4,1,4,5,5,4,9,3.37
MS0550100,PICAYUNE PD,PICAYUNE PD,City,MS,2022,11710,27,0,27,4,5,9,31,5,36,3.07
CA0071300,KENSINGTON PD,KENSINGTON PD,City,CA,2022,5028,6,0,6,1,0,1,7,0,7,1.39
TN0090400,TREZEVANT PD,TREZEVANT PD,City,TN,2022,800,1,0,1,0,0,0,1,0,1,1.25
WA0270400,BUCKLEY PD,BUCKLEY PD,City,WA,2022,5982,9,1,10,2,1,3,11,2,13,2.17
TX2370900,PRAIRIE VIEW A & M UNIVERSITY PD PRAIRIE VIEW,PRAIRIE VIEW A & M UNIVERSITY PD PRAIRIE VIEW,University or College,TX,2022,0,15,2,17,16,8,24,31,10,41,
AL0012100,TRUSSVILLE PD,TRUSSVILLE PD,City,AL,2022,26561,69,6,75,1,12,13,70,18,88,3.31
WA0190600,KITTITAS PD,KITTITAS PD,City,WA,2022,1439,4,0,4,0,0,0,4,0,4,2.78
AL0050100,BAY MINETTE PD,BAY MINETTE PD,City,AL,2022,8000,24,0,24,0,8,8,24,8,32,4.00
MO0957300,UNIVERSITY CITY,UNIVERSITY CITY,City,MO,2022,34326,51,4,55,13,10,23,64,14,78,2.27
AL0013200,TANNEHILL IRONWORKS H SP,TANNEHILL IRONWORKS H SP,Other State Agency,AL,2022,0,1,0,1,0,0,0,1,0,1,
CA0491400,SANTA ROSA JUNIOR COLLEGE CAMPUS POL SANTA ROSA,SANTA ROSA JUNIOR COLLEGE CAMPUS POL SANTA ROSA,University or College,CA,2022,0,8,4,12,2,9,11,10,13,23,
TX1751300,,,Other,TX,2022,0,9,4,13,3,1,4,12,5,17,
MN0190400,MENDOTA HEIGHTS PD,MENDOTA HEIGHTS PD,City,MN,2022,11569,17,0,17,2,1,3,19,1,20,1.73
KS0050000,BARTON CO SO GREAT BEND,BARTON CO SO GREAT BEND,County,KS,2022,5443,17,13,30,2,8,10,19,21,40,7.35
OR0050600,COLUMBIA CITY,COLUMBIA CITY,City,OR,2022,1958,1,0,1,1,0,1,2,0,2,1.02
AL0330100,RUSSELLVILLE PD,RUSSELLVILLE PD,City,AL,2022,10768,17,1,18,1,3,4,18,4,22,2.04
WY0130200,MILLS,MILLS,City,WY,2022,4239,13,2,15,1,2,3,14,4,18,4.25
VA0450000,HIGHLAND CO SO MONTEREY,HIGHLAND CO SO MONTEREY,County,VA,2022,2224,6,0,6,0,3,3,6,3,9,4.05
IL0170200,PALESTINE PD,PALESTINE PD,City,IL,2022,1224,2,0,2,0,0,0,2,0,2,1.63
MN0280400,SPRING GROVE PD,SPRING GROVE PD,City,MN,2022,1228,1,0,1,0,0,0,1,0,1,0.81
LA0050100,BUNKIE PD,BUNKIE PD,City,LA,2022,3234,7,2,9,1,5,6,8,7,15,4.64
TN0120000,CHESTER CO SO HENDERSON,CHESTER CO SO HENDERSON,County,TN,2022,11339,17,12,29,0,12,12,17,24,41,3.62
OH0630900,"OAKWOOD, PAULDING CNTY","OAKWOOD, PAULDING CNTY",City,OH,2022,550,18,0,18,0,2,2,18,2,20,36.36
AL0050300,FOLEY PD,FOLEY PD,City,AL,2022,23629,55,13,68,3,15,18,58,28,86,3.64
PA0213500,SPR: KINGS GAP ENV ED C,SPR: KINGS GAP ENV ED C,Other State Agency,PA,2022,0,1,0,1,0,0,0,1,0,1,
NY0370000,OSWEGO CO SHERIFF'S DEPARTMENT OSWEGO,OSWEGO CO SHERIFF'S DEPARTMENT OSWEGO,County,NY,2022,83254,61,2,63,8,8,16,69,10,79,0.95
PA0420200,KANE PD,KANE PD,City,PA,2022,3520,4,0,4,0,0,0,4,0,4,1.14
PA0210800,NEW CUMBERLAND PD,NEW CUMBERLAND PD,City,PA,2022,7588,8,0,8,0,1,1,8,1,9,1.19
KY0240500,OAK GROVE PD,OAK GROVE PD,City,KY,2022,7810,20,0,20,2,7,9,22,7,29,3.71
SD0350000,JACKSON CO SO KADOKA,JACKSON CO SO KADOKA,County,SD,2022,2408,1,0,1,0,1,1,1,1,2,0.83
PA0040700,ROCHESTER PD,ROCHESTER PD,City,PA,2022,3956,5,0,5,1,0,1,6,0,6,1.52
OR0040500,CANNON BEACH,CANNON BEACH,City,OR,2022,1572,7,1,8,1,2,3,8,3,11,7.00
NH0011400,LACONIA PD,LACONIA PD,City,NH,2022,17109,34,4,38,10,6,16,44,10,54,3.16
OK0561800,,,Other,OK,2022,0,2,0,2,0,0,0,2,0,2,
IL0491400,MUNDELEIN PD,MUNDELEIN PD,City,IL,2022,31561,46,13,59,4,15,19,50,28,78,2.47
PA0330000,JEFFERSON CO SO BROOKVILLE,JEFFERSON CO SO BROOKVILLE,County,PA,2022,0,7,0,7,1,2,3,8,2,10,
NY0195000,HUNTER TOWN PD HUNTER,HUNTER TOWN PD HUNTER,City,NY,2022,3083,3,0,3,0,0,0,3,0,3,0.97
LA0550100,HOUMA PD,HOUMA PD,City,LA,2022,32762,72,0,72,12,18,30,84,18,102,3.11
OH0390000,HURON,HURON,County,OH,2022,24187,26,20,46,3,24,27,29,44,73,3.02
NJ0080500,FRANKLIN TWP PD FRANKLINVILLE,FRANKLIN TWP PD FRANKLINVILLE,City,NJ,2022,16579,36,0,36,1,3,4,37,3,40,2.41
NJ0120700,HIGHLAND PARK PD,HIGHLAND PARK PD,City,NJ,2022,14914,25,2,27,2,5,7,27,7,34,2.28
PA0092200,YARDLEY PD,YARDLEY PD,City,PA,2022,2588,5,0,5,0,0,0,5,0,5,1.93
MN0180000,CROW WING CO SO BRAINERD,CROW WING CO SO BRAINERD,County,MN,2022,31121,41,55,96,3,32,35,44,87,131,4.21
KY0200000,CARLISLE CO SO BARDWELL,CARLISLE CO SO BARDWELL,County,KY,2022,4061,4,1,5,0,3,3,4,4,8,1.97
PA0063400,DOUGLASS TWP PD BOYERTOWN,DOUGLASS TWP PD BOYERTOWN,City,PA,2022,3706,6,0,6,0,0,0,6,0,6,1.62
IL0560900,LAKE IN THE HILLS PD ALGONQUIN,LAKE IN THE HILLS PD ALGONQUIN,City,IL,2022,28961,32,2,34,8,5,13,40,7,47,1.62
AR0350300,REDFIELD PD,REDFIELD PD,City,AR,2022,1508,6,0,6,1,1,2,7,1,8,5.31
NB0230000,DAWES CO SO CHADRON,DAWES CO SO CHADRON,County,NB,2022,2931,6,4,10,1,6,7,7,10,17,5.80
PA0405700,RICE TWP PD MOUNTAIN TOP,RICE TWP PD MOUNTAIN TOP,City,PA,2022,3701,4,0,4,2,0,2,6,0,6,1.62
OH0255400,PORT COLUMBUS INTNL AIRP,PORT COLUMBUS INTNL AIRP,Other,OH,2022,0,41,3,44,3,7,10,44,10,54,
WI0410800,GREENFIELD PD,GREENFIELD PD,City,WI,2022,36924,54,2,56,7,17,24,61,19,80,2.17
CA0151400,STALLION SPRINGS PD TECHACHAPI,STALLION SPRINGS PD TECHACHAPI,City,CA,2022,2465,4,0,4,0,0,0,4,0,4,1.62
TX1150000,HUDSPETH CO SO SIERRA BLANCA,HUDSPETH CO SO SIERRA BLANCA,County,TX,2022,3401,14,11,25,1,15,16,15,26,41,12.06
ME0100500,OLD TOWN PD,OLD TOWN PD,City,ME,2022,7372,13,0,13,4,1,5,17,1,18,2.44
TN0740200,GREENBRIER POLICE DEPARTMENT,GREENBRIER POLICE DEPARTMENT,City,TN,2022,6963,10,2,12,0,2,2,10,4,14,2.01
NC0200200,MURPHY PD,MURPHY PD,City,NC,2022,1640,12,1,13,1,0,1,13,1,14,8.54
VA0600400,VA POLYTECHNIC INST POLICE DEPARTMENT,VA POLYTECHNIC INST POLICE DEPARTMENT,University or College,VA,2022,0,40,12,52,6,4,10,46,16,62,
CA0103500,,,Other,CA,2022,0,13,1,14,1,1,2,14,2,16,
MT0530000,VALLEY CO SO GLASGOW,VALLEY CO SO GLASGOW,County,MT,2022,4340,7,7,14,1,9,10,8,16,24,5.53
MO1030400,SHELBINA,SHELBINA,City,MO,2022,1551,4,0,4,0,1,1,4,1,5,3.22
IL0980600,ROCK FALLS PD,ROCK FALLS PD,City,IL,2022,8687,17,0,17,3,3,6,20,3,23,2.65
UT0130500,BIG WATER TOWN MARSHAL,BIG WATER TOWN MARSHAL,City,UT,2022,443,1,0,1,0,0,0,1,0,1,2.26
AL0060100,EUFAULA PD,EUFAULA PD,City,AL,2022,12528,26,1,27,3,19,22,29,20,49,3.91
KY0080500,CINCINNATI/NORTH KY INTERNATL AIRPORT POLICE,CINCINNATI/NORTH KY INTERNATL AIRPORT POLICE,Other,KY,2022,0,41,15,56,4,18,22,45,33,78,
TN0500200,LORETTO PD,LORETTO PD,City,TN,2022,1783,5,0,5,0,0,0,5,0,5,2.80
IL0180200,NEOGA PD,NEOGA PD,City,IL,2022,1367,3,0,3,0,0,0,3,0,3,2.19
GA1550000,WHITFIELD CO SO DALTON,WHITFIELD CO SO DALTON,County,GA,2022,65103,149,5,154,33,27,60,182,32,214,3.29
NY0580000,WAYNE CO SHERIFF'S DEPARTMENT LYONS,WAYNE CO SHERIFF'S DEPARTMENT LYONS,County,NY,2022,63676,57,0,57,11,7,18,68,7,75,1.18
OK0681600,VIAN,VIAN,City,OK,2022,1368,5,0,5,2,0,2,7,0,7,5.12
TX2280000,TRINITY CO SO GROVETON,TRINITY CO SO GROVETON,County,TX,2022,11709,12,1,13,1,6,7,13,7,20,1.71
CT0017000,UNIVERSITY OF CONNECTICUT PD STORRS,UNIVERSITY OF CONNECTICUT PD STORRS,University or College,CT,2022,0,65,19,84,9,15,24,74,34,108,
TN0940000,WILLIAMSON CO SO FRANKLIN,WILLIAMSON CO SO FRANKLIN,County,TN,2022,66169,159,64,223,23,46,69,182,110,292,4.41
IA0880100,CRESTON PD,CRESTON PD,City,IA,2022,7438,12,1,13,0,3,3,12,4,16,2.15
WI0130600,SUN PRAIRIE PD,SUN PRAIRIE PD,City,WI,2022,36153,45,7,52,9,15,24,54,22,76,2.10
PA0350400,SCRANTON PD,SCRANTON PD,City,PA,2022,75798,126,1,127,12,11,23,138,12,150,1.98
NJ0022400,HARRINGTON PARK PD,HARRINGTON PARK PD,City,NJ,2022,5206,10,0,10,1,0,1,11,0,11,2.11
MO0470000,IRON,IRON,County,MO,2022,5715,7,2,9,1,3,4,8,5,13,2.27
IA0310100,DUBUQUE PD,DUBUQUE PD,City,IA,2022,58676,88,0,88,14,7,21,102,7,109,1.86
TX0030000,ANGELINA CO SO LUFKIN,ANGELINA CO SO LUFKIN,County,TX,2022,40969,24,29,53,8,21,29,32,50,82,2.00
TN0350300,MIDDLETON PD,MIDDLETON PD,City,TN,2022,682,2,0,2,0,0,0,2,0,2,2.93
PA0250700,UNION CITY PD,UNION CITY PD,City,PA,2022,2889,2,0,2,0,1,1,2,1,3,1.04
SC0321400,GASTON PD,GASTON PD,City,SC,2022,1629,3,0,3,1,0,1,4,0,4,2.46
NY0312000,MIDDLEPORT VILLAGE PD MIDDLEPORT,MIDDLEPORT VILLAGE PD MIDDLEPORT,City,NY,2022,1710,4,0,4,0,0,0,4,0,4,2.34
OK0100500,,,City,OK,2022,1350,2,0,2,0,1,1,2,1,3,2.22
SC003SP00,HP: ALLENDALE COUNTY,HP: ALLENDALE COUNTY,State Police,SC,2022,0,3,0,3,0,1,1,3,1,4,
SC046NR00,DNR: YORK COUNTY,DNR: YORK COUNTY,Other State Agency,SC,2022,0,2,0,2,0,1,1,2,1,3,
NB0100000,BUFFALO CO SO KEARNEY,BUFFALO CO SO KEARNEY,County,NB,2022,14983,30,24,54,1,32,33,31,56,87,5.81
TN0540500,NIOTA PD,NIOTA PD,City,TN,2022,794,3,0,3,0,1,1,3,1,4,5.04
MT0480100,COLUMBUS PD,COLUMBUS PD,City,MT,2022,1863,5,0,5,0,1,1,5,1,6,3.22
TX1550600,LORENA PD,LORENA PD,City,TX,2022,1787,6,0,6,1,1,2,7,1,8,4.48
VA0860300,CHILHOWIE PD,CHILHOWIE PD,City,VA,2022,1652,6,0,6,0,0,0,6,0,6,3.63
PA0112000,CAMBRIA TOWNSHIP POLICE DEPARTMENT REVLOC,CAMBRIA TOWNSHIP POLICE DEPARTMENT REVLOC,City,PA,2022,5699,4,0,4,0,0,0,4,0,4,0.70
IL0167800,NORTH RIVERSIDE PD RIVERSIDE,NORTH RIVERSIDE PD RIVERSIDE,City,IL,2022,7106,23,0,23,2,2,4,25,2,27,3.80
WV0030000,BOONE CO SO MADISON,BOONE CO SO MADISON,County,WV,2022,16990,18,0,18,0,2,2,18,2,20,1.18
CA0334200,MURRIETA POLICE DEPARTMENT MURRIETA,MURRIETA POLICE DEPARTMENT MURRIETA,City,CA,2022,114655,95,2,97,8,51,59,103,53,156,1.36
KY0591200,VILLA HILLS PD LUDLOW,VILLA HILLS PD LUDLOW,City,KY,2022,7337,13,0,13,2,0,2,15,0,15,2.04
PA0155000,SADSBURY TOWNSHIP PD SADSBURYVILLE,SADSBURY TOWNSHIP PD SADSBURYVILLE,City,PA,2022,4294,4,0,4,0,0,0,4,0,4,0.93
ME0030500,PORTLAND PD,PORTLAND PD,City,ME,2022,68199,119,16,135,14,38,52,133,54,187,2.74
WA0140800,OCEAN SHORES PD,OCEAN SHORES PD,City,WA,2022,7446,9,3,12,1,1,2,10,4,14,1.88
SC025SP00,HP: HAMPTON COUNTY,HP: HAMPTON COUNTY,State Police,SC,2022,0,4,1,5,0,1,1,4,2,6,
NY0293300,GREAT NECK ESTATE VILLAGE PD GREAT NECK,GREAT NECK ESTATE VILLAGE PD GREAT NECK,City,NY,2022,2919,14,1,15,0,2,2,14,3,17,5.82
OK0550700,THE VILLAGE,THE VILLAGE,City,OK,2022,9402,19,3,22,3,3,6,22,6,28,2.98
NB0700000,PIERCE CO SO PIERCE,PIERCE CO SO PIERCE,County,NB,2022,3412,5,2,7,0,3,3,5,5,10,2.93
NJ0011900,PLEASANTVILLE PD,PLEASANTVILLE PD,City,NJ,2022,20603,47,3,50,8,5,13,55,8,63,3.06
MI8249000,INKSTER PD,INKSTER PD,City,MI,2022,25447,17,5,22,5,6,11,22,11,33,1.30
WY0230200,UPTON,UPTON,City,WY,2022,904,2,0,2,1,0,1,3,0,3,3.32
TN0930100,SPARTA PD,SPARTA PD,City,TN,2022,4993,13,1,14,0,0,0,13,1,14,2.80
MI6261600,NEWAYGO PD,NEWAYGO PD,City,MI,2022,2487,6,0,6,1,3,4,7,3,10,4.02
FL0460100,CRESTVIEW PD,CRESTVIEW PD,City,FL,2022,28098,31,0,31,5,7,12,36,7,43,1.53
WI0330200,BLANCHARDVILLE PD,BLANCHARDVILLE PD,City,WI,2022,833,1,0,1,0,0,0,1,0,1,1.20
MN0860400,,,City,MN,2022,2170,3,0,3,0,0,0,3,0,3,1.38
VA1110000,HAMPTON PD,HAMPTON PD,City,VA,2022,138843,230,24,254,41,103,144,271,127,398,2.87
CT0002500,CHESHIRE PD,CHESHIRE PD,City,CT,2022,28612,42,8,50,5,7,12,47,15,62,2.17
TX2450800,LYFORD CONSOLIDATED ISD PD,LYFORD CONSOLIDATED ISD PD,Other,TX,2022,0,5,0,5,1,0,1,6,0,6,
IA0060100,BELLE PLAINE PD,BELLE PLAINE PD,City,IA,2022,2340,5,0,5,0,0,0,5,0,5,2.14
OK0750300,BURNS FLAT,BURNS FLAT,City,OK,2022,1953,3,0,3,0,0,0,3,0,3,1.54
PA0371400,PULASKI TWP PD,PULASKI TWP PD,City,PA,2022,3055,2,0,2,0,0,0,2,0,2,0.65
PA0460900,HATBORO PD,HATBORO PD,City,PA,2022,8228,16,2,18,0,1,1,16,3,19,2.31
NJ0042700,PENNSAUKEN TWP PD PENNSAUKEN,PENNSAUKEN TWP PD PENNSAUKEN,City,NJ,2022,37198,72,1,73,13,3,16,85,4,89,2.39
KS0190000,CRAWFORD CO SO GIRARD,CRAWFORD CO SO GIRARD,County,KS,2022,9958,29,14,43,1,20,21,30,34,64,6.43
TX1011900,SOUTH HOUSTON PD,SOUTH HOUSTON PD,City,TX,2022,15613,26,3,29,2,10,12,28,13,41,2.63
NJ0024100,NORWOOD PD,NORWOOD PD,City,NJ,2022,5565,16,0,16,1,1,2,17,1,18,3.23
VA0250000,CUMBERLAND CO SO CUMBERLAND,CUMBERLAND CO SO CUMBERLAND,County,VA,2022,9219,15,2,17,3,3,6,18,5,23,2.49
MS0340300,SANDERSVILLE PD,SANDERSVILLE PD,City,MS,2022,628,8,0,8,0,0,0,8,0,8,12.74
PA0201800,CONNEAUT LAKE REGIONAL POLICE DEPARTMENT,CONNEAUT LAKE REGIONAL POLICE DEPARTMENT,City,PA,2022,4619,4,0,4,0,0,0,4,0,4,0.87
IL0570800,COLFAX PD,COLFAX PD,City,IL,2022,974,1,0,1,0,0,0,1,0,1,1.03
AZDI06600,BIA PASCUA YAQUI POLICE DEPARTMENT TUSCON,BIA PASCUA YAQUI POLICE DEPARTMENT TUSCON,Tribal,AZ,2022,0,21,21,42,3,20,23,24,41,65,
IL0990900,MONEE PD,MONEE PD,City,IL,2022,5090,17,0,17,1,1,2,18,1,19,3.73
AL0400200,VERNON PD,VERNON PD,City,AL,2022,1833,9,0,9,0,0,0,9,0,9,4.91
PA0365800,NORTHERN LANCASTER C REG,NORTHERN LANCASTER C REG,City,PA,2022,40934,29,0,29,2,2,4,31,2,33,0.81
FL0040100,STARKE PD,STARKE PD,City,FL,2022,5830,16,0,16,1,1,2,17,1,18,3.09
MN0020300,CENTENNIAL LAKES POLICE DEPARTMENT,CENTENNIAL LAKES POLICE DEPARTMENT,City,MN,2022,11649,11,0,11,3,2,5,14,2,16,1.37
WI0460300,CEDARBURG PD,CEDARBURG PD,City,WI,2022,12636,21,3,24,0,3,3,21,6,27,2.14
OH0760000,STARK,STARK,County,OH,2022,115581,102,58,160,14,63,77,116,121,237,2.05
OH0750400,FORT LORAMIE,FORT LORAMIE,City,OH,2022,1596,2,0,2,0,0,0,2,0,2,1.25
NY0140000,ERIE CO SHERIFF'S DEPT ORCHARD PARK,ERIE CO SHERIFF'S DEPT ORCHARD PARK,County,NY,2022,138485,147,54,201,10,94,104,157,148,305,2.20
OH0460100,BELLEFONTAINE,BELLEFONTAINE,City,OH,2022,14065,29,1,30,1,6,7,30,7,37,2.63
KY0630000,LAUREL CO SO LONDON,LAUREL CO SO LONDON,County,KY,2022,55020,33,5,38,0,9,9,33,14,47,0.85
IL0190000,DE KALB CO SO SYCAMORE,DE KALB CO SO SYCAMORE,County,IL,2022,15253,34,24,58,3,36,39,37,60,97,6.36
SC0360200,WHITMIRE PD,WHITMIRE PD,City,SC,2022,1418,4,0,4,0,1,1,4,1,5,3.53
MD0140000,HOWARD CO SO ELLICOTT CITY,HOWARD CO SO ELLICOTT CITY,County,MD,2022,0,52,6,58,8,14,22,60,20,80,
OK0080400,APACHE,APACHE,City,OK,2022,1071,3,0,3,0,0,0,3,0,3,2.80
VA0750600,DUMFRIES PD,DUMFRIES PD,City,VA,2022,5659,10,0,10,4,1,5,14,1,15,2.65
TX2272200,JONESTOWN PD JONESTOWN,JONESTOWN PD JONESTOWN,City,TX,2022,2506,8,0,8,1,1,2,9,1,10,3.99
NY0332600,SOLVAY VILLAGE PD SYRACUSE,SOLVAY VILLAGE PD SYRACUSE,City,NY,2022,6574,14,1,15,0,0,0,14,1,15,2.28
MN0860100,BUFFALO PD,BUFFALO PD,City,MN,2022,16531,15,1,16,2,2,4,17,3,20,1.21
ME0130400,PITTSFIELD PD,PITTSFIELD PD,City,ME,2022,3904,2,0,2,1,1,2,3,1,4,1.02
TX0312400,BROWNSVILLE ISD POLICE DEPARTMENT,BROWNSVILLE ISD POLICE DEPARTMENT,Other,TX,2022,0,54,69,123,8,20,28,62,89,151,
IL0221500,OAK BROOK PD,OAK BROOK PD,City,IL,2022,8014,33,4,37,4,5,9,37,9,46,5.74
PA0261900,POINT MARION PD,POINT MARION PD,City,PA,2022,1122,1,0,1,0,0,0,1,0,1,0.89
KS0180000,COWLEY CO SO WINFIELD,COWLEY CO SO WINFIELD,County,KS,2022,9750,20,13,33,4,8,12,24,21,45,4.62
AR0070100,HAMPTON PD,HAMPTON PD,City,AR,2022,1191,3,0,3,0,0,0,3,0,3,2.52
PA0043300,KOPPEL PD,KOPPEL PD,City,PA,2022,701,1,0,1,0,0,0,1,0,1,1.43
MI1187100,CHIKAMING TOWNSHIP PD LAKESIDE,CHIKAMING TOWNSHIP PD LAKESIDE,City,MI,2022,2741,5,0,5,1,1,2,6,1,7,2.55
MN0280000,HOUSTON CO SO CALEDONIA,HOUSTON CO SO CALEDONIA,County,MN,2022,7979,15,10,25,0,9,9,15,19,34,4.26
NJ0151700,LONG BEACH PD,LONG BEACH PD,City,NJ,2022,3143,34,1,35,2,9,11,36,10,46,14.64
FL0200300,HAVANA PD,HAVANA PD,City,FL,2022,1713,9,2,11,1,2,3,10,4,14,8.17
MNCON0000,,,Other State Agency,MN,2022,0,177,3,180,22,28,50,199,31,230,
FL0450000,NASSAU CO SO FERNANDINA BEACH,NASSAU CO SO FERNANDINA BEACH,County,FL,2022,85200,177,29,206,34,70,104,211,99,310,3.64
KY0340000,SHERIFFS DEPT LEXINGTON,SHERIFFS DEPT LEXINGTON,County,KY,2022,0,39,8,47,11,17,28,50,25,75,
ID0110000,BOUNDARY CO SO BONNERS FERRY,BOUNDARY CO SO BONNERS FERRY,County,ID,2022,10288,12,14,26,0,7,7,12,21,33,3.21
OR0270000,POLK,POLK,County,OR,2022,20387,26,28,54,1,14,15,27,42,69,3.38
FL0290700,UNIVERSITY OF SOUTH FLORIDA PD TAMPA,UNIVERSITY OF SOUTH FLORIDA PD TAMPA,University or College,FL,2022,0,37,17,54,7,10,17,44,27,71,
IN0451000,MUNSTER PD,MUNSTER PD,City,IN,2022,23628,39,2,41,1,4,5,40,6,46,1.95
MO0740000,NODAWAY,NODAWAY,County,MO,2022,10295,13,3,16,1,8,9,14,11,25,2.43
PA0630300,MONONGAHELA PD,MONONGAHELA PD,City,PA,2022,9441,8,0,8,0,0,0,8,0,8,0.85
NJ0043000,RUNNEMEDE PD,RUNNEMEDE PD,City,NJ,2022,8283,17,0,17,0,1,1,17,1,18,2.17
CO0590000,SUMMIT,SUMMIT,County,CO,2022,16298,39,23,62,9,36,45,48,59,107,6.57
AL0012000,LIPSCOMB PD,LIPSCOMB PD,City,AL,2022,2018,3,1,4,1,3,4,4,4,8,3.96
AL0020000,MOBILE CO SO MOBILE,MOBILE CO SO MOBILE,County,AL,2022,108898,183,87,270,14,267,281,197,354,551,5.06
AL0390300,STEVENSON PD,STEVENSON PD,City,AL,2022,1963,5,1,6,0,4,4,5,5,10,5.09
NY0139000,NYS PARK POLICE TACONIC REGION,NYS PARK POLICE TACONIC REGION,Other State Agency,NY,2022,0,3,0,3,1,1,2,4,1,5,
NY0593500,PELHAM VILLAGE PD PELHAM,PELHAM VILLAGE PD PELHAM,City,NY,2022,7115,22,1,23,2,2,4,24,3,27,3.79
OK0111200,CHEROKEE NATION,CHEROKEE NATION,Tribal,OK,2022,0,55,4,59,9,12,21,64,16,80,
KY0720000,LYON CO SO EDDYVILLE,LYON CO SO EDDYVILLE,County,KY,2022,6615,6,0,6,0,1,1,6,1,7,1.06
NC0651000,FORT FISHER STATE REC AREA-PARK RANGERS,FORT FISHER STATE REC AREA-PARK RANGERS,Other State Agency,NC,2022,0,3,0,3,1,1,2,4,1,5,
OR0010000,BAKER,BAKER,County,OR,2022,6703,28,0,28,5,12,17,33,12,45,6.71
WV0460300,LAW ENF DIV DEPT NATRL RESOURCES GRAFTON,LAW ENF DIV DEPT NATRL RESOURCES GRAFTON,Other State Agency,WV,2022,0,1,0,1,0,0,0,1,0,1,
TX0210100,BRYAN PD,BRYAN PD,City,TX,2022,87935,134,4,138,15,31,46,149,35,184,2.09
WVWSP9300,WV STATE POLICE CRIMINAL INVESTIGATION,WV STATE POLICE CRIMINAL INVESTIGATION,State Police,WV,2022,0,7,0,7,1,1,2,8,1,9,
CA0440300,WATSONVILLE PD,WATSONVILLE PD,City,CA,2022,51517,64,5,69,7,15,22,71,20,91,1.77
GA1580100,GORDON PD,GORDON PD,City,GA,2022,1767,6,2,8,0,3,3,6,5,11,6.23
GA1220000,ROCKDALE CO SO CONYERS,ROCKDALE CO SO CONYERS,County,GA,2022,77169,123,5,128,35,21,56,158,26,184,2.38
SD0290000,HAND CO SO MILLER,HAND CO SO MILLER,County,SD,2022,1778,3,0,3,0,1,1,3,1,4,2.25
LA0260100,GRETNA PD,GRETNA PD,City,LA,2022,17358,75,11,86,23,26,49,98,37,135,7.78
AL0340400,SLOCOMB PD,SLOCOMB PD,City,AL,2022,2099,6,0,6,1,0,1,7,0,7,3.33
NJ0132500,LONG BRANCH PD,LONG BRANCH PD,City,NJ,2022,33094,83,7,90,7,12,19,90,19,109,3.29
PA0021B00,NORTHERN REGIONAL PD WEXFORD,NORTHERN REGIONAL PD WEXFORD,City,PA,2022,38417,36,0,36,3,1,4,39,1,40,1.04
MT0070100,GREAT FALLS PD,GREAT FALLS PD,City,MT,2022,60386,81,11,92,8,24,32,89,35,124,2.05
WA0350000,WAHKIAKUM CO SO CATHLAMET,WAHKIAKUM CO SO CATHLAMET,County,WA,2022,4741,9,5,14,0,6,6,9,11,20,4.22
WI0200300,CAMPBELLSPORT PD,CAMPBELLSPORT PD,City,WI,2022,1902,1,0,1,1,0,1,2,0,2,1.05
NC0010100,BURLINGTON POLICE DEPARTMENT,BURLINGTON POLICE DEPARTMENT,City,NC,2022,60069,89,9,98,22,42,64,111,51,162,2.70
IA0150000,CASS CO SO ATLANTIC,CASS CO SO ATLANTIC,County,IA,2022,6281,10,3,13,0,12,12,10,15,25,3.98
WA0140400,MCCLEARY PD,MCCLEARY PD,City,WA,2022,2051,5,0,5,0,1,1,5,1,6,2.93
VA1280000,VIRGINIA BEACH PD,VIRGINIA BEACH PD,City,VA,2022,457556,612,37,649,210,149,359,822,186,1008,2.20
VA0990000,ALEXANDRIA PD,ALEXANDRIA PD,City,VA,2022,150957,238,31,269,63,50,113,301,81,382,2.53
MO0500800,HERCULANEUM,HERCULANEUM,City,MO,2022,5118,9,0,9,2,1,3,11,1,12,2.34
IL0110700,,,City,IL,2022,1030,1,0,1,0,1,1,1,1,2,1.94
WI0370300,WAUSAU PD,WAUSAU PD,City,WI,2022,39349,64,2,66,11,8,19,75,10,85,2.16
OK0260500,,,City,OK,2022,429,2,0,2,0,0,0,2,0,2,4.66
IA0640200,STATE CENTER PD,STATE CENTER PD,City,IA,2022,1388,1,0,1,0,0,0,1,0,1,0.72
OH0051000,OHIO UNIVERSITY,OHIO UNIVERSITY,University or College,OH,2022,0,17,1,18,3,6,9,20,7,27,
MN0620600,NEW BRIGHTON DEPARTMENT OF PUBLIC SAFETY,NEW BRIGHTON DEPARTMENT OF PUBLIC SAFETY,City,MN,2022,26408,26,3,29,3,4,7,29,7,36,1.36
NM0280000,SOCORRO CO SO SOCORRO,SOCORRO CO SO SOCORRO,County,NM,2022,6977,12,1,13,0,1,1,12,2,14,2.01
MA0051200,IPSWICH PD,IPSWICH PD,City,MA,2022,13735,24,4,28,0,0,0,24,4,28,2.04
MT0290100,ENNIS PD,ENNIS PD,City,MT,2022,1008,2,0,2,0,0,0,2,0,2,1.98
NC0920600,KNIGHTDALE PD,KNIGHTDALE PD,City,NC,2022,19659,29,0,29,4,3,7,33,3,36,1.83
TN0910300,COLLINWOOD PD,COLLINWOOD PD,City,TN,2022,918,4,0,4,0,0,0,4,0,4,4.36
PA0360500,LANCASTER PD,LANCASTER PD,City,PA,2022,57295,121,8,129,11,33,44,132,41,173,3.02
OR0210000,LINCOLN,LINCOLN,County,OR,2022,26787,28,35,63,2,26,28,30,61,91,3.40
OR0300000,UMATILLA,UMATILLA,County,OR,2022,25421,32,33,65,2,34,36,34,67,101,3.97
TX1780000,NUECES CO SO CORPUS CHRISTI,NUECES CO SO CORPUS CHRISTI,County,TX,2022,20241,41,97,138,7,86,93,48,183,231,11.41
SC0421300,WELLFORD PD,WELLFORD PD,City,SC,2022,3478,8,1,9,3,1,4,11,2,13,3.74
KS0910100,GOODLAND PD,GOODLAND PD,City,KS,2022,4459,7,0,7,2,1,3,9,1,10,2.24
PA0060400,EXETER TWP PD READING,EXETER TWP PD READING,City,PA,2022,25492,32,0,32,1,2,3,33,2,35,1.37
WI0110100,PORTAGE PD,PORTAGE PD,City,WI,2022,10251,19,1,20,6,3,9,25,4,29,2.83
AL0360200,MOUNDVILLE PD,MOUNDVILLE PD,City,AL,2022,3114,10,0,10,1,1,2,11,1,12,3.85
TX0460700,GARDEN RIDGE,GARDEN RIDGE,City,TX,2022,4442,11,0,11,0,1,1,11,1,12,2.70
IL0602300,GLEN CARBON PD,GLEN CARBON PD,City,IL,2022,13822,27,4,31,0,8,8,27,12,39,2.82
KS0500100,PARSONS PD,PARSONS PD,City,KS,2022,9369,19,5,24,2,5,7,21,10,31,3.31
PA0010200,LITTLESTOWN PD,LITTLESTOWN PD,City,PA,2022,4790,9,0,9,0,0,0,9,0,9,1.88
AR0041600,LITTLE FLOCK POLICE DEPARTMENT,LITTLE FLOCK POLICE DEPARTMENT,City,AR,2022,3037,7,0,7,1,1,2,8,1,9,2.96
ND0270100,WATFORD CITY PD,WATFORD CITY PD,City,ND,2022,5513,19,1,20,5,5,10,24,6,30,5.44
TX0572100,SACHSE POLICE DEPARTMENT,SACHSE POLICE DEPARTMENT,City,TX,2022,31317,28,1,29,6,14,20,34,15,49,1.56
OK0660000,ROGERS,ROGERS,County,OK,2022,57333,33,0,33,5,5,10,38,5,43,0.75
OH0420300,DANVILLE,DANVILLE,City,OH,2022,1013,3,0,3,0,0,0,3,0,3,2.96
NH0063000,LITCHFIELD PD,LITCHFIELD PD,City,NH,2022,8556,9,1,10,1,1,2,10,2,12,1.40
NB0770400,LA VISTA PD OMAHA,LA VISTA PD OMAHA,City,NB,2022,16515,35,3,38,5,3,8,40,6,46,2.79
TX1740400,STEPHEN F AUSTIN STATE UNIVERSITY PD,STEPHEN F AUSTIN STATE UNIVERSITY PD,University or College,TX,2022,0,17,7,24,4,9,13,21,16,37,
NC0180700,LONGVIEW PD,LONGVIEW PD,City,NC,2022,5148,14,0,14,4,0,4,18,0,18,3.50
FL0351400,ASTATULA POLICE DEPARTMENT,ASTATULA POLICE DEPARTMENT,City,FL,2022,1973,5,0,5,3,0,3,8,0,8,4.05
TN0900100,JOHNSON CITY PD MUNICIPAL SAFETY BLDG,JOHNSON CITY PD MUNICIPAL SAFETY BLDG,City,TN,2022,71987,121,1,122,18,13,31,139,14,153,2.13
TX2480200,WINK PD,WINK PD,City,TX,2022,844,1,0,1,0,0,0,1,0,1,1.18
TX0210400,TEXAS A & M UNIVERSITY PD,TEXAS A & M UNIVERSITY PD,University or College,TX,2022,0,62,45,107,9,25,34,71,70,141,
TX1650100,MIDLAND PD,MIDLAND PD,City,TX,2022,129945,151,13,164,24,55,79,175,68,243,1.87
NC0110600,WOODFIN PD ASHEVILLE,WOODFIN PD ASHEVILLE,City,NC,2022,8097,13,1,14,1,0,1,14,1,15,1.85
WV0290300,RIDGLEY PD,RIDGLEY PD,City,WV,2022,581,3,0,3,0,1,1,3,1,4,6.88
NC0950200,BLOWING ROCK PD,BLOWING ROCK PD,City,NC,2022,1399,12,1,13,1,3,4,13,4,17,12.15
KY0380000,FULTON CO SO HICKMAN,FULTON CO SO HICKMAN,County,KY,2022,1830,3,0,3,1,1,2,4,1,5,2.73
WV0170400,SHINNSTON PD,SHINNSTON PD,City,WV,2022,2285,4,1,5,0,1,1,4,2,6,2.63
NY0050000,CAYUGA CO SHERIFF'S DEPARTMENT AUBURN,CAYUGA CO SHERIFF'S DEPARTMENT AUBURN,County,NY,2022,45558,29,0,29,5,7,12,34,7,41,0.90
CA0200100,CHOWCHILLA PD,CHOWCHILLA PD,City,CA,2022,19195,18,2,20,2,9,11,20,11,31,1.62
WI0510200,PHILLIPS PD,PHILLIPS PD,City,WI,2022,1512,4,0,4,1,0,1,5,0,5,3.31
UT0060600,KAYSVILLE PD,KAYSVILLE PD,City,UT,2022,33004,29,0,29,3,3,6,32,3,35,1.06
TX1720100,DAINGERFIELD PD,DAINGERFIELD PD,City,TX,2022,2520,4,0,4,1,1,2,5,1,6,2.38
TX0151900,UNIV OF TEXAS PD SAN ANTONIO,UNIV OF TEXAS PD SAN ANTONIO,University or College,TX,2022,0,32,28,60,11,22,33,43,50,93,
WI0201000,,,City,WI,2022,1318,1,0,1,0,0,0,1,0,1,0.76
KY0080000,BOONE CO SO BURLINGTON,BOONE CO SO BURLINGTON,County,KY,2022,106000,159,4,163,13,9,22,172,13,185,1.75
TX0431700,MELISSA POLICE DEPARTMENT,MELISSA POLICE DEPARTMENT,City,TX,2022,20071,17,0,17,3,0,3,20,0,20,1.00
IL0170000,CRAWFORD CO SO ROBINSON,CRAWFORD CO SO ROBINSON,County,IL,2022,8449,10,13,23,1,9,10,11,22,33,3.91
SC022NR00,DNR: GEORGETOWN COUNTY,DNR: GEORGETOWN COUNTY,Other State Agency,SC,2022,0,7,0,7,0,0,0,7,0,7,
AR0660700,MANSFIELD POLICE DEPARTMENT MANSFIELD,MANSFIELD POLICE DEPARTMENT MANSFIELD,City,AR,2022,1061,4,0,4,0,0,0,4,0,4,3.77
NJ0051400,WILDWOOD PD,WILDWOOD PD,City,NJ,2022,5105,38,2,40,1,8,9,39,10,49,9.60
VA0380200,INDEPENDENCE PD,INDEPENDENCE PD,City,VA,2022,1005,3,0,3,0,0,0,3,0,3,2.99
FL0560100,FORT PIERCE PD,FORT PIERCE PD,City,FL,2022,48529,96,13,109,25,21,46,121,34,155,3.19
SD0030000,BENNETT CO SO MARTIN,BENNETT CO SO MARTIN,County,SD,2022,2492,3,0,3,0,2,2,3,2,5,2.01
WV0420300,LAW ENF DIV DEPT NATRL RESOURCES BEVERLY,LAW ENF DIV DEPT NATRL RESOURCES BEVERLY,Other State Agency,WV,2022,0,2,0,2,0,0,0,2,0,2,
NY054029E,ITHACA COLLEGE OF PUBLIC SAFETY,ITHACA COLLEGE OF PUBLIC SAFETY,University or College,NY,2022,0,13,12,25,2,8,10,15,20,35,
PA0420800,SMETHPORT PD,SMETHPORT PD,City,PA,2022,1399,2,0,2,0,0,0,2,0,2,1.43
GA0240000,CHARLTON CO SO FOLKSTON,CHARLTON CO SO FOLKSTON,County,GA,2022,7651,20,4,24,0,11,11,20,15,35,4.57
NY0310300,NORTH TONAWANDA CITY PD NORTH TONAWANDA,NORTH TONAWANDA CITY PD NORTH TONAWANDA,City,NY,2022,30358,48,0,48,3,3,6,51,3,54,1.78
NM0110000,HARDING CO SO MOSQUERO,HARDING CO SO MOSQUERO,County,NM,2022,619,2,0,2,0,0,0,2,0,2,3.23
WI0131300,CROSS PLAINS PD,CROSS PLAINS PD,City,WI,2022,4011,5,0,5,1,1,2,6,1,7,1.75
SD0620600,VIBORG PD,VIBORG PD,City,SD,2022,805,1,0,1,0,0,0,1,0,1,1.24
VA1150000,MARTINSVILLE PD,MARTINSVILLE PD,City,VA,2022,13660,37,0,37,4,4,8,41,4,45,3.29
KS0020000,ANDERSON CO SO GARNETT,ANDERSON CO SO GARNETT,County,KS,2022,4195,9,4,13,0,6,6,9,10,19,4.53
WV0203400,STATE FACILITIES PROTECTION DIVISION,STATE FACILITIES PROTECTION DIVISION,Other State Agency,WV,2022,0,26,16,42,0,5,5,26,21,47,
TX1270400,STAMFORD POLICE DEPARTMENT,STAMFORD POLICE DEPARTMENT,City,TX,2022,3005,6,0,6,0,1,1,6,1,7,2.33
MN0731100,ST JOSEPH PD,ST JOSEPH PD,City,MN,2022,6937,11,0,11,0,2,2,11,2,13,1.87
CA0071100,SAN PABLO PD,SAN PABLO PD,City,CA,2022,31498,53,8,61,5,18,23,58,26,84,2.67
MS0540100,BATESVILLE PD,BATESVILLE PD,City,MS,2022,7238,33,3,36,3,10,13,36,13,49,6.77
GA1150300,POLK COUNTY PD CEDARTOWN,POLK COUNTY PD CEDARTOWN,County,GA,2022,27308,32,0,32,5,3,8,37,3,40,1.46
OK0300200,LAVERNE,LAVERNE,City,OK,2022,1170,3,0,3,0,5,5,3,5,8,6.84
TN0110200,KINGSTON SPRINGS POLICE DEPARTMENT,KINGSTON SPRINGS POLICE DEPARTMENT,City,TN,2022,2803,5,0,5,1,0,1,6,0,6,2.14
IL0460100,BRADLEY PD,BRADLEY PD,City,IL,2022,14950,34,1,35,2,4,6,36,5,41,2.74
AZ0040300,HAYDEN PD,HAYDEN PD,City,AZ,2022,811,8,1,9,1,1,2,9,2,11,13.56
MA0130500,WINTHROP PD,WINTHROP PD,City,MA,2022,17954,27,0,27,4,1,5,31,1,32,1.78
AL0080800,,,City,AL,2022,1328,3,0,3,0,0,0,3,0,3,2.26
NY0216700,WEBB TOWN PD OLD FORGE,WEBB TOWN PD OLD FORGE,City,NY,2022,1804,9,0,9,0,1,1,9,1,10,5.54
PA0250200,ERIE PD,ERIE PD,City,PA,2022,93363,174,10,184,9,14,23,183,24,207,2.22
CO0540300,OAK CREEK,OAK CREEK,City,CO,2022,848,3,0,3,0,0,0,3,0,3,3.54
NY0275300,GATES TOWN PD ROCHESTER,GATES TOWN PD ROCHESTER,City,NY,2022,28772,28,0,28,4,2,6,32,2,34,1.18
NY0462000,SCOTIA VILLAGE PD SCOTIA,SCOTIA VILLAGE PD SCOTIA,City,NY,2022,7253,12,0,12,1,1,2,13,1,14,1.93
OH0360200,HILLSBORO,HILLSBORO,City,OH,2022,6482,13,0,13,0,5,5,13,5,18,2.78
NY0252700,DANSVILLE VILLAGE PD DANSVILLE,DANSVILLE VILLAGE PD DANSVILLE,City,NY,2022,4332,6,0,6,0,0,0,6,0,6,1.39
TX2205000,TARRANT CO HOSPITAL DISTRICT PD FORT WORTH,TARRANT CO HOSPITAL DISTRICT PD FORT WORTH,Other,TX,2022,0,39,19,58,4,10,14,43,29,72,
NM0310000,UNION CO SO CLAYTON,UNION CO SO CLAYTON,County,NM,2022,1366,6,0,6,0,1,1,6,1,7,5.12
NY0130000,DUTCHESS CO SHERIFF'S DEPARTMENT POUGHKEEPSIE,DUTCHESS CO SHERIFF'S DEPARTMENT POUGHKEEPSIE,County,NY,2022,121097,92,8,100,9,15,24,101,23,124,1.02
WA0370000,WHATCOM CO SO BELLINGHAM,WHATCOM CO SO BELLINGHAM,County,WA,2022,93699,78,70,148,7,27,34,85,97,182,1.94
MO0030000,ATCHISON,ATCHISON,County,MO,2022,2435,8,0,8,1,6,7,9,6,15,6.16
PA0040100,ALIQUIPPA PD,ALIQUIPPA PD,City,PA,2022,9041,9,0,9,0,1,1,9,1,10,1.11
NJ0040100,AUDUBON PD,AUDUBON PD,City,NJ,2022,8665,15,0,15,2,1,3,17,1,18,2.08
VT0020100,BENNINGTON PD,BENNINGTON PD,City,VT,2022,15301,19,2,21,1,8,9,20,10,30,1.96
TX1990200,ROYSE CITY PD,ROYSE CITY PD,City,TX,2022,18613,28,3,31,3,1,4,31,4,35,1.88
GA0540200,HAGAN PD,HAGAN PD,City,GA,2022,939,3,0,3,0,1,1,3,1,4,4.26
IL0580200,DECATUR PD,DECATUR PD,City,IL,2022,68789,123,2,125,12,8,20,135,10,145,2.11
ME0030700,SCARBOROUGH PD,SCARBOROUGH PD,City,ME,2022,22913,33,9,42,4,8,12,37,17,54,2.36
TX1551300,WEST PD,WEST PD,City,TX,2022,2587,7,0,7,1,0,1,8,0,8,3.09
MN0730300,PAYNESVILLE PD,PAYNESVILLE PD,City,MN,2022,2497,4,0,4,0,0,0,4,0,4,1.60
OR0240600,GERVAIS,GERVAIS,City,OR,2022,2597,5,0,5,2,1,3,7,1,8,3.08
ND0470100,JAMESTOWN PD,JAMESTOWN PD,City,ND,2022,15772,24,0,24,3,4,7,27,4,31,1.97
TX1860100,FORT STOCKTON PD,FORT STOCKTON PD,City,TX,2022,8411,16,1,17,4,8,12,20,9,29,3.45
SD0190000,DEUEL CO SO CLEAR LAKE,DEUEL CO SO CLEAR LAKE,County,SD,2022,4273,4,0,4,0,1,1,4,1,5,1.17
NY206UN00,SUNY COLLEGE: FREDONIA,SUNY COLLEGE: FREDONIA,University or College,NY,2022,0,13,2,15,2,2,4,15,4,19,
IL0680000,MONTGOMERY CO SO HILLSBORO,MONTGOMERY CO SO HILLSBORO,County,IL,2022,10477,14,10,24,1,11,12,15,21,36,3.44
AR0210300,DUMAS PD,DUMAS PD,City,AR,2022,3796,9,2,11,2,11,13,11,13,24,6.32
NJ0073200,NEW JERSEY TRANSIT PD NEWARK,NEW JERSEY TRANSIT PD NEWARK,Other State Agency,NJ,2022,0,273,39,312,25,0,25,298,39,337,
NY0350200,NEWBURGH CITY PD NEWBURGH,NEWBURGH CITY PD NEWBURGH,City,NY,2022,28819,53,2,55,7,12,19,60,14,74,2.57
NC0450200,LAUREL PARK PD HENDERSONVILLE,LAUREL PARK PD HENDERSONVILLE,City,NC,2022,2237,6,0,6,1,0,1,7,0,7,3.13
VA0780000,RAPPAHANNOCK COUNTY SHERIFF'S OFFICE,RAPPAHANNOCK COUNTY SHERIFF'S OFFICE,County,VA,2022,7529,11,3,14,5,3,8,16,6,22,2.92
FL0310200,SEBASTIAN PD,SEBASTIAN PD,City,FL,2022,26258,38,4,42,2,10,12,40,14,54,2.06
MI3536400,,,City,MI,2022,2706,5,0,5,0,0,0,5,0,5,1.85
IA0480300,WILLIAMSBURG DEPARTMENT WILLIAMSBURG,WILLIAMSBURG DEPARTMENT WILLIAMSBURG,City,IA,2022,3362,6,0,6,1,0,1,7,0,7,2.08
UT0170000,RICH CO SO RANDOLPH,RICH CO SO RANDOLPH,County,UT,2022,2681,5,2,7,0,3,3,5,5,10,3.73
NY0500100,CORNING CITY PD CORNING,CORNING CITY PD CORNING,City,NY,2022,10900,16,1,17,4,3,7,20,4,24,2.20
MA0093100,MELROSE PD,MELROSE PD,City,MA,2022,29013,47,0,47,3,1,4,50,1,51,1.76
ND0390300,WAHPETON PD,WAHPETON PD,City,ND,2022,7956,13,0,13,4,2,6,17,2,19,2.39
WI0510000,PRICE CO SO PHILLIPS,PRICE CO SO PHILLIPS,County,WI,2022,10177,16,6,22,4,8,12,20,14,34,3.34
TX2271100,LAKEWAY PD AUSTIN,LAKEWAY PD AUSTIN,City,TX,2022,19267,25,5,30,8,11,19,33,16,49,2.54
SC0250500,GIFFORD PD,GIFFORD PD,City,SC,2022,263,0,0,0,1,3,4,1,3,4,15.21
IL0921100,TILTON PD DANVILLE,TILTON PD DANVILLE,City,IL,2022,2584,6,0,6,1,0,1,7,0,7,2.71
SC020FC00,FC: FAIRFIELD COUNTY,FC: FAIRFIELD COUNTY,Other State Agency,SC,2022,0,1,0,1,0,0,0,1,0,1,
LA0310000,LINCOLN CO SO RUSTON,LINCOLN CO SO RUSTON,County,LA,2022,18781,2,0,2,0,0,0,2,0,2,0.11
MD0020000,ANNE ARUNDEL CO SO ANNAPOLIS,ANNE ARUNDEL CO SO ANNAPOLIS,County,MD,2022,0,67,3,70,8,20,28,75,23,98,
AL0110700,OHATCHEE PD,OHATCHEE PD,City,AL,2022,1203,5,0,5,0,0,0,5,0,5,4.16
GA0280500,WOODSTOCK PD,WOODSTOCK PD,City,GA,2022,37325,45,1,46,6,6,12,51,7,58,1.55
MN0020800,SPRING LAKE PARK PD,SPRING LAKE PARK PD,City,MN,2022,7163,9,0,9,2,3,5,11,3,14,1.95
OH0480300,OTTAWA HILLS,OTTAWA HILLS,City,OH,2022,4816,10,0,10,3,1,4,13,1,14,2.91
IA0710300,SHELDON PD,SHELDON PD,City,IA,2022,5385,8,0,8,0,0,0,8,0,8,1.49
AZ0010500,SPRINGERVILLE PD,SPRINGERVILLE PD,City,AZ,2022,1706,5,1,6,0,0,0,5,1,6,3.52
ND0180600,THOMPSON PD,THOMPSON PD,City,ND,2022,1086,1,0,1,0,0,0,1,0,1,0.92
TX0020100,ANDREWS PD,ANDREWS PD,City,TX,2022,13233,19,0,19,3,1,4,22,1,23,1.74
MI3388600,LANSING COMMUNITY COL DEPT PUB SAFETY LANSING,LANSING COMMUNITY COL DEPT PUB SAFETY LANSING,University or College,MI,2022,0,9,1,10,2,2,4,11,3,14,
MS0720000,TUNICA CO SO TUNICA,TUNICA CO SO TUNICA,County,MS,2022,8703,42,16,58,6,29,35,48,45,93,10.69
KS0872100,KECHI POLICE DEPARTMENT,KECHI POLICE DEPARTMENT,City,KS,2022,2265,0,0,0,1,0,1,1,0,1,0.44
KS0510000,LANE CO SO DIGHTON,LANE CO SO DIGHTON,County,KS,2022,1564,4,2,6,0,3,3,4,5,9,5.75
IL0030100,GREENVILLE PD,GREENVILLE PD,City,IL,2022,6480,10,0,10,1,0,1,11,0,11,1.70
CA0191000,BEVERLY HILLS PD,BEVERLY HILLS PD,City,CA,2022,31163,119,30,149,19,56,75,138,86,224,7.19
WV0280300,PRINCETON PD,PRINCETON PD,City,WV,2022,5746,16,0,16,1,2,3,17,2,19,3.31
CA0070700,PINOLE PD,PINOLE PD,City,CA,2022,18651,19,2,21,5,17,22,24,19,43,2.31
MN0030900,,,City,MN,2022,170,1,0,1,0,0,0,1,0,1,5.88
MN0730600,WAITE PARK PD,WAITE PARK PD,City,MN,2022,8349,16,0,16,4,5,9,20,5,25,2.99
NC0390100,OXFORD PD,OXFORD PD,City,NC,2022,8895,14,1,15,4,2,6,18,3,21,2.36
PA0461700,LOWER PROVIDENCE TWP PD EAGLEVILLE,LOWER PROVIDENCE TWP PD EAGLEVILLE,City,PA,2022,25876,28,1,29,3,1,4,31,2,33,1.28
PA0180100,LOCK HAVEN PD,LOCK HAVEN PD,City,PA,2022,8253,10,0,10,3,2,5,13,2,15,1.82
OK0720700,GLENPOOL,GLENPOOL,City,OK,2022,13983,21,4,25,1,6,7,22,10,32,2.29
FL0063100,TAMARAC PD,TAMARAC PD,City,FL,2022,71241,61,8,69,19,9,28,80,17,97,1.36
TX0201400,WEST COLUMBIA PD,WEST COLUMBIA PD,City,TX,2022,3587,6,0,6,4,6,10,10,6,16,4.46
AL0050800,DAPHNE PD,DAPHNE PD,City,AL,2022,29871,56,5,61,6,28,34,62,33,95,3.18
WI0300800,PLEASANT PRAIRIE TOWNSHIP PDPLEASANT PRAIRIE,PLEASANT PRAIRIE TOWNSHIP PDPLEASANT PRAIRIE,City,WI,2022,21421,30,3,33,6,7,13,36,10,46,2.15
MS0770100,WAYNESBORO PD,WAYNESBORO PD,City,MS,2022,4530,12,0,12,0,0,0,12,0,12,2.65
MT0160400,WEST YELLOWSTONE PD,WEST YELLOWSTONE PD,City,MT,2022,1268,5,1,6,1,3,4,6,4,10,7.89
NC0650000,NEW HANOVER CO SO WILMINGTON,NEW HANOVER CO SO WILMINGTON,County,NC,2022,102804,318,85,403,73,89,162,391,174,565,5.50
NH0023600,WOLFEBORO PD,WOLFEBORO PD,City,NH,2022,6710,12,3,15,1,3,4,13,6,19,2.83
MO1050000,STONE,STONE,County,MO,2022,25378,40,2,42,5,9,14,45,11,56,2.21
NB0510000,KEITH CO SO OGALLALA,KEITH CO SO OGALLALA,County,NB,2022,3456,5,7,12,2,3,5,7,10,17,4.92
CO0070400,LONGMONT,LONGMONT,City,CO,2022,101159,117,28,145,34,71,105,151,99,250,2.47
GA1560000,WILCOX CO SO ABBEVILLE,WILCOX CO SO ABBEVILLE,County,GA,2022,4499,8,0,8,5,0,5,13,0,13,2.89
NB0310000,FRANKLIN CO SO FRANKLIN,FRANKLIN CO SO FRANKLIN,County,NB,2022,1990,3,1,4,0,3,3,3,4,7,3.52
TX2273800,PFLUGERVILLE ISD POLICE DEPARTMENT,PFLUGERVILLE ISD POLICE DEPARTMENT,Other,TX,2022,0,21,2,23,4,1,5,25,3,28,
CO0150100,DELTA,DELTA,City,CO,2022,9373,23,0,23,1,6,7,24,6,30,3.20
OR0340300,HILLSBORO,HILLSBORO,City,OR,2022,106345,108,16,124,24,29,53,132,45,177,1.66
NC0140200,LENOIR PD,LENOIR PD,City,NC,2022,18160,45,7,52,5,11,16,50,18,68,3.74
NB0570000,LOGAN CO SO STAPLETON,LOGAN CO SO STAPLETON,County,NB,2022,662,2,0,2,0,0,0,2,0,2,3.02
MA0071100,LONGMEADOW PD,LONGMEADOW PD,City,MA,2022,15734,22,0,22,4,1,5,26,1,27,1.72
WI0710300,OSHKOSH PD,OSHKOSH PD,City,WI,2022,66521,86,2,88,15,13,28,101,15,116,1.74
TN0190400,GOODLETTSVILLE PD,GOODLETTSVILLE PD,City,TN,2022,16963,35,1,36,5,13,18,40,14,54,3.18
CT0008800,NAUGATUCK PD,NAUGATUCK PD,City,CT,2022,31356,52,6,58,7,6,13,59,12,71,2.26
NB0790100,SCOTTSBLUFF PD,SCOTTSBLUFF PD,City,NB,2022,15224,27,1,28,3,4,7,30,5,35,2.30
NY233UM00,SUNY: UPSTATE MED CENTER,SUNY: UPSTATE MED CENTER,University or College,NY,2022,0,19,76,95,2,24,26,21,100,121,
PA0351600,JESSUP PD,JESSUP PD,City,PA,2022,4512,6,0,6,0,0,0,6,0,6,1.33
PA0151300,WEST CHESTER PD,WEST CHESTER PD,City,PA,2022,18690,39,5,44,4,6,10,43,11,54,2.89
MN0300000,ISANTI CO SO CAMBRIDGE,ISANTI CO SO CAMBRIDGE,County,MN,2022,23316,19,16,35,2,19,21,21,35,56,2.40
SC0260100,ATLANTIC BEACH PD,ATLANTIC BEACH PD,City,SC,2022,269,4,0,4,0,1,1,4,1,5,18.59
SC015SP00,HP: COLLETON COUNTY,HP: COLLETON COUNTY,State Police,SC,2022,0,9,0,9,1,1,2,10,1,11,
GA1212100,AUGUSTA TECHNICAL COLLEG,AUGUSTA TECHNICAL COLLEG,University or College,GA,2022,0,4,0,4,1,1,2,5,1,6,
NJ0122600,MIDDLESEX COUNTY COLLEGE PD EDISON,MIDDLESEX COUNTY COLLEGE PD EDISON,University or College,NJ,2022,0,9,1,10,0,6,6,9,7,16,
GA0150000,BRYAN CO SO PEMBROKE,BRYAN CO SO PEMBROKE,County,GA,2022,27981,45,12,57,8,30,38,53,42,95,3.40
IL0190400,SOMONAUK PD,SOMONAUK PD,City,IL,2022,1774,4,0,4,0,0,0,4,0,4,2.25
TX1981000,,,City,TX,2022,1781,4,0,4,2,0,2,6,0,6,3.37
PA0200100,MEADVILLE PD,MEADVILLE PD,City,PA,2022,12782,19,1,20,1,2,3,20,3,23,1.80
WA0240100,BREWSTER PD,BREWSTER PD,City,WA,2022,2027,5,0,5,0,1,1,5,1,6,2.96
MSDI05000,BU IND AFF LAW ENF CHOCTAW AGENCY PHILADELPHIA,BU IND AFF LAW ENF CHOCTAW AGENCY PHILADELPHIA,Tribal,MS,2022,0,16,2,18,8,7,15,24,9,33,
LA0100100,DE QUINCY PD,DE QUINCY PD,City,LA,2022,2758,12,1,13,1,3,4,13,4,17,6.16
WV0040100,GASSAWAY PD,GASSAWAY PD,City,WV,2022,746,1,0,1,0,0,0,1,0,1,1.34
TX1700000,MONTGOMERY COUNTY SHERIFFS OFFICE,MONTGOMERY COUNTY SHERIFFS OFFICE,County,TX,2022,545236,449,205,654,56,208,264,505,413,918,1.68
PA0116800,PRINCE GALLITZIN STATE PARK RANGERS,PRINCE GALLITZIN STATE PARK RANGERS,Other State Agency,PA,2022,0,2,0,2,0,0,0,2,0,2,
NJ0118900,MERCER CNTY PROSECUTOR TRENTON,MERCER CNTY PROSECUTOR TRENTON,Other,NJ,2022,0,45,40,85,14,70,84,59,110,169,
LA0140100,HAYNESVILLE PD,HAYNESVILLE PD,City,LA,2022,1884,8,0,8,0,1,1,8,1,9,4.78
TX0140300,HARKER HEIGHTS PD,HARKER HEIGHTS PD,City,TX,2022,34001,36,4,40,13,8,21,49,12,61,1.79
IA0910300,CARLISLE PD,CARLISLE PD,City,IA,2022,4225,8,0,8,0,1,1,8,1,9,2.13
MA0110800,DOVER PD,DOVER PD,City,MA,2022,5902,16,0,16,2,0,2,18,0,18,3.05
OR0240200,SALEM,SALEM,City,OR,2022,179661,152,8,160,24,37,61,176,45,221,1.23
TX1040000,HASKELL CO SO HASKELL,HASKELL CO SO HASKELL,County,TX,2022,2359,2,1,3,0,4,4,2,5,7,2.97
GA0441100,STONE MOUNTAIN PARK PD STONE MOUNTAIN,STONE MOUNTAIN PARK PD STONE MOUNTAIN,Other,GA,2022,0,15,1,16,1,1,2,16,2,18,
NY0452000,BALLSTON SPA VILLAGE PD BALLSTON SPA,BALLSTON SPA VILLAGE PD BALLSTON SPA,City,NY,2022,5088,4,0,4,0,0,0,4,0,4,0.79
IL0901100,MACKINAW PD,MACKINAW PD,City,IL,2022,1851,2,0,2,0,0,0,2,0,2,1.08
ME0070100,CAMDEN PD,CAMDEN PD,City,ME,2022,5326,10,2,12,1,0,1,11,2,13,2.44
NY0520000,SULLIVAN CO SHERIFF'S OFFICE MONTICELLO,SULLIVAN CO SHERIFF'S OFFICE MONTICELLO,County,NY,2022,54231,53,0,53,6,0,6,59,0,59,1.09
DE0010100,DOVER PD,DOVER PD,City,DE,2022,38438,94,17,111,7,12,19,101,29,130,3.38
PA0111200,NANTY GLO PD,NANTY GLO PD,City,PA,2022,2472,2,0,2,0,0,0,2,0,2,0.81
IA0570000,LINN CO SO CEDAR RAPIDS,LINN CO SO CEDAR RAPIDS,County,IA,2022,39122,122,8,130,10,62,72,132,70,202,5.16
MO0910000,RIPLEY,RIPLEY,County,MO,2022,8843,9,0,9,0,2,2,9,2,11,1.24
SC0390600,CLEMSON UNIVERSITY CAMPUS PD CLEMSON,CLEMSON UNIVERSITY CAMPUS PD CLEMSON,University or College,SC,2022,0,27,7,34,10,10,20,37,17,54,
CA0350000,SAN BENITO CO SO HOLLISTER,SAN BENITO CO SO HOLLISTER,County,CA,2022,24174,25,18,43,0,15,15,25,33,58,2.40
MA0051500,LYNNFIELD PD,LYNNFIELD PD,City,MA,2022,12992,20,2,22,0,3,3,20,5,25,1.92
NM0280300,NM INST OF MINING & TECH,NM INST OF MINING & TECH,University or College,NM,2022,0,8,6,14,1,4,5,9,10,19,
GA0630200,GLYNN COUNTY PD BRUNSWICK,GLYNN COUNTY PD BRUNSWICK,County,GA,2022,70652,82,1,83,15,13,28,97,14,111,1.57
MS0730000,UNION CO SO NEW ALBANY,UNION CO SO NEW ALBANY,County,MS,2022,19528,21,12,33,2,7,9,23,19,42,2.15
NY0136600,EAST FISHKILL TOWN PD HOPEWELL JUNCTION,EAST FISHKILL TOWN PD HOPEWELL JUNCTION,City,NY,2022,29769,24,2,26,2,5,7,26,7,33,1.11
KS1000000,WALLACE CO SO SHARON SPRINGS,WALLACE CO SO SHARON SPRINGS,County,KS,2022,1504,4,1,5,0,3,3,4,4,8,5.32
NC0410100,GIBSONVILLE PD,GIBSONVILLE PD,City,NC,2022,9049,14,0,14,5,1,6,19,1,20,2.21
NC0340000,FORSYTH CO SO WINSTON-SALEM,FORSYTH CO SO WINSTON-SALEM,County,NC,2022,111694,226,104,330,29,130,159,255,234,489,4.38
OK0540200,WELEETKA,WELEETKA,City,OK,2022,794,3,2,5,1,0,1,4,2,6,7.56
TN0660400,TROY PD,TROY PD,City,TN,2022,1392,5,0,5,0,0,0,5,0,5,3.59
PA0390400,EMMAUS PD,EMMAUS PD,City,PA,2022,11646,18,0,18,1,2,3,19,2,21,1.80
KY0720200,EDDYVILLE POLICE DEPARTMENT,EDDYVILLE POLICE DEPARTMENT,City,KY,2022,2323,4,0,4,0,0,0,4,0,4,1.72
MIDI03000,GUN LAKE TRIBAL,GUN LAKE TRIBAL,Tribal,MI,2022,0,18,0,18,1,2,3,19,2,21,
OH0872800,PERRYSBURG TOWNSHIP,PERRYSBURG TOWNSHIP,City,OH,2022,13666,24,1,25,2,6,8,26,7,33,2.41
TX2463100,,,Other,TX,2022,0,15,1,16,9,4,13,24,5,29,
TX0080700,WALLIS PD,WALLIS PD,City,TX,2022,1302,8,0,8,1,0,1,9,0,9,6.91
GA1580300,MCINTYRE PD,MCINTYRE PD,City,GA,2022,568,3,0,3,0,0,0,3,0,3,5.28
NC0670300,RICHLANDS PD,RICHLANDS PD,City,NC,2022,2325,6,0,6,0,1,1,6,1,7,3.01
NC0260200,HOPE MILLS PD,HOPE MILLS PD,City,NC,2022,17843,32,1,33,8,5,13,40,6,46,2.58
VT0140400,WINDSOR PD,WINDSOR PD,City,VT,2022,3595,9,0,9,1,1,2,10,1,11,3.06
CT0018500,METRO TRANS AUTH PD,METRO TRANS AUTH PD,Other,CT,2022,0,36,0,36,2,1,3,38,1,39,
CA0540800,WOODLAKE PD,WOODLAKE PD,City,CA,2022,7707,10,0,10,2,1,3,12,1,13,1.69
OK0660300,CATOOSA,CATOOSA,City,OK,2022,7402,15,1,16,1,1,2,16,2,18,2.43
PA0233800,UPPER PROVIDENCE TWP PD MEDIA,UPPER PROVIDENCE TWP PD MEDIA,City,PA,2022,10687,15,0,15,0,1,1,15,1,16,1.50
MD0171600,LANDOVER HILLS PD HYATTSVILLE,LANDOVER HILLS PD HYATTSVILLE,City,MD,2022,1767,4,0,4,0,1,1,4,1,5,2.83
MI6616600,ONTONAGON CO SO ONTANAGON,ONTONAGON CO SO ONTANAGON,County,MI,2022,5933,5,6,11,1,0,1,6,6,12,2.02
WA0391200,TIETON PD,TIETON PD,City,WA,2022,1756,3,0,3,0,0,0,3,0,3,1.71
NJ0098900,HUDSON CO PROSECUTOR JERSEY CITY,HUDSON CO PROSECUTOR JERSEY CITY,Other,NJ,2022,0,70,56,126,31,91,122,101,147,248,
WV0240000,MCDOWELL CO SO WELCH,MCDOWELL CO SO WELCH,County,WV,2022,13183,11,0,11,0,0,0,11,0,11,0.83
GA0430000,DECATUR COUNTY SHERIFF'S OFFICE,DECATUR COUNTY SHERIFF'S OFFICE,County,GA,2022,14287,28,15,43,0,17,17,28,32,60,4.20
OH0184500,RICHMOND HEIGHTS,RICHMOND HEIGHTS,City,OH,2022,10546,17,0,17,2,3,5,19,3,22,2.09
ME0090100,RUMFORD PD,RUMFORD PD,City,ME,2022,5929,12,0,12,0,1,1,12,1,13,2.19
TX1570000,MADISON CO SO MADISONVILLE,MADISON CO SO MADISONVILLE,County,TX,2022,9349,13,10,23,5,11,16,18,21,39,4.17
GA0780900,PENDERGRASS POLICE DEPARTMENT,PENDERGRASS POLICE DEPARTMENT,City,GA,2022,1779,6,1,7,0,0,0,6,1,7,3.93
NJ0110100,EAST WINDSOR TWP PD HIGHTSTOWN,EAST WINDSOR TWP PD HIGHTSTOWN,City,NJ,2022,29788,38,3,41,5,2,7,43,5,48,1.61
NJ0023100,LODI PD,LODI PD,City,NJ,2022,25788,44,0,44,4,1,5,48,1,49,1.90
TX0370000,CHEROKEE CO SO RUSK,CHEROKEE CO SO RUSK,County,TX,2022,32037,29,16,45,4,16,20,33,32,65,2.03
GA1270100,TOCCOA PD,TOCCOA PD,City,GA,2022,9218,23,0,23,5,2,7,28,2,30,3.25
OH0630000,PAULDING,PAULDING,County,OH,2022,13227,24,6,30,4,10,14,28,16,44,3.33
CA0150100,ARVIN PD,ARVIN PD,City,CA,2022,19841,18,4,22,2,5,7,20,9,29,1.46
OR0030000,CLACKAMAS,CLACKAMAS,County,OR,2022,242506,174,126,300,20,103,123,194,229,423,1.74
TX2240000,THROCKMORTON CO SO THROCKMORTON,THROCKMORTON CO SO THROCKMORTON,County,TX,2022,1558,1,1,2,0,3,3,1,4,5,3.21
SD0060100,ABERDEEN PD,ABERDEEN PD,City,SD,2022,28206,46,4,50,6,4,10,52,8,60,2.13
NJ0180300,BERNARDSVILLE PD,BERNARDSVILLE PD,City,NJ,2022,7786,22,4,26,0,2,2,22,6,28,3.60
NV0031000,WASHOE TRIBE OF NEVADA AND CALIF POLICE DEPT,WASHOE TRIBE OF NEVADA AND CALIF POLICE DEPT,Tribal,NV,2022,0,7,1,8,2,5,7,9,6,15,
NY0252100,CALEDONIA VILLAGE PD CALEDONIA,CALEDONIA VILLAGE PD CALEDONIA,City,NY,2022,2068,1,0,1,0,0,0,1,0,1,0.48
TX0572600,UNIVERSITY OF TX SOUTHWESTERN MED CTR PD DALLAS,UNIVERSITY OF TX SOUTHWESTERN MED CTR PD DALLAS,University or College,TX,2022,0,35,47,82,6,38,44,41,85,126,
VA0470100,JAMES CITY COUNTY PD WILLIAMSBURG,JAMES CITY COUNTY PD WILLIAMSBURG,County,VA,2022,81662,73,0,73,16,5,21,89,5,94,1.15
MN0730100,COLD SPRING RICHMOND POLICE DEPARTMENT,COLD SPRING RICHMOND POLICE DEPARTMENT,City,MN,2022,5730,7,0,7,2,1,3,9,1,10,1.75
WA0210100,CENTRALIA PD,CENTRALIA PD,City,WA,2022,18993,24,4,28,2,5,7,26,9,35,1.84
PA0540700,POTTSVILLE PD,POTTSVILLE PD,City,PA,2022,13367,20,0,20,3,1,4,23,1,24,1.80
MT0010100,DILLON PD,DILLON PD,City,MT,2022,4075,10,0,10,0,1,1,10,1,11,2.70
NH0080400,AUBURN PD,AUBURN PD,City,NH,2022,6090,9,0,9,1,2,3,10,2,12,1.97
AR0100300,CADDO VALLEY PD,CADDO VALLEY PD,City,AR,2022,589,3,0,3,1,0,1,4,0,4,6.79
MT0010000,BEAVERHEAD CO SO DILLON,BEAVERHEAD CO SO DILLON,County,MT,2022,5603,6,12,18,0,0,0,6,12,18,3.21
FL0032600,PARKER PD,PARKER PD,City,FL,2022,5096,7,0,7,1,1,2,8,1,9,1.77
NJ0152000,OCEAN TWP PD WARETOWN,OCEAN TWP PD WARETOWN,City,NJ,2022,9031,21,4,25,1,6,7,22,10,32,3.54
CA0430800,MILPITAS PD,MILPITAS PD,City,CA,2022,77790,72,4,76,16,28,44,88,32,120,1.54
TX0312900,LAGUNA VISTA POLICE DEPT,LAGUNA VISTA POLICE DEPT,City,TX,2022,3673,9,0,9,0,0,0,9,0,9,2.45
MA0141900,HARVARD PD,HARVARD PD,City,MA,2022,6870,9,0,9,1,2,3,10,2,12,1.75
ID0150000,CARIBOU CO SO SODA SPRINGS,CARIBOU CO SO SODA SPRINGS,County,ID,2022,4000,7,9,16,2,9,11,9,18,27,6.75
WV0240700,DAVY,DAVY,City,WV,2022,216,1,0,1,0,0,0,1,0,1,4.63
GA0920400,REMERTON,REMERTON,City,GA,2022,1279,8,0,8,0,1,1,8,1,9,7.04
WI0201200,ROSENDALE POLICE DEPARTMENT,ROSENDALE POLICE DEPARTMENT,City,WI,2022,1052,1,0,1,0,0,0,1,0,1,0.95
TX1750400,KERENS PD,KERENS PD,City,TX,2022,1518,5,0,5,0,0,0,5,0,5,3.29
NC0850000,STOKES CO SO DANBURY,STOKES CO SO DANBURY,County,NC,2022,38189,47,7,54,8,22,30,55,29,84,2.20
MO0020000,ANDREW,ANDREW,County,MO,2022,10418,13,8,21,3,2,5,16,10,26,2.50
AZ0040600,PAYSON PD,PAYSON PD,City,AZ,2022,16638,26,4,30,2,11,13,28,15,43,2.58
MI6942100,GAYLORD PD,GAYLORD PD,City,MI,2022,4340,12,0,12,0,1,1,12,1,13,3.00
KS0430000,JACKSON CO SO HOLTON,JACKSON CO SO HOLTON,County,KS,2022,9034,19,12,31,0,11,11,19,23,42,4.65
MO0440400,MOUND CITY,MOUND CITY,City,MO,2022,1015,2,0,2,0,0,0,2,0,2,1.97
PA0021700,MOUNT LEBANON PD PITTSBURGH,MOUNT LEBANON PD PITTSBURGH,City,PA,2022,33188,40,4,44,2,7,9,42,11,53,1.60
IN0170100,AUBURN PD,AUBURN PD,City,IN,2022,13645,24,0,24,2,1,3,26,1,27,1.98
WA0172600,LAKE FOREST PARK PD,LAKE FOREST PARK PD,City,WA,2022,13096,17,1,18,2,2,4,19,3,22,1.68
MI1429700,CASSOPOLIS PD,CASSOPOLIS PD,City,MI,2022,1689,5,0,5,0,0,0,5,0,5,2.96
AL0591100,UNIV OF MONTEVALLO CAMPUS POLICE MONTEVALLO,UNIV OF MONTEVALLO CAMPUS POLICE MONTEVALLO,University or College,AL,2022,0,8,5,13,2,5,7,10,10,20,
NM0290400,TAOS PUEBLO PD TAOS,TAOS PUEBLO PD TAOS,Tribal,NM,2022,0,5,0,5,2,1,3,7,1,8,
TN0720200,SPRING CITY PD,SPRING CITY PD,City,TN,2022,1965,8,0,8,0,1,1,8,1,9,4.58
TX0410000,COKE COUNTY SHERIFFS OFFICE,COKE COUNTY SHERIFFS OFFICE,County,TX,2022,3374,5,0,5,0,1,1,5,1,6,1.78
IA0970100,SIOUX CITY PD,SIOUX CITY PD,City,IA,2022,85580,111,1,112,17,19,36,128,20,148,1.73
PA0232200,NETHER PROVIDENCE TWP PD WALLINGFORD,NETHER PROVIDENCE TWP PD WALLINGFORD,City,PA,2022,14361,17,0,17,0,1,1,17,1,18,1.25
WVWSP1100,STATE POLICE FAIRMONT,STATE POLICE FAIRMONT,State Police,WV,2022,0,9,0,9,0,1,1,9,1,10,
VA0010300,PARKSLEY PD,PARKSLEY PD,City,VA,2022,804,1,0,1,0,0,0,1,0,1,1.24
MI7917900,TUSCOLA CO SO CARO,TUSCOLA CO SO CARO,County,MI,2022,38816,15,18,33,4,4,8,19,22,41,1.06
MN0271500,ORONO PD CRYSTAL BAY,ORONO PD CRYSTAL BAY,City,MN,2022,19245,23,0,23,3,4,7,26,4,30,1.56
TX0710100,ANTHONY PD,ANTHONY PD,City,TX,2022,3662,16,1,17,2,2,4,18,3,21,5.73
WY0030000,CAMPBELL CO SO GILLETTE,CAMPBELL CO SO GILLETTE,County,WY,2022,13453,51,41,92,6,50,56,57,91,148,11.00
PA0490900,ZERBE TWP PD TREVORTON,ZERBE TWP PD TREVORTON,City,PA,2022,1786,1,0,1,0,0,0,1,0,1,0.56
PA0654000,MANOR PD,MANOR PD,City,PA,2022,3550,4,0,4,0,0,0,4,0,4,1.13
OK0310000,HASKELL,HASKELL,County,OK,2022,8172,10,0,10,0,0,0,10,0,10,1.22
CA0470900,YREKA PD,YREKA PD,City,CA,2022,7865,17,2,19,0,10,10,17,12,29,3.69
NC0320200,NC CENTRAL UNIV POLICE DURHAM,NC CENTRAL UNIV POLICE DURHAM,University or College,NC,2022,0,21,7,28,4,14,18,25,21,46,
TN0930000,WHITE CO SO SPARTA,WHITE CO SO SPARTA,County,TN,2022,22962,41,17,58,0,23,23,41,40,81,3.53
CO0620000,WELD,WELD,County,CO,2022,47139,133,150,283,14,108,122,147,258,405,8.59
NJ0121200,MILLTOWN PD,MILLTOWN PD,City,NJ,2022,6947,16,1,17,0,2,2,16,3,19,2.73
TX2350000,VICTORIA CO SO VICTORIA,VICTORIA CO SO VICTORIA,County,TX,2022,26072,96,36,132,17,48,65,113,84,197,7.56
AZ0070000,MARICOPA CO SO PHOENIX,MARICOPA CO SO PHOENIX,County,AZ,2022,361565,573,1419,1992,23,920,943,596,2339,2935,8.12
WI0610100,MEDFORD PD,MEDFORD PD,City,WI,2022,4298,8,0,8,0,1,1,8,1,9,2.09
NC060149E,CHARLOTTE MECKLENBURG POLICE DEPARTMENT,CHARLOTTE MECKLENBURG POLICE DEPARTMENT,University or College,NC,2022,0,5,0,5,3,2,5,8,2,10,
WI0360000,MANITOWOC CO SO MANITOWOC,MANITOWOC CO SO MANITOWOC,County,WI,2022,29032,59,15,74,7,25,32,66,40,106,3.65
VA0710300,HURT PD,HURT PD,City,VA,2022,1250,2,0,2,0,0,0,2,0,2,1.60
SC0430000,SUMTER CO SO SUMTER,SUMTER CO SO SUMTER,County,SC,2022,62096,84,10,94,19,17,36,103,27,130,2.09
MA0061600,MONTAGUE PD,MONTAGUE PD,City,MA,2022,8581,16,2,18,1,4,5,17,6,23,2.68
NJ0031200,EDGEWATER PARK TWP PD BEVERLY,EDGEWATER PARK TWP PD BEVERLY,City,NJ,2022,8904,16,0,16,0,2,2,16,2,18,2.02
PA0092300,UPPER MAKEFIELD TWP PD NEWTOWN,UPPER MAKEFIELD TWP PD NEWTOWN,City,PA,2022,8848,16,0,16,2,1,3,18,1,19,2.15
AL0640400,DORA PD,DORA PD,City,AL,2022,2281,7,4,11,0,0,0,7,4,11,4.82
NM0330000,CIBOLA CO SO GRANTS,CIBOLA CO SO GRANTS,County,NM,2022,15513,12,3,15,1,3,4,13,6,19,1.22
LA0180100,LAKE PROVIDENCE PD,LAKE PROVIDENCE PD,City,LA,2022,3661,6,4,10,2,3,5,8,7,15,4.10
MI2926600,BRECKENRIDGE PD,BRECKENRIDGE PD,City,MI,2022,1274,1,0,1,0,0,0,1,0,1,0.78
PA0280200,GREENCASTLE PD,GREENCASTLE PD,City,PA,2022,4200,6,0,6,0,0,0,6,0,6,1.43
CA0070900,PLEASANT HILL PD,PLEASANT HILL PD,City,CA,2022,34060,31,3,34,6,15,21,37,18,55,1.61
NY202UN00,SUNY A&T COL: ALFRED,SUNY A&T COL: ALFRED,University or College,NY,2022,0,9,2,11,2,3,5,11,5,16,
OH0571800,ENGLEWOOD,ENGLEWOOD,City,OH,2022,13338,22,4,26,1,5,6,23,9,32,2.40
CA0040000,BUTTE CO SO OROVILLE,BUTTE CO SO OROVILLE,County,CA,2022,71204,82,96,178,8,78,86,90,174,264,3.71
TX2000000,RUNNELS CO SO BALLINGER,RUNNELS CO SO BALLINGER,County,TX,2022,3158,6,6,12,0,22,22,6,28,34,10.77
MI8023100,BANGOR PD,BANGOR PD,City,MI,2022,1988,6,0,6,0,0,0,6,0,6,3.02
CA0480600,VACAVILLE PD,VACAVILLE PD,City,CA,2022,103486,88,5,93,17,58,75,105,63,168,1.62
KY1000600,LAKE CUMBERLAND AREA DRUG ENFORC TASK FORCE,LAKE CUMBERLAND AREA DRUG ENFORC TASK FORCE,Other,KY,2022,0,3,0,3,0,1,1,3,1,4,
TX0110800,,,Other,TX,2022,0,13,2,15,4,1,5,17,3,20,
MO0600400,SOUTHWEST CITY,SOUTHWEST CITY,City,MO,2022,984,3,0,3,1,0,1,4,0,4,4.07
NJ0024800,RAMSEY PD,RAMSEY PD,City,NJ,2022,14621,29,5,34,2,2,4,31,7,38,2.60
PA0091500,PERKASIE PD,PERKASIE PD,City,PA,2022,9110,18,0,18,0,2,2,18,2,20,2.20
TX057529E,SOUTHERN METHODIST UNIV,SOUTHERN METHODIST UNIV,University or College,TX,2022,0,23,1,24,7,6,13,30,7,37,
MS0250700,EDWARDS,EDWARDS,City,MS,2022,960,3,0,3,0,0,0,3,0,3,3.13
CA0300600,LA PALMA PD,LA PALMA PD,City,CA,2022,15236,20,0,20,2,6,8,22,6,28,1.84
IL0990300,BRAIDWOOD PD,BRAIDWOOD PD,City,IL,2022,6176,8,0,8,2,2,4,10,2,12,1.94
KY0170000,CALDWELL CO SO PRINCETON,CALDWELL CO SO PRINCETON,County,KY,2022,6417,3,0,3,0,3,3,3,3,6,0.94
TX1850200,FRIONA PD,FRIONA PD,City,TX,2022,4121,3,2,5,0,3,3,3,5,8,1.94
IL0169800,ROLLING MEADOWS PD,ROLLING MEADOWS PD,City,IL,2022,23453,45,1,46,6,7,13,51,8,59,2.52
IL0280100,BENTON PD,BENTON PD,City,IL,2022,6669,12,0,12,1,1,2,13,1,14,2.10
NJ0122000,SOUTH AMBOY PD,SOUTH AMBOY PD,City,NJ,2022,9277,25,2,27,2,4,6,27,6,33,3.56
NC0620100,TROY PD,TROY PD,City,NC,2022,2915,6,0,6,1,1,2,7,1,8,2.74
DE0030400,LEWES PD,LEWES PD,City,DE,2022,3533,12,0,12,1,1,2,13,1,14,3.96
TX0720000,ERATH CO SO STEPHENVILLE,ERATH CO SO STEPHENVILLE,County,TX,2022,19341,26,21,47,8,16,24,34,37,71,3.67
MI3979900,VICKSBURG PD,VICKSBURG PD,City,MI,2022,3806,6,0,6,0,0,0,6,0,6,1.58
NVDI05700,PYRAMID LAKE TRIBAL COUNCIL PD NIXON,PYRAMID LAKE TRIBAL COUNCIL PD NIXON,Tribal,NV,2022,0,13,0,13,1,3,4,14,3,17,
WV0411500,,,University or College,WV,2022,0,6,0,6,0,1,1,6,1,7,
TX0430800,WYLIE PD,WYLIE PD,City,TX,2022,60910,56,8,64,11,12,23,67,20,87,1.43
WV0340200,SUMMERSVILLE PD,SUMMERSVILLE PD,City,WV,2022,3371,15,0,15,0,1,1,15,1,16,4.75
AL0120100,LAFAYETTE PD,LAFAYETTE PD,City,AL,2022,2579,7,0,7,0,1,1,7,1,8,3.10
LA0230000,IBERIA CO SO NEW IBERIA,IBERIA CO SO NEW IBERIA,County,LA,2022,35464,62,16,78,31,39,70,93,55,148,4.17
MN0050100,,,City,MN,2022,2681,3,0,3,1,0,1,4,0,4,1.49
TN0600400,COLUMBIA ST COMMUNITY COLLEGE SECURITY OFFICE,COLUMBIA ST COMMUNITY COLLEGE SECURITY OFFICE,University or College,TN,2022,0,3,3,6,0,0,0,3,3,6,
PA025239E,,,University or College,PA,2022,0,8,0,8,0,4,4,8,4,12,
OK0710700,TIPTON,TIPTON,City,OK,2022,911,2,0,2,0,0,0,2,0,2,2.20
OH0313700,UNIVERSITY OF CINCINNATI,UNIVERSITY OF CINCINNATI,University or College,OH,2022,0,45,38,83,7,25,32,52,63,115,
INIPD0000,INDIANAPOLIS PD,INDIANAPOLIS PD,City,IN,2022,886455,1735,143,1878,287,348,635,2022,491,2513,2.83
WV0140200,LAW ENF DIV DEPT NATRL RESOURCES ROMNEY,LAW ENF DIV DEPT NATRL RESOURCES ROMNEY,Other State Agency,WV,2022,0,4,0,4,0,1,1,4,1,5,
AZ0073300,WICKENBURG PD,WICKENBURG PD,City,AZ,2022,7868,15,5,20,1,5,6,16,10,26,3.30
MO0954800,MAPLEWOOD,MAPLEWOOD,City,MO,2022,8117,26,1,27,6,1,7,32,2,34,4.19
MD0070200,MANCHESTER PD,MANCHESTER PD,City,MD,2022,5477,7,0,7,0,1,1,7,1,8,1.46
MN0750600,UNIV OF MINN PD MORRIS,UNIV OF MINN PD MORRIS,University or College,MN,2022,0,2,2,4,1,2,3,3,4,7,
NC0631100,TAYLORTOWN POLICE DEPARTMENT PINEHURST,TAYLORTOWN POLICE DEPARTMENT PINEHURST,City,NC,2022,665,3,0,3,0,0,0,3,0,3,4.51
TX1930000,REAL CO SO LEAKEY,REAL CO SO LEAKEY,County,TX,2022,2929,4,3,7,1,3,4,5,6,11,3.76
GA0860000,LANIER CO SO LAKELAND,LANIER CO SO LAKELAND,County,GA,2022,7206,6,1,7,2,5,7,8,6,14,1.94
MI6243800,GRANT PD,GRANT PD,City,MI,2022,956,3,0,3,0,0,0,3,0,3,3.14
KY1140500,WARREN COUNTY DRUG TASK FORCE,WARREN COUNTY DRUG TASK FORCE,Other,KY,2022,0,2,0,2,0,1,1,2,1,3,
CO0530200,DEL NORTE,DEL NORTE,City,CO,2022,1442,3,0,3,0,1,1,3,1,4,2.77
TX1072500,,,City,TX,2022,755,2,0,2,1,0,1,3,0,3,3.97
LA0050600,MOREAUVILLE PD,MOREAUVILLE PD,City,LA,2022,948,3,0,3,1,1,2,4,1,5,5.27
CO0250100,GRANBY,GRANBY,City,CO,2022,2176,8,1,9,0,2,2,8,3,11,5.06
CO0210500,PIKES PEAK COMMUNITY COL,PIKES PEAK COMMUNITY COL,University or College,CO,2022,0,13,0,13,1,0,1,14,0,14,
MO0956200,RICHMOND HEIGHTS,RICHMOND HEIGHTS,City,MO,2022,9120,38,0,38,1,1,2,39,1,40,4.39
TX0250200,BROWNWOOD POLICE DEPARTMENT,BROWNWOOD POLICE DEPARTMENT,City,TX,2022,18751,33,5,38,1,18,19,34,23,57,3.04
TN0230300,TRIMBLE PD,TRIMBLE PD,City,TN,2022,535,1,0,1,0,0,0,1,0,1,1.87
MI3413400,IONIA CO SO IONIA,IONIA CO SO IONIA,County,MI,2022,43559,18,16,34,1,7,8,19,23,42,0.96
MD0160400,MONTGOMERY COUNTY PD ROCKVILLE,MONTGOMERY COUNTY PD ROCKVILLE,County,MD,2022,1030232,946,181,1127,250,270,520,1196,451,1647,1.60
WI0510100,PARK FALLS PD,PARK FALLS PD,City,WI,2022,2379,7,0,7,0,0,0,7,0,7,2.94
FL0160300,JACKSONVILLE BEACH PD,JACKSONVILLE BEACH PD,City,FL,2022,23229,51,7,58,10,16,26,61,23,84,3.62
GA0050300,GEORGIA COLLEGE & STATE UNIV PUB SAF,GEORGIA COLLEGE & STATE UNIV PUB SAF,University or College,GA,2022,0,7,1,8,2,5,7,9,6,15,
MI4144100,GRAND RAPIDS INTERNATIONAL AIRPORT POLICE DEPT,GRAND RAPIDS INTERNATIONAL AIRPORT POLICE DEPT,Other,MI,2022,0,18,1,19,2,1,3,20,2,22,
WI0710400,WINNECONNE PD,WINNECONNE PD,City,WI,2022,2515,4,0,4,0,0,0,4,0,4,1.59
CO030015Y,,,Other State Agency,CO,2022,0,14,12,26,4,18,22,18,30,48,
NJ0200000,UNION CO SHERIFFS OFF ELIZABETH,UNION CO SHERIFFS OFF ELIZABETH,County,NJ,2022,0,203,25,228,53,20,73,256,45,301,
GA0310200,FOREST PARK PD,FOREST PARK PD,City,GA,2022,19605,41,3,44,22,21,43,63,24,87,4.44
NY0072200,HORSEHEADS VILLAGE PD HORSEHEADS,HORSEHEADS VILLAGE PD HORSEHEADS,City,NY,2022,6401,9,1,10,0,0,0,9,1,10,1.56
CA0370300,CORONADO PD,CORONADO PD,City,CA,2022,19706,37,6,43,9,19,28,46,25,71,3.60
MI8328100,CADILLAC PD,CADILLAC PD,City,MI,2022,10413,14,0,14,0,1,1,14,1,15,1.44
FL0050300,COCOA BEACH PD,COCOA BEACH PD,City,FL,2022,11297,35,5,40,2,16,18,37,21,58,5.13
GA0250500,PORT WENTWORTH PD,PORT WENTWORTH PD,City,GA,2022,12684,34,2,36,2,5,7,36,7,43,3.39
NC0990400,EAST BEND PD,EAST BEND PD,City,NC,2022,634,2,0,2,0,0,0,2,0,2,3.15
ND0090200,FARGO PD,FARGO PD,City,ND,2022,127649,148,2,150,27,18,45,175,20,195,1.53
FL0063300,DPS PARKLAND,DPS PARKLAND,City,FL,2022,35659,43,0,43,6,5,11,49,5,54,1.51
SC030SP00,HP: LAURENS COUNTY,HP: LAURENS COUNTY,State Police,SC,2022,0,14,0,14,0,0,0,14,0,14,
IA0120100,,,City,IA,2022,2011,1,0,1,0,0,0,1,0,1,0.50
MN0020500,COON RAPIDS PD,COON RAPIDS PD,City,MN,2022,63181,56,2,58,12,9,21,68,11,79,1.25
NM0170100,GALLUP PD,GALLUP PD,City,NM,2022,21228,37,4,41,12,9,21,49,13,62,2.92
LA0240200,PLAQUEMINE PD,PLAQUEMINE PD,City,LA,2022,5804,16,2,18,5,7,12,21,9,30,5.17
PA0150800,OXFORD PD,OXFORD PD,City,PA,2022,5742,10,0,10,1,1,2,11,1,12,2.09
TX1250000,JIM WELLS COUNTY SHERIFFS OFFICE,JIM WELLS COUNTY SHERIFFS OFFICE,County,TX,2022,17007,47,2,49,9,7,16,56,9,65,3.82
FL0240000,HAMILTON CO SO JASPER,HAMILTON CO SO JASPER,County,FL,2022,9021,22,17,39,2,21,23,24,38,62,6.87
CADIT0200,YUROK TRIBAL,YUROK TRIBAL,Tribal,CA,2022,0,9,1,10,3,2,5,12,3,15,
MA0060200,BERNARDSTON PD,BERNARDSTON PD,City,MA,2022,2846,4,0,4,0,0,0,4,0,4,1.41
TX2130000,SOMERVELL CO SO GLEN ROSE,SOMERVELL CO SO GLEN ROSE,County,TX,2022,9789,21,5,26,0,16,16,21,21,42,4.29
MS0690000,TATE CO SO SENATOBIA,TATE CO SO SENATOBIA,County,MS,2022,18823,23,9,32,2,11,13,25,20,45,2.39
UT0100100,MOAB PD,MOAB PD,City,UT,2022,5263,12,5,17,3,4,7,15,9,24,4.56
NC0510300,CLAYTON PD,CLAYTON PD,City,NC,2022,30036,48,0,48,5,4,9,53,4,57,1.90
OH0311100,FAIRFAX,FAIRFAX,City,OH,2022,1738,10,0,10,0,1,1,10,1,11,6.33
OK0261500,TUTTLE,TUTTLE,City,OK,2022,7981,13,1,14,2,5,7,15,6,21,2.63
MN0200000,DODGE CO SO MANTORVILLE,DODGE CO SO MANTORVILLE,County,MN,2022,13197,21,6,27,3,10,13,24,16,40,3.03
NH0075600,,,City,NH,2022,1444,1,0,1,0,0,0,1,0,1,0.69
TX0140500,NOLANVILLE PD,NOLANVILLE PD,City,TX,2022,6560,13,0,13,0,1,1,13,1,14,2.13
NB0540500,,,City,NB,2022,985,2,0,2,0,0,0,2,0,2,2.03
GA0840000,JONES CO SO GRAY,JONES CO SO GRAY,County,GA,2022,25136,32,15,47,3,21,24,35,36,71,2.82
CO0621100,MILLIKEN,MILLIKEN,City,CO,2022,8948,8,1,9,1,3,4,9,4,13,1.45
OH0091300,OXFORD TOWNSHIP,OXFORD TOWNSHIP,City,OH,2022,2279,3,0,3,1,0,1,4,0,4,1.76
OH0040400,ANDOVER,ANDOVER,City,OH,2022,958,3,0,3,0,0,0,3,0,3,3.13
MN0180400,,,City,MN,2022,2494,6,0,6,0,0,0,6,0,6,2.41
ID0240200,WENDELL PD WENDELL,WENDELL PD WENDELL,City,ID,2022,2940,4,0,4,0,0,0,4,0,4,1.36
WADI06400,SWINOMISH TRIBAL POLICE DEPARTMENT LACONNER,SWINOMISH TRIBAL POLICE DEPARTMENT LACONNER,Tribal,WA,2022,0,5,2,7,2,4,6,7,6,13,
CA0270200,DEL REY OAKS PD,DEL REY OAKS PD,City,CA,2022,1568,8,0,8,1,0,1,9,0,9,5.74
MS0450200,RIDGELAND PD,RIDGELAND PD,City,MS,2022,23896,50,15,65,8,15,23,58,30,88,3.68
GA1550300,COHUTTA,COHUTTA,City,GA,2022,798,4,0,4,0,0,0,4,0,4,5.01
OH0461000,WEST LIBERTY,WEST LIBERTY,City,OH,2022,1763,5,0,5,0,0,0,5,0,5,2.84
VA0960200,BIG STONE GAP PD,BIG STONE GAP PD,City,VA,2022,5155,10,0,10,0,1,1,10,1,11,2.13
WI0170100,MENOMONIE PD,MENOMONIE PD,City,WI,2022,16781,22,0,22,4,6,10,26,6,32,1.91
CA0230100,FORT BRAGG PD,FORT BRAGG PD,City,CA,2022,6968,14,2,16,1,5,6,15,7,22,3.16
ME0161200,OGUNQUIT PD,OGUNQUIT PD,City,ME,2022,1603,10,0,10,0,1,1,10,1,11,6.86
AL0350000,GREENE CO SO EUTAW,GREENE CO SO EUTAW,County,AL,2022,4318,11,7,18,0,13,13,11,20,31,7.18
SC0330100,MC CORMICK PD,MC CORMICK PD,City,SC,2022,2252,4,0,4,1,0,1,5,0,5,2.22
PA0402400,WEST HAZLETON PD,WEST HAZLETON PD,City,PA,2022,5163,3,0,3,1,1,2,4,1,5,0.97
FL0210200,TRENTON PD,TRENTON PD,City,FL,2022,2117,4,0,4,0,1,1,4,1,5,2.36
MO0954300,KIRKWOOD,KIRKWOOD,City,MO,2022,29276,57,7,64,2,15,17,59,22,81,2.77
CA0040400,OROVILLE PD,OROVILLE PD,City,CA,2022,19868,15,9,24,4,8,12,19,17,36,1.81
SC026NR00,DNR: HORRY COUNTY,DNR: HORRY COUNTY,Other State Agency,SC,2022,0,9,0,9,2,0,2,11,0,11,
ME0100400,LINCOLN PD,LINCOLN PD,City,ME,2022,4846,5,2,7,2,0,2,7,2,9,1.86
AL0540000,PICKENS CO SO CARROLLTON,PICKENS CO SO CARROLLTON,County,AL,2022,11944,12,3,15,0,12,12,12,15,27,2.26
NY0593900,ELMSFORD VILLAGE PD ELMSFORD,ELMSFORD VILLAGE PD ELMSFORD,City,NY,2022,5114,20,2,22,0,1,1,20,3,23,4.50
SD0040100,SCOTLAND PD,SCOTLAND PD,City,SD,2022,770,1,0,1,0,0,0,1,0,1,1.30
NJ0201400,ROSELLE PD,ROSELLE PD,City,NJ,2022,22257,47,3,50,6,8,14,53,11,64,2.88
PA0630100,CANONSBURG PD,CANONSBURG PD,City,PA,2022,9636,16,0,16,1,1,2,17,1,18,1.87
VTDMV0000,VERMONT DEPARTMENT OF MOTOR VEHICLES MONTPELIER,VERMONT DEPARTMENT OF MOTOR VEHICLES MONTPELIER,Other State Agency,VT,2022,0,25,18,43,2,5,7,27,23,50,
CT0004900,ENFIELD PD,ENFIELD PD,City,CT,2022,41912,79,17,96,11,14,25,90,31,121,2.89
MO0230000,CLARK,CLARK,County,MO,2022,4816,6,3,9,0,5,5,6,8,14,2.91
VA094049E,EMORY & HENRY COLLEGE,EMORY & HENRY COLLEGE,University or College,VA,2022,0,4,3,7,0,0,0,4,3,7,
TX1430300,YOAKUM PD,YOAKUM PD,City,TX,2022,5958,10,2,12,1,4,5,11,6,17,2.85
GA0601000,GEORGIA TECH PD ATLANTA,GEORGIA TECH PD ATLANTA,University or College,GA,2022,0,51,27,78,12,24,36,63,51,114,
NC0950000,WATAUGA CO SO BOONE,WATAUGA CO SO BOONE,County,NC,2022,34447,43,17,60,6,11,17,49,28,77,2.24
OH0502200,POLAND TOWNSHIP,POLAND TOWNSHIP,City,OH,2022,11956,12,0,12,1,0,1,13,0,13,1.09
WI0370700,SPENCER PD,SPENCER PD,City,WI,2022,1809,3,0,3,1,0,1,4,0,4,2.21
AR0230200,GREENBRIER PD,GREENBRIER PD,City,AR,2022,5954,9,2,11,1,2,3,10,4,14,2.35
NY0120000,DELAWARE CO SHERIFF'S DEPARTMENT DELHI,DELAWARE CO SHERIFF'S DEPARTMENT DELHI,County,NY,2022,32648,16,1,17,2,6,8,18,7,25,0.77
TX2350100,VICTORIA PD,VICTORIA PD,City,TX,2022,65165,93,7,100,15,30,45,108,37,145,2.23
TN0070000,CAMPBELL CO SO JACKSBORO,CAMPBELL CO SO JACKSBORO,County,TN,2022,24300,29,12,41,5,20,25,34,32,66,2.72
FL0600000,SUMTER CO SO BUSHNELL,SUMTER CO SO BUSHNELL,County,FL,2022,124020,142,31,173,22,69,91,164,100,264,2.13
IN0320100,BROWNSBURG PD,BROWNSBURG PD,City,IN,2022,31072,3,0,3,2,0,2,5,0,5,0.16
FL0330000,JEFFERSON CO SO MONTICELLO,JEFFERSON CO SO MONTICELLO,County,FL,2022,12148,25,14,39,3,16,19,28,30,58,4.77
OR0250000,MORROW,MORROW,County,OR,2022,8379,23,2,25,11,3,14,34,5,39,4.65
NJ0122300,SOUTH RIVER PD,SOUTH RIVER PD,City,NJ,2022,15877,30,2,32,2,8,10,32,10,42,2.65
GA1580000,WILKINSON CO SO IRWINTON,WILKINSON CO SO IRWINTON,County,GA,2022,4546,12,3,15,1,10,11,13,13,26,5.72
WV0150200,WEIRTON PD,WEIRTON PD,City,WV,2022,18544,37,1,38,2,3,5,39,4,43,2.32
TN0270200,MILAN PD,MILAN PD,City,TN,2022,8167,22,2,24,3,5,8,25,7,32,3.92
WI0140100,BEAVER DAM PD,BEAVER DAM PD,City,WI,2022,16656,27,0,27,4,4,8,31,4,35,2.10
NH0061400,FRANCESTOWN PD,FRANCESTOWN PD,City,NH,2022,1640,0,0,0,1,0,1,1,0,1,0.61
NJ0023000,LITTLE FERRY PD,LITTLE FERRY PD,City,NJ,2022,10859,26,1,27,1,4,5,27,5,32,2.95
PA0010000,ADAMS CO SO GETTYSBURG,ADAMS CO SO GETTYSBURG,County,PA,2022,0,15,0,15,0,4,4,15,4,19,
OK0070700,BOKCHITO,BOKCHITO,City,OK,2022,594,6,0,6,0,1,1,6,1,7,11.78
TX2460600,TAYLOR PD,TAYLOR PD,City,TX,2022,17259,27,2,29,2,10,12,29,12,41,2.38
TX2460900,CEDAR PARK POLICE DEPT,CEDAR PARK POLICE DEPT,City,TX,2022,79353,78,9,87,10,27,37,88,36,124,1.56
FL0370900,DMS DIVISION OF CAPITOL POLICETALLAHASSEE,DMS DIVISION OF CAPITOL POLICETALLAHASSEE,Other State Agency,FL,2022,0,54,4,58,11,9,20,65,13,78,
CA0260100,MAMMOTH LAKES PD MAMMOTH LAKES,MAMMOTH LAKES PD MAMMOTH LAKES,City,CA,2022,7325,13,2,15,1,2,3,14,4,18,2.46
NJ0025100,RIDGEWOOD PD,RIDGEWOOD PD,City,NJ,2022,26485,46,2,48,2,3,5,48,5,53,2.00
OK0720200,COLLINSVILLE,COLLINSVILLE,City,OK,2022,8740,13,1,14,1,8,9,14,9,23,2.63
KS0960300,MULVANE PD,MULVANE PD,City,KS,2022,6844,14,0,14,1,0,1,15,0,15,2.19
TX0680400,UNIVERSITY OF TX OF PERMIAN BASIN POLICE DEPT,UNIVERSITY OF TX OF PERMIAN BASIN POLICE DEPT,University or College,TX,2022,0,13,0,13,3,9,12,16,9,25,
NC0800900,CLEVELAND POLICE DEPARTMENT CLEVELAND,CLEVELAND POLICE DEPARTMENT CLEVELAND,City,NC,2022,862,6,0,6,0,0,0,6,0,6,6.96
OH0520300,WADSWORTH,WADSWORTH,City,OH,2022,24546,22,2,24,5,7,12,27,9,36,1.47
KS0110200,GALENA PD,GALENA PD,City,KS,2022,2737,9,0,9,1,1,2,10,1,11,4.02
NY0140100,BUFFALO CITY PD BUFFALO,BUFFALO CITY PD BUFFALO,City,NY,2022,275710,605,44,649,154,118,272,759,162,921,3.34
NJ0152400,POINT PLEASANT PD,POINT PLEASANT PD,City,NJ,2022,19501,31,4,35,1,6,7,32,10,42,2.15
IL0901500,ILLINOIS CENTRAL COLLEGE PD EAST PEORIA,ILLINOIS CENTRAL COLLEGE PD EAST PEORIA,University or College,IL,2022,0,5,6,11,2,5,7,7,11,18,
IL0470300,OSWEGO PD,OSWEGO PD,City,IL,2022,35932,43,1,44,9,9,18,52,10,62,1.73
CA0100200,COALINGA PD,COALINGA PD,City,CA,2022,17546,18,2,20,3,6,9,21,8,29,1.65
MO0261200,STATE FIRE MARSHAL,STATE FIRE MARSHAL,Other State Agency,MO,2022,0,19,0,19,0,1,1,19,1,20,
GA0571400,,,University or College,GA,2022,0,5,0,5,2,1,3,7,1,8,
PA0263600,STATE PARK RANGERS: OHIOPYLE,STATE PARK RANGERS: OHIOPYLE,Other State Agency,PA,2022,0,5,0,5,0,0,0,5,0,5,
NJ0121500,NORTH BRUNSWICK PD,NORTH BRUNSWICK PD,City,NJ,2022,43419,78,5,83,4,13,17,82,18,100,2.30
ME0031400,YARMOUTH PD,YARMOUTH PD,City,ME,2022,9009,12,0,12,1,1,2,13,1,14,1.55
WI0137100,MAPLE BLUFF PD MADISON,MAPLE BLUFF PD MADISON,City,WI,2022,1326,5,0,5,1,2,3,6,2,8,6.03
NM0090000,GRANT CO SO SILVER CITY,GRANT CO SO SILVER CITY,County,NM,2022,13202,32,3,35,2,2,4,34,5,39,2.95
ND0010000,ADAMS CO SO HETTINGER,ADAMS CO SO HETTINGER,County,ND,2022,2168,5,0,5,0,1,1,5,1,6,2.77
VT0030300,ST JOHNSBURY PD,ST JOHNSBURY PD,City,VT,2022,7404,8,3,11,1,3,4,9,6,15,2.03
ID0090300,PONDERAY CITY POLICE DEPARTMENT,PONDERAY CITY POLICE DEPARTMENT,City,ID,2022,1653,7,0,7,0,1,1,7,1,8,4.84
PA0382200,SOUTH LONDONDERRY TWP PD CAMPBELLTOWN,SOUTH LONDONDERRY TWP PD CAMPBELLTOWN,City,PA,2022,8833,8,0,8,1,0,1,9,0,9,1.02
TN0500100,LAWRENCEBURG PD,LAWRENCEBURG PD,City,TN,2022,11874,27,1,28,2,4,6,29,5,34,2.86
KY0920100,HARTFORD PD,HARTFORD PD,City,KY,2022,2667,6,0,6,0,0,0,6,0,6,2.25
TX2010100,HENDERSON PD,HENDERSON PD,City,TX,2022,13567,25,0,25,7,8,15,32,8,40,2.95
MA0144400,SOUTHBORO PD,SOUTHBORO PD,City,MA,2022,10448,19,2,21,1,3,4,20,5,25,2.39
CT0010300,NORWALK PD,NORWALK PD,City,CT,2022,91414,155,14,169,21,17,38,176,31,207,2.26
NY0140200,LACKAWANNA CITY PD LACKAWANNA,LACKAWANNA CITY PD LACKAWANNA,City,NY,2022,19692,41,3,44,3,4,7,44,7,51,2.59
PA0154000,WEST WHITELAND TWP PD EXTON,WEST WHITELAND TWP PD EXTON,City,PA,2022,19944,28,0,28,1,2,3,29,2,31,1.55
NM0010000,BERNALILLO CO SO ALBUQUERQUE,BERNALILLO CO SO ALBUQUERQUE,County,NM,2022,111305,267,59,326,37,54,91,304,113,417,3.75
IL0990500,CRETE PD,CRETE PD,City,IL,2022,8371,19,0,19,1,2,3,20,2,22,2.63
KY0470100,ELIZABETHTOWN PD,ELIZABETHTOWN PD,City,KY,2022,32437,60,11,71,6,10,16,66,21,87,2.68
WADI06300,SAUK-SUIATTLE TRIBAL POLICE DEPT DARRINGTON,SAUK-SUIATTLE TRIBAL POLICE DEPT DARRINGTON,Tribal,WA,2022,0,4,0,4,2,0,2,6,0,6,
MA0021500,MONTEREY,MONTEREY,City,MA,2022,1091,1,0,1,2,0,2,3,0,3,2.75
WV0360200,LAW ENF DIV DEPT NATRL RESOURCES FRANKLIN,LAW ENF DIV DEPT NATRL RESOURCES FRANKLIN,Other State Agency,WV,2022,0,1,0,1,0,0,0,1,0,1,
CA0330600,DESERT HOT SPRINGS POLICE DEPARTMENT,DESERT HOT SPRINGS POLICE DEPARTMENT,City,CA,2022,32923,23,7,30,4,14,18,27,21,48,1.46
TX1630300,HONDO PD,HONDO PD,City,TX,2022,8522,19,0,19,3,2,5,22,2,24,2.82
OH0691300,OTTOVILLE,OTTOVILLE,City,OH,2022,974,3,0,3,0,0,0,3,0,3,3.08
MO0540500,LEXINGTON,LEXINGTON,City,MO,2022,4516,8,0,8,1,2,3,9,2,11,2.44
WA0370100,BELLINGHAM PD,BELLINGHAM PD,City,WA,2022,93014,93,13,106,17,45,62,110,58,168,1.81
IL0164200,HANOVER PARK PD,HANOVER PARK PD,City,IL,2022,36222,49,8,57,11,14,25,60,22,82,2.26
IA0620000,MAHASKA CO SO OSKALOOSA,MAHASKA CO SO OSKALOOSA,County,IA,2022,10355,10,4,14,0,12,12,10,16,26,2.51
OK0400500,BOKOSHE,BOKOSHE,City,OK,2022,404,2,0,2,0,0,0,2,0,2,4.95
AR0730200,BALD KNOB PD,BALD KNOB PD,City,AR,2022,2534,8,0,8,0,3,3,8,3,11,4.34
AR0450300,FLIPPIN POLICE DEPARTMENT FLIPPIN,FLIPPIN POLICE DEPARTMENT FLIPPIN,City,AR,2022,1344,7,0,7,0,0,0,7,0,7,5.21
MT0080000,CHOUTEAU CO SO FORT BENTON,CHOUTEAU CO SO FORT BENTON,County,MT,2022,4423,9,2,11,0,8,8,9,10,19,4.30
MT0530100,GLASGOW PD,GLASGOW PD,City,MT,2022,3183,6,0,6,0,4,4,6,4,10,3.14
MI3832600,COLUMBIA TOWNSHIP PD BROOKLYN,COLUMBIA TOWNSHIP PD BROOKLYN,City,MI,2022,7470,7,0,7,0,0,0,7,0,7,0.94
MA0142500,LEOMINSTER PD,LEOMINSTER PD,City,MA,2022,43690,65,6,71,4,12,16,69,18,87,1.99
MI2812800,GD TRAVERSE CO SO TRAVERSE CITY,GD TRAVERSE CO SO TRAVERSE CITY,County,MI,2022,81137,62,34,96,6,23,29,68,57,125,1.54
MI8242000,GARDEN CITY PD,GARDEN CITY PD,City,MI,2022,26696,34,1,35,2,3,5,36,4,40,1.50
CA0340200,GALT PD,GALT PD,City,CA,2022,25463,29,4,33,5,12,17,34,16,50,1.96
MO0890100,HARDIN,HARDIN,City,MO,2022,552,0,0,0,1,0,1,1,0,1,1.81
MI0860700,NASHVILLE PD,NASHVILLE PD,City,MI,2022,1598,2,0,2,0,0,0,2,0,2,1.25
TN0540000,MC MINN CO SO ATHENS,MC MINN CO SO ATHENS,County,TN,2022,34020,36,20,56,5,30,35,41,50,91,2.67
AL0420100,MOULTON PD,MOULTON PD,City,AL,2022,3353,9,0,9,0,0,0,9,0,9,2.68
CA0192300,EL SEGUNDO PD,EL SEGUNDO PD,City,CA,2022,16550,55,5,60,5,11,16,60,16,76,4.59
MN0190900,INVER GROVE HEIGHTS PD,INVER GROVE HEIGHTS PD,City,MN,2022,35294,36,0,36,6,6,12,42,6,48,1.36
IA0530100,ANAMOSA PD,ANAMOSA PD,City,IA,2022,5411,7,0,7,1,1,2,8,1,9,1.66
OH0570300,GERMANTOWN,GERMANTOWN,City,OH,2022,5798,9,0,9,1,1,2,10,1,11,1.90
CA0270600,MONTEREY PD,MONTEREY PD,City,CA,2022,29709,42,5,47,5,9,14,47,14,61,2.05
MN0620700,NORTH ST PAUL PD,NORTH ST PAUL PD,City,MN,2022,15208,12,0,12,5,2,7,17,2,19,1.25
FL0050800,MELBOURNE BEACH PD,MELBOURNE BEACH PD,City,FL,2022,3231,8,0,8,2,1,3,10,1,11,3.40
SC0450000,WILLIAMSBURG CO SO KINGSTREE,WILLIAMSBURG CO SO KINGSTREE,County,SC,2022,25758,25,0,25,10,3,13,35,3,38,1.48
NJ0178900,SALEM CNTY PROSECUTOR SALEM,SALEM CNTY PROSECUTOR SALEM,Other,NJ,2022,0,17,16,33,3,24,27,20,40,60,
SD0470000,MELLETTE CO SO WHITE RIVER,MELLETTE CO SO WHITE RIVER,County,SD,2022,1913,3,0,3,0,1,1,3,1,4,2.09
NC0240400,TABOR CITY PD,TABOR CITY PD,City,NC,2022,3646,9,0,9,0,1,1,9,1,10,2.74
NJ0201200,PLAINFIELD PD,PLAINFIELD PD,City,NJ,2022,55494,112,3,115,27,25,52,139,28,167,3.01
KY0561000,JEFFERSONTOWN PD,JEFFERSONTOWN PD,City,KY,2022,28519,51,2,53,3,14,17,54,16,70,2.45
FL0350300,CLERMONT PD,CLERMONT PD,City,FL,2022,45785,63,1,64,15,8,23,78,9,87,1.90
GA1100300,,,Other,GA,2022,0,7,0,7,2,1,3,9,1,10,
NJ0121000,METUCHEN PD,METUCHEN PD,City,NJ,2022,14874,28,0,28,2,1,3,30,1,31,2.08
OH0510100,MARION,MARION,City,OH,2022,35775,51,1,52,6,4,10,57,5,62,1.73
NY0558000,SAUGERTIES TOWN PD SAUGERTIES,SAUGERTIES TOWN PD SAUGERTIES,City,NY,2022,19323,20,1,21,3,3,6,23,4,27,1.40
FL0360700,FLORIDA GULF UNIVERSITY,FLORIDA GULF UNIVERSITY,University or College,FL,2022,0,19,7,26,1,3,4,20,10,30,
MN0720500,,,City,MN,2022,975,1,0,1,0,0,0,1,0,1,1.03
KS0710000,OSBORNE CO SO OSBORNE,OSBORNE CO SO OSBORNE,County,KS,2022,2178,8,3,11,0,3,3,8,6,14,6.43
WV0310100,MORGANTOWN PD,MORGANTOWN PD,City,WV,2022,29279,67,4,71,4,8,12,71,12,83,2.83
WADI05500,BIA SQUAXIN ISLAND TRIBAL ENFORCEMENT SHELTON,BIA SQUAXIN ISLAND TRIBAL ENFORCEMENT SHELTON,Tribal,WA,2022,0,9,0,9,2,1,3,11,1,12,
NY0132400,WAPPINGERS FALLS VILLAGE PD WAPPINGERS FALLS,WAPPINGERS FALLS VILLAGE PD WAPPINGERS FALLS,City,NY,2022,6077,3,0,3,1,2,3,4,2,6,0.99
PA0371200,,,Other,PA,2022,0,10,0,10,0,1,1,10,1,11,
OR0150000,JACKSON,JACKSON,County,OR,2022,69644,109,22,131,17,36,53,126,58,184,2.64
GA1290400,GA SOUTHWESTERN STATE UNIV SECURITY PD,GA SOUTHWESTERN STATE UNIV SECURITY PD,University or College,GA,2022,0,8,0,8,0,1,1,8,1,9,
MI5929100,CARSON CITY PD,CARSON CITY PD,City,MI,2022,1131,1,0,1,0,0,0,1,0,1,0.88
UT0040300,HELPER PD,HELPER PD,City,UT,2022,2082,4,0,4,1,1,2,5,1,6,2.88
IL0993000,WILL CO FOREST PRESERVE DIST PD JOLIET,WILL CO FOREST PRESERVE DIST PD JOLIET,Other,IL,2022,0,9,0,9,4,1,5,13,1,14,
ID0140200,NAMPA PD,NAMPA PD,City,ID,2022,111501,125,9,134,13,58,71,138,67,205,1.84
WA0020000,ASOTIN CO SO ASOTIN,ASOTIN CO SO ASOTIN,County,WA,2022,14123,11,9,20,1,2,3,12,11,23,1.63
DE0020500,NEWARK PD,NEWARK PD,City,DE,2022,31015,63,10,73,3,10,13,66,20,86,2.77
FL0139200,VILLAGE OF PINECREST DEPT OF POLICE,VILLAGE OF PINECREST DEPT OF POLICE,City,FL,2022,17690,38,4,42,11,14,25,49,18,67,3.79
CA0339700,UNIVERSITY OF CALIFORNIA PD RIVERSIDE,UNIVERSITY OF CALIFORNIA PD RIVERSIDE,University or College,CA,2022,0,22,5,27,3,7,10,25,12,37,
OK0191100,OILTON,OILTON,City,OK,2022,875,4,0,4,0,0,0,4,0,4,4.57
KY1000400,SCIENCE HILL PD,SCIENCE HILL PD,City,KY,2022,657,2,0,2,1,0,1,3,0,3,4.57
MT0220000,JEFFERSON CO SO BOULDER,JEFFERSON CO SO BOULDER,County,MT,2022,12816,15,7,22,1,8,9,16,15,31,2.42
MO0482000,UNIV OF MO: KANSAS CITY,UNIV OF MO: KANSAS CITY,University or College,MO,2022,0,20,6,26,1,3,4,21,9,30,
FL0061100,COCONUT CREEK POLICE DEPARTMENT,COCONUT CREEK POLICE DEPARTMENT,City,FL,2022,56571,90,3,93,13,33,46,103,36,139,2.46
NJ0032500,MOUNT LAUREL TWP PD MOUNT LAUREL,MOUNT LAUREL TWP PD MOUNT LAUREL,City,NJ,2022,46518,73,1,74,3,6,9,76,7,83,1.78
SD0040000,BON HOMME CO SO TYNDALL,BON HOMME CO SO TYNDALL,County,SD,2022,2651,3,2,5,0,3,3,3,5,8,3.02
MN0694400,,,City,MN,2022,3650,7,0,7,1,1,2,8,1,9,2.47
MA0142000,HOLDEN PD,HOLDEN PD,City,MA,2022,19998,19,3,22,3,13,16,22,16,38,1.90
PA0130300,LANSFORD PD,LANSFORD PD,City,PA,2022,4212,4,0,4,0,0,0,4,0,4,0.95
NY0290600,HEMPSTEAD VILLAGE PD HEMPSTEAD,HEMPSTEAD VILLAGE PD HEMPSTEAD,City,NY,2022,58469,99,5,104,23,24,47,122,29,151,2.58
IN0200200,GOSHEN PD,GOSHEN PD,City,IN,2022,34697,58,5,63,4,7,11,62,12,74,2.13
NC0420600,LITTLETON PD,LITTLETON PD,City,NC,2022,556,3,0,3,0,0,0,3,0,3,5.40
GA0220300,BOWDON PD,BOWDON PD,City,GA,2022,2190,7,0,7,0,1,1,7,1,8,3.65
MI8018000,VAN BUREN CO SO PAW PAW,VAN BUREN CO SO PAW PAW,County,MI,2022,54161,62,25,87,7,15,22,69,40,109,2.01
MN0510200,SLAYTON PD,SLAYTON PD,City,MN,2022,1987,4,0,4,1,1,2,5,1,6,3.02
MA0051700,MARBLEHEAD PD,MARBLEHEAD PD,City,MA,2022,20289,32,4,36,1,5,6,33,9,42,2.07
IL0493000,LINDENHURST PD,LINDENHURST PD,City,IL,2022,14242,12,0,12,2,1,3,14,1,15,1.05
MO0280000,CRAWFORD,CRAWFORD,County,MO,2022,15044,23,9,32,3,8,11,26,17,43,2.86
RI0030500,TIVERTON PD,TIVERTON PD,City,RI,2022,16244,26,4,30,3,5,8,29,9,38,2.34
CA0412700,EAST PALO ALTO PD,EAST PALO ALTO PD,City,CA,2022,27800,25,8,33,3,8,11,28,16,44,1.58
PA0028600,PORTVUE PD,PORTVUE PD,City,PA,2022,3642,4,0,4,0,0,0,4,0,4,1.10
UT0070200,ROOSEVELT PD,ROOSEVELT PD,City,UT,2022,7004,14,1,15,1,1,2,15,2,17,2.43
AL0670400,ARLEY PD,ARLEY PD,City,AL,2022,332,2,0,2,0,0,0,2,0,2,6.02
MI6347500,HOLLY PD,HOLLY PD,City,MI,2022,5931,8,0,8,1,0,1,9,0,9,1.52
VA0300100,REMINGTON PD,REMINGTON PD,City,VA,2022,638,1,0,1,0,0,0,1,0,1,1.57
WA0380900,PALOUSE PD,PALOUSE PD,City,WA,2022,1034,1,0,1,0,0,0,1,0,1,0.97
OK0550000,OKLAHOMA,OKLAHOMA,County,OK,2022,22024,133,9,142,28,48,76,161,57,218,9.90
MI1227200,BRONSON PD,BRONSON PD,City,MI,2022,2311,4,0,4,0,1,1,4,1,5,2.16
AL0320200,BERRY PD,BERRY PD,City,AL,2022,1193,4,0,4,0,0,0,4,0,4,3.35
NY0530000,TIOGA CO SHERIFF'S DEPARTMENT OWEGO,TIOGA CO SHERIFF'S DEPARTMENT OWEGO,County,NY,2022,39845,30,4,34,3,16,19,33,20,53,1.33
IL0390000,JACKSON CO SO MURPHYSBORO,JACKSON CO SO MURPHYSBORO,County,IL,2022,20705,26,37,63,5,23,28,31,60,91,4.40
AR0470300,LEACHVILLE PD,LEACHVILLE PD,City,AR,2022,1943,4,0,4,0,0,0,4,0,4,2.06
ND0140000,EDDY CO SO NEW ROCKFORD,EDDY CO SO NEW ROCKFORD,County,ND,2022,2365,5,0,5,0,0,0,5,0,5,2.11
WI0682500,VILLAGE OF EAGLE PD,VILLAGE OF EAGLE PD,City,WI,2022,2119,2,0,2,0,0,0,2,0,2,0.94
WI0411400,SOUTH MILWAUKEE PD,SOUTH MILWAUKEE PD,City,WI,2022,20247,29,2,31,4,4,8,33,6,39,1.93
KY0680100,VANCEBURG PD,VANCEBURG PD,City,KY,2022,1346,7,0,7,0,0,0,7,0,7,5.20
OK0101000,HEALDTON,HEALDTON,City,OK,2022,2335,5,0,5,0,1,1,5,1,6,2.57
PA0020200,BELLEVUE BOROUGH POLICE DEPARTMENT PITTSBURGH,BELLEVUE BOROUGH POLICE DEPARTMENT PITTSBURGH,City,PA,2022,8091,13,0,13,0,1,1,13,1,14,1.73
TX0090100,MULESHOE PD,MULESHOE PD,City,TX,2022,5066,6,2,8,0,4,4,6,6,12,2.37
KS0860100,SCOTT CITY PD,SCOTT CITY PD,City,KS,2022,4100,6,1,7,2,4,6,8,5,13,3.17
NJ0111100,TRENTON PD,TRENTON PD,City,NJ,2022,90313,226,20,246,44,48,92,270,68,338,3.74
IL0571500,ILLINOIS STATE UNIVERSIT,ILLINOIS STATE UNIVERSIT,University or College,IL,2022,0,23,2,25,4,8,12,27,10,37,
CA0302200,TUSTIN PD,TUSTIN PD,City,CA,2022,78841,83,12,95,14,37,51,97,49,146,1.85
NC0050300,ST PARK RANGER NEW RIV/MT JEFF ST PRK JEFFERSON,ST PARK RANGER NEW RIV/MT JEFF ST PRK JEFFERSON,Other State Agency,NC,2022,0,5,0,5,1,0,1,6,0,6,
PA0650100,MURRYSVILLE BOROUGH PD MURRYSVILLE,MURRYSVILLE BOROUGH PD MURRYSVILLE,City,PA,2022,20735,21,0,21,1,2,3,22,2,24,1.16
KY0960100,FALMOUTH PD,FALMOUTH PD,City,KY,2022,2184,6,0,6,0,1,1,6,1,7,3.21
NVDI05500,WALKER RIVER TRIBAL POLICE DEPARTMENT SCHURZ,WALKER RIVER TRIBAL POLICE DEPARTMENT SCHURZ,Tribal,NV,2022,0,4,0,4,0,1,1,4,1,5,
OK0320100,HOLDENVILLE,HOLDENVILLE,City,OK,2022,5788,4,0,4,0,0,0,4,0,4,0.69
MO1100400,WRIGHT CITY,WRIGHT CITY,City,MO,2022,5360,10,0,10,1,1,2,11,1,12,2.24
MI8224600,BELLEVILLE PD,BELLEVILLE PD,City,MI,2022,3928,7,0,7,2,1,3,9,1,10,2.55
KS0891200,KANSAS LOTTERY SECURITY DIVISION TOPEKA,KANSAS LOTTERY SECURITY DIVISION TOPEKA,Other State Agency,KS,2022,0,3,0,3,1,2,3,4,2,6,
TX0310600,PORT ISABEL PD,PORT ISABEL PD,City,TX,2022,5165,13,1,14,3,4,7,16,5,21,4.07
WA0170800,KIRKLAND PD,KIRKLAND PD,City,WA,2022,91464,92,18,110,15,23,38,107,41,148,1.62
SC0110000,CHEROKEE CO SO GAFFNEY,CHEROKEE CO SO GAFFNEY,County,SC,2022,42057,57,22,79,5,19,24,62,41,103,2.45
MN0760200,BENSON PD,BENSON PD,City,MN,2022,3359,6,0,6,1,1,2,7,1,8,2.38
VA0350300,PEMBROKE PD,PEMBROKE PD,City,VA,2022,1124,3,0,3,0,0,0,3,0,3,2.67
MA0050500,DANVERS PD,DANVERS PD,City,MA,2022,27887,37,6,43,5,5,10,42,11,53,1.90
IN0451600,SCHERERVILLE PD,SCHERERVILLE PD,City,IN,2022,29628,47,3,50,3,12,15,50,15,65,2.19
VT0010100,BRISTOL PD,BRISTOL PD,City,VT,2022,3730,3,0,3,0,0,0,3,0,3,0.80
TX0370100,JACKSONVILLE PD,JACKSONVILLE PD,City,TX,2022,14196,25,4,29,4,9,13,29,13,42,2.96
NJ0121100,MIDDLESEX PD,MIDDLESEX PD,City,NJ,2022,14423,27,0,27,2,3,5,29,3,32,2.22
MA0121500,MARSHFIELD PD,MARSHFIELD PD,City,MA,2022,27064,40,0,40,5,3,8,45,3,48,1.77
TX1011500,PASADENA PD,PASADENA PD,City,TX,2022,145954,244,21,265,26,55,81,270,76,346,2.37
DE0022600,WILMINGTON FIRE DEPARTMENT FIRE MARSHAL'S OFF,WILMINGTON FIRE DEPARTMENT FIRE MARSHAL'S OFF,Other,DE,2022,0,9,3,12,0,1,1,9,4,13,
IA0830100,HARLAN PD,HARLAN PD,City,IA,2022,4936,5,0,5,1,1,2,6,1,7,1.42
IN0750000,STARKE CO SO KNOX,STARKE CO SO KNOX,County,IN,2022,17984,13,12,25,0,11,11,13,23,36,2.00
MA0021300,LEE PD,LEE PD,City,MA,2022,5740,7,0,7,1,1,2,8,1,9,1.57
NJ0024500,PALISADES PARK PD,PALISADES PARK PD,City,NJ,2022,19991,36,2,38,2,1,3,38,3,41,2.05
OK0101700,WILSON,WILSON,City,OK,2022,1429,3,0,3,1,0,1,4,0,4,2.80
OH0700100,MANSFIELD,MANSFIELD,City,OH,2022,47845,70,11,81,10,26,36,80,37,117,2.45
MA014669E,QUINSIGAMOND COMM COLLEGE CAMPUS POLICE,QUINSIGAMOND COMM COLLEGE CAMPUS POLICE,University or College,MA,2022,0,12,5,17,0,1,1,12,6,18,
MS0010000,ADAMS CO SO NATCHEZ,ADAMS CO SO NATCHEZ,County,MS,2022,14606,32,14,46,5,19,24,37,33,70,4.79
NJ0058900,CAPE MAY CNTY PROSECUTOR CAPE MAY COURT HOUSE,CAPE MAY CNTY PROSECUTOR CAPE MAY COURT HOUSE,Other,NJ,2022,0,28,14,42,13,35,48,41,49,90,
NC0840300,OAKBORO PD,OAKBORO PD,City,NC,2022,2188,7,0,7,1,0,1,8,0,8,3.66
NC0921300,MORRISVILLE PD,MORRISVILLE PD,City,NC,2022,32600,35,0,35,9,2,11,44,2,46,1.41
SC0180300,HARLEYVILLE PD,HARLEYVILLE PD,City,SC,2022,679,2,0,2,0,0,0,2,0,2,2.95
MI3229300,CASEVILLE PD,CASEVILLE PD,City,MI,2022,646,0,0,0,1,0,1,1,0,1,1.55
KS0870600,WICHITA STATE UNIVERSITY PD WICHITA,WICHITA STATE UNIVERSITY PD WICHITA,University or College,KS,2022,0,18,4,22,7,9,16,25,13,38,
MS0240800,D IBERVILLE POLICE DEPARTMENT,D IBERVILLE POLICE DEPARTMENT,City,MS,2022,13810,30,1,31,3,2,5,33,3,36,2.61
VA0460000,ISLE OF WIGHT CO SO ISLE OF WIGHT,ISLE OF WIGHT CO SO ISLE OF WIGHT,County,VA,2022,28343,45,0,45,8,4,12,53,4,57,2.01
SD0250100,MILBANK PD,MILBANK PD,City,SD,2022,3458,6,0,6,0,0,0,6,0,6,1.74
OH0060700,NEW KNOXVILLE,NEW KNOXVILLE,City,OH,2022,917,1,0,1,0,0,0,1,0,1,1.09
MI4214200,KEWEENAW CO SO EAGLE RIVER,KEWEENAW CO SO EAGLE RIVER,County,MI,2022,2160,6,0,6,1,0,1,7,0,7,3.24
ID0110100,BONNERS FERRY PD,BONNERS FERRY PD,City,ID,2022,2626,6,0,6,0,0,0,6,0,6,2.28
PA0090100,BENSALEM TWP PD BENSALEM,BENSALEM TWP PD BENSALEM,City,PA,2022,62782,99,7,106,4,19,23,103,26,129,2.05
MA0020100,ADAMS PD,ADAMS PD,City,MA,2022,8073,17,0,17,1,2,3,18,2,20,2.48
LA0260200,HARAHAN PD,HARAHAN PD,City,LA,2022,8827,23,0,23,5,3,8,28,3,31,3.51
IL0690000,MORGAN CO SO JACKSONVILLE,MORGAN CO SO JACKSONVILLE,County,IL,2022,9108,13,5,18,0,8,8,13,13,26,2.85
IL0164700,HILLSIDE PD,HILLSIDE PD,City,IL,2022,7987,23,2,25,2,1,3,25,3,28,3.51
TX1080500,ELSA PD,ELSA PD,City,TX,2022,5683,16,1,17,2,5,7,18,6,24,4.22
PA0451100,E STROUDSBURG UNIV CAMPUS PD E STROUDSBURG,E STROUDSBURG UNIV CAMPUS PD E STROUDSBURG,University or College,PA,2022,0,11,1,12,2,2,4,13,3,16,
FL0420000,MARION CO SO OCALA,MARION CO SO OCALA,County,FL,2022,326729,409,135,544,123,176,299,532,311,843,2.58
MI5658300,MIDLAND PD,MIDLAND PD,City,MI,2022,42426,43,0,43,6,2,8,49,2,51,1.20
NC0290200,THOMASVILLE PD,THOMASVILLE PD,City,NC,2022,27270,52,1,53,12,4,16,64,5,69,2.53
CA0480400,RIO VISTA PD,RIO VISTA PD,City,CA,2022,10352,10,0,10,2,2,4,12,2,14,1.35
OR0090200,REDMOND,REDMOND,City,OR,2022,37472,45,3,48,6,7,13,51,10,61,1.63
AK0011600,KOTZEBUE PD,KOTZEBUE PD,City,AK,2022,3041,14,0,14,1,3,4,15,3,18,5.92
KS0400000,HARVEY CO SO NEWTON,HARVEY CO SO NEWTON,County,KS,2022,5456,22,14,36,1,10,11,23,24,47,8.61
MI4954500,MACKINAC ISLAND PD,MACKINAC ISLAND PD,City,MI,2022,587,6,0,6,0,0,0,6,0,6,10.22
IL0360000,HENDERSON CO SO OQUAWKA,HENDERSON CO SO OQUAWKA,County,IL,2022,4179,7,6,13,0,3,3,7,9,16,3.83
IL0991500,NEW LENOX PD,NEW LENOX PD,City,IL,2022,27699,29,2,31,7,4,11,36,6,42,1.52
CA0560500,PORT HUENEME PD,PORT HUENEME PD,City,CA,2022,21545,19,4,23,3,8,11,22,12,34,1.58
MA0060800,ERVING PD,ERVING PD,City,MA,2022,1669,5,0,5,1,0,1,6,0,6,3.59
PA0462000,NORTH WALES PD,NORTH WALES PD,City,PA,2022,3403,4,0,4,1,0,1,5,0,5,1.47
AR0100200,GURDON PD,GURDON PD,City,AR,2022,1847,5,1,6,0,1,1,5,2,7,3.79
TX0430400,FRISCO PD,FRISCO PD,City,TX,2022,218962,216,45,261,17,55,72,233,100,333,1.52
SC016FC00,FC: DARLINGTON COUNTY,FC: DARLINGTON COUNTY,Other State Agency,SC,2022,0,1,0,1,0,0,0,1,0,1,
CT0013900,SUFFIELD PD,SUFFIELD PD,City,CT,2022,15890,18,3,21,1,6,7,19,9,28,1.76
ME0050200,ELLSWORTH PD,ELLSWORTH PD,City,ME,2022,8676,17,2,19,1,2,3,18,4,22,2.54
OH0860200,MONTPELIER,MONTPELIER,City,OH,2022,3865,7,1,8,2,0,2,9,1,10,2.59
MO0480300,GRAIN VALLEY,GRAIN VALLEY,City,MO,2022,16320,18,1,19,4,3,7,22,4,26,1.59
PA0151000,PHOENIXVILLE PD,PHOENIXVILLE PD,City,PA,2022,19477,29,0,29,2,1,3,31,1,32,1.64
NJ0032600,NEW HANOVER TWP PD COOKSTOWN,NEW HANOVER TWP PD COOKSTOWN,City,NJ,2022,6507,3,0,3,0,0,0,3,0,3,0.46
MO0360700,UNION,UNION,City,MO,2022,12575,23,0,23,2,1,3,25,1,26,2.07
OK0111000,NE ST UNIV: TAHLEQUAH,NE ST UNIV: TAHLEQUAH,University or College,OK,2022,0,10,1,11,1,3,4,11,4,15,
PA0440700,GRANVILLE TWP PD GRANVILLE,GRANVILLE TWP PD GRANVILLE,City,PA,2022,4626,8,0,8,0,2,2,8,2,10,2.16
NJ0148900,MORRIS CNTY PROSECUTOR MORRISTOWN,MORRIS CNTY PROSECUTOR MORRISTOWN,Other,NJ,2022,0,47,38,85,18,54,72,65,92,157,
NC0180200,HICKORY PD,HICKORY PD,City,NC,2022,43756,101,13,114,11,17,28,112,30,142,3.25
WA0190100,ELLENSBURG PD,ELLENSBURG PD,City,WA,2022,19822,27,0,27,2,8,10,29,8,37,1.87
MI3148000,HOUGHTON PD,HOUGHTON PD,City,MI,2022,7644,10,0,10,0,1,1,10,1,11,1.44
PA0110000,CAMBRIA CO SO EBENSBURG,CAMBRIA CO SO EBENSBURG,County,PA,2022,0,21,0,21,2,5,7,23,5,28,
FL0500900,ATLANTIS PD ATLANTIS,ATLANTIS PD ATLANTIS,City,FL,2022,2121,10,1,11,0,4,4,10,5,15,7.07
OK0740200,DEWEY,DEWEY,City,OK,2022,3387,10,0,10,0,2,2,10,2,12,3.54
PA0235300,SPR: RIDLEY CREEK,SPR: RIDLEY CREEK,Other State Agency,PA,2022,0,3,0,3,1,0,1,4,0,4,
WV0380200,LAW ENF DIV DEPT NATRL RESOURCES MARLINTON,LAW ENF DIV DEPT NATRL RESOURCES MARLINTON,Other State Agency,WV,2022,0,1,0,1,0,0,0,1,0,1,
WI0411500,WAUWATOSA PD,WAUWATOSA PD,City,WI,2022,47149,82,5,87,10,19,29,92,24,116,2.46
OR0310100,LA GRANDE,LA GRANDE,City,OR,2022,13174,19,0,19,0,15,15,19,15,34,2.58
WI0411800,WHITEFISH BAY PD,WHITEFISH BAY PD,City,WI,2022,14549,18,0,18,4,2,6,22,2,24,1.65
GA1330000,TAYLOR CO SO BUTLER,TAYLOR CO SO BUTLER,County,GA,2022,5085,9,5,14,0,7,7,9,12,21,4.13
SC038FC00,FC: ORANGEBURG COUNTY,FC: ORANGEBURG COUNTY,Other State Agency,SC,2022,0,3,0,3,1,0,1,4,0,4,
WA0311400,STANWOOD PD,STANWOOD PD,City,WA,2022,9132,8,0,8,0,2,2,8,2,10,1.10
MO0650000,MERCER,MERCER,County,MO,2022,3458,4,1,5,0,4,4,4,5,9,2.60
CO0380000,LOGAN,LOGAN,County,CO,2022,7763,17,13,30,1,11,12,18,24,42,5.41
CA0050100,ANGELS POLICE DEPARTMENT,ANGELS POLICE DEPARTMENT,City,CA,2022,3846,6,0,6,1,1,2,7,1,8,2.08
SC0040200,BELTON PD,BELTON PD,City,SC,2022,4463,11,0,11,1,1,2,12,1,13,2.91
MN0690700,ELY PD,ELY PD,City,MN,2022,3212,7,0,7,0,1,1,7,1,8,2.49
MD0040200,UNIVERSITY OF MARYLAND PD BALTIMORE,UNIVERSITY OF MARYLAND PD BALTIMORE,University or College,MD,2022,0,64,34,98,8,70,78,72,104,176,
AL0620200,DADEVILLE PD,DADEVILLE PD,City,AL,2022,2962,8,0,8,1,1,2,9,1,10,3.38
GA0760100,PERRY PD,PERRY PD,City,GA,2022,23213,28,1,29,7,6,13,35,7,42,1.81
RI0040700,NORTH PROVIDENCE PD,NORTH PROVIDENCE PD,City,RI,2022,33809,59,3,62,3,4,7,62,7,69,2.04
VT0030000,CALEDONIA CO SO ST JOHNSBURY,CALEDONIA CO SO ST JOHNSBURY,County,VT,2022,0,4,0,4,1,1,2,5,1,6,
OH0830300,LEBANON,LEBANON,City,OH,2022,21547,27,4,31,2,6,8,29,10,39,1.81
PA0480400,EASTON PD,EASTON PD,City,PA,2022,28124,60,1,61,2,4,6,62,5,67,2.38
OH0181800,EUCLID,EUCLID,City,OH,2022,48344,94,2,96,5,10,15,99,12,111,2.30
TX0311300,PD SOUTH PADRE ISLAND,PD SOUTH PADRE ISLAND,City,TX,2022,2048,21,3,24,7,6,13,28,9,37,18.07
PA0152000,BIRMINGHAM TWP PD WEST CHESTER,BIRMINGHAM TWP PD WEST CHESTER,City,PA,2022,4070,6,0,6,0,0,0,6,0,6,1.47
MA0095400,WOBURN PD,WOBURN PD,City,MA,2022,41461,71,1,72,3,4,7,74,5,79,1.91
NH0091400,MIDDLETON PD,MIDDLETON PD,City,NH,2022,1860,3,0,3,0,0,0,3,0,3,1.61
PA0022200,ROSS TOWNSHIP PD PITTSBURGH,ROSS TOWNSHIP PD PITTSBURGH,City,PA,2022,32854,38,0,38,0,2,2,38,2,40,1.22
TX1012700,KATY PD,KATY PD,City,TX,2022,25511,64,6,70,7,14,21,71,20,91,3.57
NJ0073000,UNIV OF MEDICINE & DENTISTRY NJ PD NEWARK,UNIV OF MEDICINE & DENTISTRY NJ PD NEWARK,University or College,NJ,2022,0,48,44,92,10,38,48,58,82,140,
IN0060300,ZIONSVILLE PD,ZIONSVILLE PD,City,IN,2022,32575,34,0,34,4,1,5,38,1,39,1.20
TX0500000,CORYELL CO SO GATESVILLE,CORYELL CO SO GATESVILLE,County,TX,2022,31877,30,15,45,1,19,20,31,34,65,2.04
NC0630600,PINEBLUFF PD PINEBLUFF,PINEBLUFF PD PINEBLUFF,City,NC,2022,1522,4,0,4,0,0,0,4,0,4,2.63
WI0030400,CUMBERLAND PD,CUMBERLAND PD,City,WI,2022,2269,5,0,5,3,0,3,8,0,8,3.53
NY0593200,VILLAGE OF SLEEPY HOLLOW POLICE DEPARTMENT,VILLAGE OF SLEEPY HOLLOW POLICE DEPARTMENT,City,NY,2022,12088,26,0,26,4,0,4,30,0,30,2.48
NY0513600,HUNTINGTON BAY VILLAGE PD HALESITE,HUNTINGTON BAY VILLAGE PD HALESITE,City,NY,2022,1433,5,0,5,0,0,0,5,0,5,3.49
CA0211300,MARIN COMM COLL DIST PD KENTFIELD,MARIN COMM COLL DIST PD KENTFIELD,University or College,CA,2022,0,5,1,6,0,1,1,5,2,7,
IN0020000,ALLEN CO SO FT WAYNE,ALLEN CO SO FT WAYNE,County,IN,2022,106473,129,113,242,9,65,74,138,178,316,2.97
CA0421100,ALLAN HANCOCK COLLEGE POLICE DEPT SANTA MARIA,ALLAN HANCOCK COLLEGE POLICE DEPT SANTA MARIA,University or College,CA,2022,0,3,5,8,1,3,4,4,8,12,
PA0154500,CO DETECT BU WEST CHESTER,CO DETECT BU WEST CHESTER,Other,PA,2022,0,22,0,22,2,3,5,24,3,27,
KY0060000,BATH CO SO OWINGSVILLE,BATH CO SO OWINGSVILLE,County,KY,2022,11253,3,0,3,0,2,2,3,2,5,0.44
MO1120000,WAYNE,WAYNE,County,MO,2022,9048,8,10,18,1,9,10,9,19,28,3.09
PA0412100,,,Other State Agency,PA,2022,0,0,0,0,1,0,1,1,0,1,
VA0400000,GREENSVILLE CO SO EMPORIA,GREENSVILLE CO SO EMPORIA,County,VA,2022,11521,24,3,27,4,7,11,28,10,38,3.30
OR0080200,GOLD BEACH,GOLD BEACH,City,OR,2022,2385,5,0,5,1,1,2,6,1,7,2.94
CA0331500,CORONA PD,CORONA PD,City,CA,2022,161946,132,14,146,22,60,82,154,74,228,1.41
OK0120000,CHOCTAW,CHOCTAW,County,OK,2022,7794,6,0,6,0,1,1,6,1,7,0.90
NJ0025300,RIVER VALE PD,RIVER VALE PD,City,NJ,2022,9789,23,0,23,1,1,2,24,1,25,2.55
TX0611200,FLOWER MOUND PD FLOWER MOUND,FLOWER MOUND PD FLOWER MOUND,City,TX,2022,78167,88,11,99,10,33,43,98,44,142,1.82
TX0730800,,,Other,TX,2022,0,2,0,2,0,0,0,2,0,2,
CT0004600,EASTON PD,EASTON PD,City,CT,2022,7613,14,1,15,1,4,5,15,5,20,2.63
CA0380300,SAN FRAN STATE UNIV PD SAN FRAN,SAN FRAN STATE UNIV PD SAN FRAN,University or College,CA,2022,0,13,14,27,2,10,12,15,24,39,
MA0110400,BROOKLINE PD,BROOKLINE PD,City,MA,2022,62825,109,10,119,14,28,42,123,38,161,2.56
WI0350000,LINCOLN CO SO MERRILL,LINCOLN CO SO MERRILL,County,WI,2022,15901,26,14,40,4,24,28,30,38,68,4.28
KY0440100,GREENSBURG PD,GREENSBURG PD,City,KY,2022,2220,4,0,4,2,0,2,6,0,6,2.70
FL0521100,PINELLAS PARK PD,PINELLAS PARK PD,City,FL,2022,53045,90,9,99,18,18,36,108,27,135,2.55
NH0084200,NEWFIELDS PD,NEWFIELDS PD,City,NH,2022,1761,4,0,4,0,0,0,4,0,4,2.27
NY0022200,ANDOVER VILLAGE PD ANDOVER,ANDOVER VILLAGE PD ANDOVER,City,NY,2022,904,1,0,1,0,0,0,1,0,1,1.11
WV0490200,LAW ENF DIV DEPT NATRL RESOURCES BUCKHANNON,LAW ENF DIV DEPT NATRL RESOURCES BUCKHANNON,Other State Agency,WV,2022,0,3,0,3,0,1,1,3,1,4,
NH0101200,GRANTHAM PD,GRANTHAM PD,City,NH,2022,3497,5,0,5,0,1,1,5,1,6,1.72
TX0820300,DILLEY PD,DILLEY PD,City,TX,2022,3318,12,0,12,1,1,2,13,1,14,4.22
TN0210100,SMITHVILLE PD,SMITHVILLE PD,City,TN,2022,5242,14,0,14,0,1,1,14,1,15,2.86
CA0480200,DIXON PD,DIXON PD,City,CA,2022,19001,25,1,26,2,4,6,27,5,32,1.68
PA0042300,INDEPENDENCE TWP PD ALIQUIPPA,INDEPENDENCE TWP PD ALIQUIPPA,City,PA,2022,2203,2,0,2,0,0,0,2,0,2,0.91
NJ0033200,RIVERTON BORO PD,RIVERTON BORO PD,City,NJ,2022,2755,6,0,6,0,0,0,6,0,6,2.18
VT0050000,ESSEX CO SO GUILDHALL,ESSEX CO SO GUILDHALL,County,VT,2022,5925,4,0,4,1,0,1,5,0,5,0.84
NJ0081200,NATIONAL PARK PD,NATIONAL PARK PD,City,NJ,2022,3080,41,0,41,2,3,5,43,3,46,14.94
MN0560600,,,City,MN,2022,861,1,0,1,0,0,0,1,0,1,1.16
WV0230200,MAN PD,MAN PD,City,WV,2022,742,2,0,2,0,0,0,2,0,2,2.70
MN0271100,MINNEAPOLIS PD,MINNEAPOLIS PD,City,MN,2022,421690,501,64,565,91,88,179,592,152,744,1.76
IL0460400,MOMENCE PD,MOMENCE PD,City,IL,2022,3026,6,0,6,1,1,2,7,1,8,2.64
MO0780100,CARUTHERSVILLE,CARUTHERSVILLE,City,MO,2022,5288,14,1,15,1,1,2,15,2,17,3.21
NY0430000,ROCKLAND CO SHERIFF'S DEPT,ROCKLAND CO SHERIFF'S DEPT,County,NY,2022,14813,76,46,122,4,40,44,80,86,166,11.21
MA0072400,WESTFIELD STATE COLLEGE DPS WESTFIELD,WESTFIELD STATE COLLEGE DPS WESTFIELD,University or College,MA,2022,0,11,4,15,4,1,5,15,5,20,
GA0200200,SAINT MARYS PD,SAINT MARYS PD,City,GA,2022,18633,15,0,15,3,4,7,18,4,22,1.18
TN0820200,KINGSPORT PD,KINGSPORT PD,City,TN,2022,55799,102,8,110,10,29,39,112,37,149,2.67
AL0310000,ETOWAH CO SO GADSDEN,ETOWAH CO SO GADSDEN,County,AL,2022,30041,55,29,84,2,32,34,57,61,118,3.93
TX2000100,BALLINGER PD,BALLINGER PD,City,TX,2022,3577,9,1,10,1,2,3,10,3,13,3.63
NC0060200,BANNER ELK PD,BANNER ELK PD,City,NC,2022,1037,5,0,5,0,1,1,5,1,6,5.79
SC0420600,CHESNEE PD,CHESNEE PD,City,SC,2022,866,5,1,6,0,0,0,5,1,6,6.93
PA0401300,WILKES-BARRE PD,WILKES-BARRE PD,City,PA,2022,44497,72,1,73,2,3,5,74,4,78,1.75
IA0290200,WEST BURLINGTON PD,WEST BURLINGTON PD,City,IA,2022,3177,10,0,10,0,0,0,10,0,10,3.15
NJ0210200,ALPHA BORO PD,ALPHA BORO PD,City,NJ,2022,2348,38,0,38,0,1,1,38,1,39,16.61
LA0100200,LAKE CHARLES PD,LAKE CHARLES PD,City,LA,2022,77054,120,2,122,45,0,45,165,2,167,2.17
ND0090600,NORTH DAKOTA STATE UNIVERSITY POLICE DEPT FARGO,NORTH DAKOTA STATE UNIVERSITY POLICE DEPT FARGO,University or College,ND,2022,0,9,1,10,6,1,7,15,2,17,
NY0353700,HARRIMAN VILLAGE PD HARRIMAN,HARRIMAN VILLAGE PD HARRIMAN,City,NY,2022,2680,7,0,7,0,0,0,7,0,7,2.61
FL0350100,EUSTIS PD,EUSTIS PD,City,FL,2022,23936,33,5,38,4,9,13,37,14,51,2.13
CO0621600,UNIV NORTHERN COLORADO,UNIV NORTHERN COLORADO,University or College,CO,2022,0,14,4,18,2,3,5,16,7,23,
RI0020100,COVENTRY PD,COVENTRY PD,City,RI,2022,35730,47,5,52,4,8,12,51,13,64,1.79
MA0144000,PRINCETON PD,PRINCETON PD,City,MA,2022,3521,5,0,5,2,1,3,7,1,8,2.27
VA0500000,KING WILLIAM CO SO KING WILLIAM,KING WILLIAM CO SO KING WILLIAM,County,VA,2022,15081,19,1,20,5,9,14,24,10,34,2.25
NC0640600,SHARPSBURG PD,SHARPSBURG PD,City,NC,2022,1693,4,0,4,1,0,1,5,0,5,2.95
OK0150000,COAL,COAL,County,OK,2022,3313,5,0,5,0,3,3,5,3,8,2.41
CA0195500,POMONA PD,POMONA PD,City,CA,2022,145600,128,29,157,19,63,82,147,92,239,1.64
PA0390300,COOPERSBURG PD,COOPERSBURG PD,City,PA,2022,2496,7,0,7,0,0,0,7,0,7,2.80
SC0041000,WEST PELZER PD,WEST PELZER PD,City,SC,2022,997,3,0,3,0,0,0,3,0,3,3.01
NB0070000,BOX BUTTE CO SO ALLIANCE,BOX BUTTE CO SO ALLIANCE,County,NB,2022,2591,5,5,10,1,4,5,6,9,15,5.79
WI0050700,UNIVERSITY OF WI GREEN BAY POLICE DEPARTMENT,UNIVERSITY OF WI GREEN BAY POLICE DEPARTMENT,University or College,WI,2022,0,9,1,10,1,0,1,10,1,11,
OK0640300,CLAYTON,CLAYTON,City,OK,2022,557,2,1,3,0,3,3,2,4,6,10.77
OKDI06000,MIAMI AGENCY,MIAMI AGENCY,Tribal,OK,2022,0,4,0,4,0,0,0,4,0,4,
MI3152200,LAURIUM PD,LAURIUM PD,City,MI,2022,1942,3,0,3,0,0,0,3,0,3,1.54
MTMHP0000,MONTANA HIGHWAY PATROL HELENA,MONTANA HIGHWAY PATROL HELENA,State Police,MT,2022,0,232,26,258,20,37,57,252,63,315,
AL0400100,SULLIGENT PD,SULLIGENT PD,City,AL,2022,1806,9,0,9,1,0,1,10,0,10,5.54
MI1161900,NILES PD,NILES PD,City,MI,2022,11756,15,5,20,2,3,5,17,8,25,2.13
VA0530100,LEESBURG PD,LEESBURG PD,City,VA,2022,49395,58,2,60,11,13,24,69,15,84,1.70
OH0259900,OTTERBEIN COLLEGE,OTTERBEIN COLLEGE,University or College,OH,2022,0,9,0,9,0,0,0,9,0,9,
NB0110300,TEKAMAH PD,TEKAMAH PD,City,NB,2022,1708,5,0,5,0,0,0,5,0,5,2.93
OK007270X,,,Other,OK,2022,0,1,0,1,0,0,0,1,0,1,
MT0020000,BIG HORN CO SO HARDIN,BIG HORN CO SO HARDIN,County,MT,2022,9208,14,11,25,1,7,8,15,18,33,3.58
SC0420200,WOODRUFF PD,WOODRUFF PD,City,SC,2022,4372,10,0,10,2,1,3,12,1,13,2.97
ME0010600,MECHANIC FALLS PD,MECHANIC FALLS PD,City,ME,2022,3112,5,0,5,0,0,0,5,0,5,1.61
GA0870200,EAST DUBLIN PD,EAST DUBLIN PD,City,GA,2022,2482,5,0,5,1,1,2,6,1,7,2.82
TX0140900,CENTRAL TEXAS COLLEGE PD KILLEEN,CENTRAL TEXAS COLLEGE PD KILLEEN,University or College,TX,2022,0,5,0,5,2,1,3,7,1,8,
MA0091500,DRACUT PD,DRACUT PD,City,MA,2022,31908,42,1,43,4,3,7,46,4,50,1.57
AR0640000,SCOTT CO SO WALDRON,SCOTT CO SO WALDRON,County,AR,2022,6160,9,7,16,0,11,11,9,18,27,4.38
VA0290400,GEORGE MASON UNIVERSITY PD FAIRFAX,GEORGE MASON UNIVERSITY PD FAIRFAX,University or College,VA,2022,0,36,11,47,6,9,15,42,20,62,
CA0470000,SISKIYOU CO SO YREKA,SISKIYOU CO SO YREKA,County,CA,2022,21669,51,2,53,6,13,19,57,15,72,3.32
ID0360000,ONEIDA CO SO MALAD CITY,ONEIDA CO SO MALAD CITY,County,ID,2022,4629,7,1,8,2,4,6,9,5,14,3.02
ID0400100,KELLOGG PD,KELLOGG PD,City,ID,2022,2443,8,0,8,0,2,2,8,2,10,4.09
MS0430000,LINCOLN CO SO BROOKHAVEN,LINCOLN CO SO BROOKHAVEN,County,MS,2022,23130,28,12,40,0,18,18,28,30,58,2.51
IA0450000,HOWARD CO SO CRESCO,HOWARD CO SO CRESCO,County,IA,2022,5559,9,0,9,0,9,9,9,9,18,3.24
TX0310900,SAN BENITO PD,SAN BENITO PD,City,TX,2022,24712,39,3,42,2,4,6,41,7,48,1.94
SC0210300,COWARD PD,COWARD PD,City,SC,2022,746,1,0,1,0,0,0,1,0,1,1.34
OR001SP00,SP: BAKER COUNTY,SP: BAKER COUNTY,State Police,OR,2022,0,13,0,13,0,1,1,13,1,14,
TN0880000,VAN BUREN CO SO SPENCER,VAN BUREN CO SO SPENCER,County,TN,2022,4907,3,7,10,0,9,9,3,16,19,3.87
TN0380100,BROWNSVILLE PD,BROWNSVILLE PD,City,TN,2022,9578,34,1,35,3,4,7,37,5,42,4.39
NY0502000,ADDISON VILLAGE PD ADDISON,ADDISON VILLAGE PD ADDISON,City,NY,2022,2349,3,0,3,0,0,0,3,0,3,1.28
IL0610000,MARION CO SO SALEM,MARION CO SO SALEM,County,IL,2022,17104,14,17,31,1,5,6,15,22,37,2.16
NMDI07000,BIA LAW ENFORCEMENT SERVICES MESCALERO,BIA LAW ENFORCEMENT SERVICES MESCALERO,Tribal,NM,2022,0,11,5,16,1,4,5,12,9,21,
WA0370500,LYNDEN PD,LYNDEN PD,City,WA,2022,16275,18,1,19,1,3,4,19,4,23,1.41
WA0170000,KING COUNTY SHERIFFS OFFICE,KING COUNTY SHERIFFS OFFICE,County,WA,2022,245191,152,9,161,19,44,63,171,53,224,0.91
WA0060500,RIDGEFIELD PD,RIDGEFIELD PD,City,WA,2022,14465,12,0,12,1,2,3,13,2,15,1.04
MA0082200,UNIVERSITY OF MASSACHUSETTS PD AMHERST,UNIVERSITY OF MASSACHUSETTS PD AMHERST,University or College,MA,2022,0,48,1,49,5,11,16,53,12,65,
OK0590200,PAWNEE,PAWNEE,City,OK,2022,1935,6,2,8,0,2,2,6,4,10,5.17
UT0184800,,,City,UT,2022,60138,35,1,36,7,9,16,42,10,52,0.86
NB0200100,WEST POINT PD,WEST POINT PD,City,NB,2022,3445,6,0,6,0,1,1,6,1,7,2.03
CO0450100,LA JUNTA,LA JUNTA,City,CO,2022,7264,10,5,15,1,5,6,11,10,21,2.89
MO0957700,VINITA PARK,VINITA PARK,City,MO,2022,8852,39,0,39,2,2,4,41,2,43,4.86
NY0552700,NEW PALTZ TOWN PD NEW PALTZ,NEW PALTZ TOWN PD NEW PALTZ,City,NY,2022,14732,21,1,22,5,3,8,26,4,30,2.04
NC0750200,SALUDA POLICE DEPARTMENT,SALUDA POLICE DEPARTMENT,City,NC,2022,620,2,0,2,1,0,1,3,0,3,4.84
SD0270000,HAAKON CO SO PHILIP,HAAKON CO SO PHILIP,County,SD,2022,1092,2,0,2,0,0,0,2,0,2,1.83
AL0240200,BRANTLEY PD,BRANTLEY PD,City,AL,2022,798,4,0,4,0,0,0,4,0,4,5.01
CA0070100,ANTIOCH PD,ANTIOCH PD,City,CA,2022,114338,96,7,103,5,24,29,101,31,132,1.15
IL0960000,WAYNE CO SO FAIRFIELD,WAYNE CO SO FAIRFIELD,County,IL,2022,10135,11,8,19,0,2,2,11,10,21,2.07
NJ0181400,NORTH PLAINFIELD PD,NORTH PLAINFIELD PD,City,NJ,2022,22394,43,3,46,3,6,9,46,9,55,2.46
IL0560000,MC HENRY CO SO WOODSTOCK,MC HENRY CO SO WOODSTOCK,County,IL,2022,66394,84,171,255,20,74,94,104,245,349,5.26
KY0990000,POWELL CO SO STANTON,POWELL CO SO STANTON,County,KY,2022,8815,3,2,5,0,0,0,3,2,5,0.57
AR0090300,LAKE VILLAGE PD,LAKE VILLAGE PD,City,AR,2022,1984,6,2,8,3,3,6,9,5,14,7.06
FL0290300,TEMPLE TERRACE PD TAMPA,TEMPLE TERRACE PD TAMPA,City,FL,2022,27392,37,4,41,11,14,25,48,18,66,2.41
OR0090400,BLACK BUTTE,BLACK BUTTE,City,OR,2022,0,6,0,6,0,2,2,6,2,8,
NH0080600,BRENTWOOD PD,BRENTWOOD PD,City,NH,2022,4610,2,0,2,0,0,0,2,0,2,0.43
MN0850400,LEWISTON PD,LEWISTON PD,City,MN,2022,1517,3,0,3,0,0,0,3,0,3,1.98
PA0090700,LOWER MAKEFIELD TWP PD YARDLEY,LOWER MAKEFIELD TWP PD YARDLEY,City,PA,2022,33355,40,0,40,1,4,5,41,4,45,1.35
TN0180000,CUMBERLAND CO SO CROSSVILLE,CUMBERLAND CO SO CROSSVILLE,County,TN,2022,51342,56,27,83,5,27,32,61,54,115,2.24
AR0610000,RANDOLPH CO SO POCAHONTAS,RANDOLPH CO SO POCAHONTAS,County,AR,2022,11531,11,9,20,1,15,16,12,24,36,3.12
NB0140200,RANDOLPH PD,RANDOLPH PD,City,NB,2022,868,1,0,1,0,0,0,1,0,1,1.15
TX0490000,COOKE CO SO GAINESVILLE,COOKE CO SO GAINESVILLE,County,TX,2022,24222,28,26,54,6,24,30,34,50,84,3.47
KS0630300,CHERRYVALE PD,CHERRYVALE PD,City,KS,2022,2146,5,0,5,2,1,3,7,1,8,3.73
PA0544700,BRANCH TWP PD LLEWELLYN,BRANCH TWP PD LLEWELLYN,City,PA,2022,2406,2,0,2,0,0,0,2,0,2,0.83
AR0140000,COLUMBIA CO SO MAGNOLIA,COLUMBIA CO SO MAGNOLIA,County,AR,2022,11586,18,8,26,1,17,18,19,25,44,3.80
NJ0132200,KEYPORT PD,KEYPORT PD,City,NJ,2022,7205,20,0,20,3,1,4,23,1,24,3.33
TN0200100,PARSONS PD,PARSONS PD,City,TN,2022,2074,6,0,6,0,0,0,6,0,6,2.89
AR0750200,DANVILLE PD,DANVILLE PD,City,AR,2022,2001,5,0,5,0,1,1,5,1,6,3.00
PA0026300,EAST MC KEESPORT PD,EAST MC KEESPORT PD,City,PA,2022,2517,3,0,3,0,0,0,3,0,3,1.19
SC0400600,UNIV OF SOUTH CAROLINA PD COLUMBIA,UNIV OF SOUTH CAROLINA PD COLUMBIA,University or College,SC,2022,0,55,12,67,10,15,25,65,27,92,
NJ0152600,SEASIDE HEIGHTS PD,SEASIDE HEIGHTS PD,City,NJ,2022,2507,26,0,26,1,3,4,27,3,30,11.97
PA0491400,WATSONTOWN PD,WATSONTOWN PD,City,PA,2022,2237,5,0,5,0,0,0,5,0,5,2.24
ID0380000,PAYETTE CO SO PAYETTE,PAYETTE CO SO PAYETTE,County,ID,2022,11421,12,13,25,1,18,19,13,31,44,3.85
CT0015900,WETHERSFIELD PD,WETHERSFIELD PD,City,CT,2022,27038,40,4,44,6,8,14,46,12,58,2.15
TN0160000,COFFEE CO SO MANCHESTER,COFFEE CO SO MANCHESTER,County,TN,2022,27641,55,43,98,0,22,22,55,65,120,4.34
TX1011100,JACINTO CITY PD HOUSTON,JACINTO CITY PD HOUSTON,City,TX,2022,9190,15,0,15,2,7,9,17,7,24,2.61
NB0710000,PLATTE CO SO COLUMBUS,PLATTE CO SO COLUMBUS,County,NB,2022,10077,22,21,43,0,21,21,22,42,64,6.35
NJ0141600,LINCOLN PARK PD,LINCOLN PARK PD,City,NJ,2022,10904,23,2,25,3,4,7,26,6,32,2.93
OK0071300,COLBERT,COLBERT,City,OK,2022,1066,4,0,4,0,1,1,4,1,5,4.69
NC0921200,STATE CAPITOL PD RALEIGH,STATE CAPITOL PD RALEIGH,Other State Agency,NC,2022,0,55,20,75,11,13,24,66,33,99,
FL0031100,FLORIDA STATE UNIVERSITY POLICE DEPT,FLORIDA STATE UNIVERSITY POLICE DEPT,University or College,FL,2022,0,5,0,5,1,1,2,6,1,7,
NB0620000,MORRILL CO SO BRIDGEPORT,MORRILL CO SO BRIDGEPORT,County,NB,2022,3474,8,1,9,1,4,5,9,5,14,4.03
TX0240000,BROOKS CO SO FALFURRIAS,BROOKS CO SO FALFURRIAS,County,TX,2022,2246,16,6,22,1,13,14,17,19,36,16.03
WI0290000,JUNEAU CO SO MAUSTON,JUNEAU CO SO MAUSTON,County,WI,2022,18939,34,3,37,11,9,20,45,12,57,3.01
CA056800X,VENTURA CNTY COM COL DST,VENTURA CNTY COM COL DST,University or College,CA,2022,0,12,0,12,1,1,2,13,1,14,
WV0470100,PARSONS PD,PARSONS PD,City,WV,2022,1295,1,0,1,0,0,0,1,0,1,0.77
MA0053200,TOPSFIELD PD,TOPSFIELD PD,City,MA,2022,6581,10,0,10,2,1,3,12,1,13,1.98
MS0120100,QUITMAN PD,QUITMAN PD,City,MS,2022,1938,8,0,8,1,0,1,9,0,9,4.64
CA0390200,LODI PD,LODI PD,City,CA,2022,67576,64,4,68,9,28,37,73,32,105,1.55
MI2624200,BEAVERTON PD,BEAVERTON PD,City,MI,2022,1150,4,0,4,0,0,0,4,0,4,3.48
CA0391500,STOCKTON UNIFIED SCHOOL DIST PD STOCKTON,STOCKTON UNIFIED SCHOOL DIST PD STOCKTON,Other,CA,2022,0,19,1,20,5,10,15,24,11,35,
PA0390800,WHITEHALL TWP PD WHITEHALL,WHITEHALL TWP PD WHITEHALL,City,PA,2022,29250,42,0,42,4,5,9,46,5,51,1.74
SC0321300,COLUMBIA METRO AIRPORT PD WEST COLUMBIA,COLUMBIA METRO AIRPORT PD WEST COLUMBIA,Other,SC,2022,0,17,0,17,1,0,1,18,0,18,
AR0720000,WASHINGTON CO SO FAYETTEVILLE,WASHINGTON CO SO FAYETTEVILLE,County,AR,2022,42910,123,78,201,22,56,78,145,134,279,6.50
CT0008300,MIDDLETOWN PD,MIDDLETOWN PD,City,CT,2022,47256,99,5,104,10,11,21,109,16,125,2.65
OH0720300,FREMONT,FREMONT,City,OH,2022,15757,21,0,21,5,2,7,26,2,28,1.78
PAPPD0000,PD PITTSBURGH,PD PITTSBURGH,City,PA,2022,303137,719,7,726,118,36,154,837,43,880,2.90
PA0655300,SAINT CLAIR TWP PD SEWARD,SAINT CLAIR TWP PD SEWARD,City,PA,2022,1320,2,0,2,0,0,0,2,0,2,1.52
FL0640200,DELAND POLICE DEPARTMENT,DELAND POLICE DEPARTMENT,City,FL,2022,39924,62,4,66,6,12,18,68,16,84,2.10
MO0460300,WILLOW SPRINGS,WILLOW SPRINGS,City,MO,2022,2173,8,0,8,1,1,2,9,1,10,4.60
CA016060X,PORTERVILLE DEVELOP CENT,PORTERVILLE DEVELOP CENT,Other State Agency,CA,2022,0,41,4,45,12,5,17,53,9,62,
MI3613600,IRON CO SO CRYSTAL FALLS,IRON CO SO CRYSTAL FALLS,County,MI,2022,5917,9,5,14,0,6,6,9,11,20,3.38
NY0356300,NEWBURGH TOWN PD,NEWBURGH TOWN PD,City,NY,2022,32207,42,1,43,7,9,16,49,10,59,1.83
CT0011900,ROCKY HILL PD,ROCKY HILL PD,City,CT,2022,20692,35,5,40,6,6,12,41,11,52,2.51
UT0270300,HURRICANE PD,HURRICANE PD,City,UT,2022,23607,33,0,33,3,3,6,36,3,39,1.65
GA0110400,BIBB CO BOARD OF ED CAMPUS POLICE DEPT MACON,BIBB CO BOARD OF ED CAMPUS POLICE DEPT MACON,Other,GA,2022,0,14,0,14,5,6,11,19,6,25,
TX1940100,CLARKSVILLE PD,CLARKSVILLE PD,City,TX,2022,2786,2,0,2,0,0,0,2,0,2,0.72
UT0290500,NORTH OGDEN PD,NORTH OGDEN PD,City,UT,2022,21977,19,1,20,3,5,8,22,6,28,1.27
MI7428600,CAPAC PD,CAPAC PD,City,MI,2022,1972,1,0,1,2,0,2,3,0,3,1.52
MO0730300,NEOSHO,NEOSHO,City,MO,2022,12864,23,1,24,0,3,3,23,4,27,2.10
MS0780300,,,City,MS,2022,860,3,0,3,0,0,0,3,0,3,3.49
CA0190000,LOS ANGELES CO SO LOS ANGELES,LOS ANGELES CO SO LOS ANGELES,County,CA,2022,989221,7421,2317,9738,1764,3071,4835,9185,5388,14573,14.73
MO0240700,NORTH KANSAS CITY,NORTH KANSAS CITY,City,MO,2022,4534,36,3,39,5,9,14,41,12,53,11.69
OR013SP00,SP: HARNEY COUNTY,SP: HARNEY COUNTY,State Police,OR,2022,0,8,0,8,0,0,0,8,0,8,
WI0230000,GREEN CO SO MONROE,GREEN CO SO MONROE,County,WI,2022,17740,25,10,35,5,18,23,30,28,58,3.27
GA0602700,FULTON CO MARSHALLS DEPT ATLANTA,FULTON CO MARSHALLS DEPT ATLANTA,Other,GA,2022,0,39,2,41,17,14,31,56,16,72,
AL0030500,AL MENTAL HLTH BUREAU OF SPECIAL INVESTIGATIONS,AL MENTAL HLTH BUREAU OF SPECIAL INVESTIGATIONS,Other State Agency,AL,2022,0,3,0,3,0,1,1,3,1,4,
NB0670000,PAWNEE CO SO PAWNEE CITY,PAWNEE CO SO PAWNEE CITY,County,NB,2022,2562,3,0,3,0,1,1,3,1,4,1.56
KS0290100,DODGE CITY PD,DODGE CITY PD,City,KS,2022,27641,36,1,37,5,12,17,41,13,54,1.95
FL0130500,HOMESTEAD PD,HOMESTEAD PD,City,FL,2022,80633,101,5,106,15,28,43,116,33,149,1.85
KY0566700,,,City,KY,2022,9600,15,0,15,3,1,4,18,1,19,1.98
PA0462800,UPPER GWYNEDD TWP POLICE DEPT WEST POINT,UPPER GWYNEDD TWP POLICE DEPT WEST POINT,City,PA,2022,17179,21,0,21,1,2,3,22,2,24,1.40
TX1450000,LEON CO SO CENTERVILLE,LEON CO SO CENTERVILLE,County,TX,2022,13223,18,5,23,6,11,17,24,16,40,3.03
IL0150300,MATTOON PD,MATTOON PD,City,IL,2022,16809,38,0,38,1,4,5,39,4,43,2.56
MO1070000,TANEY,TANEY,County,MO,2022,33434,42,5,47,2,12,14,44,17,61,1.82
WIDI01500,RED CLIFF TRIBAL POLICE DEPARTMENT,RED CLIFF TRIBAL POLICE DEPARTMENT,Tribal,WI,2022,0,5,1,6,1,2,3,6,3,9,
TX0575700,,,Other,TX,2022,0,6,0,6,3,3,6,9,3,12,
NY0040100,OLEAN CITY PD OLEAN,OLEAN CITY PD OLEAN,City,NY,2022,13671,34,1,35,1,5,6,35,6,41,3.00
WI0620600,INDEPENDENCE PD,INDEPENDENCE PD,City,WI,2022,1465,1,0,1,1,0,1,2,0,2,1.37
MT0560100,BILLINGS PD,BILLINGS PD,City,MT,2022,117866,144,8,152,15,26,41,159,34,193,1.64
MA0147100,,,University or College,MA,2022,0,5,0,5,3,1,4,8,1,9,
IA0780100,COUNCIL BLUFFS PD,COUNCIL BLUFFS PD,City,IA,2022,62206,102,4,106,11,15,26,113,19,132,2.12
OK0190300,SAPULPA,SAPULPA,City,OK,2022,22447,37,1,38,7,11,18,44,12,56,2.49
NC0040400,POLKTON PD,POLKTON PD,City,NC,2022,1872,1,0,1,0,0,0,1,0,1,0.53
AL0130100,CENTRE PD,CENTRE PD,City,AL,2022,3546,11,0,11,2,1,3,13,1,14,3.95
LA0580000,VERNON CO SO LEESVILLE,VERNON CO SO LEESVILLE,County,LA,2022,38021,46,21,67,6,38,44,52,59,111,2.92
KY0550000,JACKSON CO SO MC KEE,JACKSON CO SO MC KEE,County,KY,2022,12205,6,0,6,0,2,2,6,2,8,0.66
TX1510000,LOVING CO SO MENTONE,LOVING CO SO MENTONE,County,TX,2022,48,7,0,7,0,3,3,7,3,10,208.33
OK0510000,MUSKOGEE,MUSKOGEE,County,OK,2022,21540,26,2,28,3,4,7,29,6,35,1.62
OK0500100,SULPHUR,SULPHUR,City,OK,2022,4841,9,1,10,4,1,5,13,2,15,3.10
TX0313400,PORT OF BROWNSVILLE,PORT OF BROWNSVILLE,Other,TX,2022,0,13,9,22,0,2,2,13,11,24,
MS0700100,RIPLEY PD,RIPLEY PD,City,MS,2022,5333,14,0,14,0,1,1,14,1,15,2.81
GA0460100,VIENNA PD,VIENNA PD,City,GA,2022,2830,3,0,3,2,1,3,5,1,6,2.12
IL0167A00,SOUTH HOLLAND PD,SOUTH HOLLAND PD,City,IL,2022,20626,32,1,33,9,4,13,41,5,46,2.23
CA0210600,NOVATO PD,NOVATO PD,City,CA,2022,52412,46,1,47,11,18,29,57,19,76,1.45
PA0071000,WILLIAMSBURG PD,WILLIAMSBURG PD,City,PA,2022,1222,2,0,2,0,0,0,2,0,2,1.64
TX2140200,RIO GRANDE CITY PD,RIO GRANDE CITY PD,City,TX,2022,15705,26,6,32,4,7,11,30,13,43,2.74
ME0020800,ASHLAND PD,ASHLAND PD,City,ME,2022,1184,4,0,4,0,0,0,4,0,4,3.38
MI1937800,ELSIE PD,ELSIE PD,City,MI,2022,940,0,1,1,1,0,1,1,1,2,2.13
NC0922600,ST PARK RANGER FALLS LAKE ST REC AREA RALEIGH,ST PARK RANGER FALLS LAKE ST REC AREA RALEIGH,Other State Agency,NC,2022,0,8,1,9,2,3,5,10,4,14,
TX2260000,TOM GREEN CO SO SAN ANGELO,TOM GREEN CO SO SAN ANGELO,County,TX,2022,20191,119,1,120,51,15,66,170,16,186,9.21
OH0850100,ORRVILLE,ORRVILLE,City,OH,2022,8453,12,0,12,2,1,3,14,1,15,1.77
MI7362900,OAKLEY POLICE DEPARTMENT,OAKLEY POLICE DEPARTMENT,City,MI,2022,285,1,0,1,0,0,0,1,0,1,3.51
PA0230400,CHESTER PD,CHESTER PD,City,PA,2022,32382,71,0,71,6,3,9,77,3,80,2.47
CA0490500,SANTA ROSA PD,SANTA ROSA PD,City,CA,2022,175999,140,23,163,17,56,73,157,79,236,1.34
OH0291300,SUGARCREEK TOWNSHIP,SUGARCREEK TOWNSHIP,City,OH,2022,9579,16,0,16,1,2,3,17,2,19,1.98
SC0042600,STATE TRANSPORT POLICE,STATE TRANSPORT POLICE,Other State Agency,SC,2022,0,3,0,3,1,0,1,4,0,4,
NHNSP0000,SP HDQ COMMUNICATIONS CENTER CONCORD,SP HDQ COMMUNICATIONS CENTER CONCORD,State Police,NH,2022,0,284,52,336,29,109,138,313,161,474,
AL001419E,SAMFORD UNIVERSITY,SAMFORD UNIVERSITY,University or College,AL,2022,0,14,0,14,1,2,3,15,2,17,
VT0060000,FRANKLIN CO SO ST ALBANS,FRANKLIN CO SO ST ALBANS,County,VT,2022,0,17,0,17,2,1,3,19,1,20,
AR0520600,SOUTHERN ARKANSAS UNIVERSITY TECH,SOUTHERN ARKANSAS UNIVERSITY TECH,University or College,AR,2022,0,3,0,3,0,0,0,3,0,3,
FL0420200,BELLEVIEW PD,BELLEVIEW PD,City,FL,2022,5726,10,0,10,3,2,5,13,2,15,2.62
IL0222400,WOODRIDGE PD,WOODRIDGE PD,City,IL,2022,33516,44,4,48,4,5,9,48,9,57,1.70
TN0420100,ERIN PD,ERIN PD,City,TN,2022,1209,6,2,8,0,0,0,6,2,8,6.62
TN0870100,MAYNARDVILLE PD,MAYNARDVILLE PD,City,TN,2022,2507,4,0,4,0,0,0,4,0,4,1.60
MI1811800,CLARE CO SO HARRISON,CLARE CO SO HARRISON,County,MI,2022,28099,18,0,18,2,5,7,20,5,25,0.89
PA0406000,SUGARLOAF TOWNSHIP PD SYERTSVILLE,SUGARLOAF TOWNSHIP PD SYERTSVILLE,City,PA,2022,3896,5,0,5,0,0,0,5,0,5,1.28
WV0090000,DODDRIDGE CO SO WEST UNION,DODDRIDGE CO SO WEST UNION,County,WV,2022,7024,10,0,10,0,1,1,10,1,11,1.57
TN0250100,JAMESTOWN PD,JAMESTOWN PD,City,TN,2022,1920,9,0,9,0,0,0,9,0,9,4.69
OH0250800,REYNOLDSBURG,REYNOLDSBURG,City,OH,2022,41046,54,3,57,8,11,19,62,14,76,1.85
GA0110000,BIBB CO SO MACON,BIBB CO SO MACON,County,GA,2022,156960,193,51,244,41,132,173,234,183,417,2.66
NY0282200,CANAJOHARIE VILLAGE PD CANAJOHARIE,CANAJOHARIE VILLAGE PD CANAJOHARIE,City,NY,2022,2085,4,0,4,1,0,1,5,0,5,2.40
CA0030500,SUTTER CREEK PD,SUTTER CREEK PD,City,CA,2022,2738,4,0,4,1,0,1,5,0,5,1.83
UT0021200,PERRY PD,PERRY PD,City,UT,2022,5921,7,0,7,0,1,1,7,1,8,1.35
MI5415400,MECOSTA CO SO BIG RAPIDS,MECOSTA CO SO BIG RAPIDS,County,MI,2022,30898,17,0,17,3,1,4,20,1,21,0.68
IL0140500,TRENTON PD,TRENTON PD,City,IL,2022,2630,5,0,5,1,0,1,6,0,6,2.28
OH0430600,MENTOR,MENTOR,City,OH,2022,47063,73,11,84,5,19,24,78,30,108,2.29
NH0054600,LINCOLN PD,LINCOLN PD,City,NH,2022,1652,9,4,13,0,2,2,9,6,15,9.08
IL0210200,ARTHUR PD,ARTHUR PD,City,IL,2022,2227,5,0,5,0,0,0,5,0,5,2.25
TX057A000,,,Other,TX,2022,0,3,13,16,1,11,12,4,24,28,
IN0480500,,,City,IN,2022,4974,12,0,12,1,1,2,13,1,14,2.81
NJ0161600,WOODLAND PARK PD,WOODLAND PARK PD,City,NJ,2022,13171,28,3,31,3,2,5,31,5,36,2.73
IL0700300,SULLIVAN PD,SULLIVAN PD,City,IL,2022,4385,8,0,8,0,2,2,8,2,10,2.28
MS0710000,TISHOMINGO CO SO IUKA,TISHOMINGO CO SO IUKA,County,MS,2022,15606,14,6,20,0,8,8,14,14,28,1.79
VA0650200,EXMORE PD,EXMORE PD,City,VA,2022,1432,7,0,7,0,0,0,7,0,7,4.89
IA0590000,LUCAS CO SO CHARITON,LUCAS CO SO CHARITON,County,IA,2022,8814,4,1,5,0,5,5,4,6,10,1.13
TX2462500,JARRELL POLICE DEPARTMENT,JARRELL POLICE DEPARTMENT,City,TX,2022,2469,8,0,8,1,0,1,9,0,9,3.65
UT0184000,UT TRANSIT AUTH LAW ENFORCMENT,UT TRANSIT AUTH LAW ENFORCMENT,Other,UT,2022,0,73,4,77,3,2,5,76,6,82,
TX2460000,WILLIAMSON CO SO GEORGETOWN,WILLIAMSON CO SO GEORGETOWN,County,TX,2022,201213,156,10,166,13,47,60,169,57,226,1.12
UT0184200,COTTONWOOD HEIGHTS POLICE DEPARTMENT,COTTONWOOD HEIGHTS POLICE DEPARTMENT,City,UT,2022,32191,36,1,37,3,6,9,39,7,46,1.43
AL0650200,MILLRY PD,MILLRY PD,City,AL,2022,439,1,0,1,0,0,0,1,0,1,2.28
MI2542200,GENESEE TWP PD,GENESEE TWP PD,City,MI,2022,20336,17,0,17,0,2,2,17,2,19,0.93
SC0260400,HORRY COUNTY PD CONWAY,HORRY COUNTY PD CONWAY,County,SC,2022,289788,237,6,243,33,27,60,270,33,303,1.05
AZ0090500,SNOWFLAKE-TAYLOR PD SNOWFLAKE,SNOWFLAKE-TAYLOR PD SNOWFLAKE,City,AZ,2022,10834,13,1,14,1,2,3,14,3,17,1.57
IL0600900,HIGHLAND PD,HIGHLAND PD,City,IL,2022,10026,18,0,18,2,2,4,20,2,22,2.19
IL0900400,HOPEDALE PD,HOPEDALE PD,City,IL,2022,809,1,0,1,0,0,0,1,0,1,1.24
TX1080300,EDCOUCH PD,EDCOUCH PD,City,TX,2022,2708,7,0,7,0,0,0,7,0,7,2.58
LA0200300,VILLE PLATTE PD,VILLE PLATTE PD,City,LA,2022,6387,10,0,10,2,1,3,12,1,13,2.04
FL0061400,HILLSBORO BEACH POLICE DEPARTMENT,HILLSBORO BEACH POLICE DEPARTMENT,City,FL,2022,1937,14,0,14,2,3,5,16,3,19,9.81
KS0080000,BUTLER CO SO EL DORADO,BUTLER CO SO EL DORADO,County,KS,2022,24602,48,7,55,5,8,13,53,15,68,2.76
NH0032000,MARLBOROUGH PD,MARLBOROUGH PD,City,NH,2022,2163,3,0,3,0,0,0,3,0,3,1.39
GA0580300,FORSYTH COUNTY FIRE INVESTIGATION UNIT,FORSYTH COUNTY FIRE INVESTIGATION UNIT,Other,GA,2022,0,3,0,3,0,0,0,3,0,3,
NVDI00300,RENO-SPARKS INDIAN COLONY POLICE DEPARTMENT,RENO-SPARKS INDIAN COLONY POLICE DEPARTMENT,Tribal,NV,2022,0,11,0,11,1,2,3,12,2,14,
NV0021000,UNIV OF NEVADA POLICE SERVICES LAS VEGAS,UNIV OF NEVADA POLICE SERVICES LAS VEGAS,University or College,NV,2022,0,39,9,48,6,13,19,45,22,67,
MN0160000,COOK CO SO GRAND MARAIS,COOK CO SO GRAND MARAIS,County,MN,2022,5651,9,1,10,3,7,10,12,8,20,3.54
GA1280000,STEWART CO SO LUMPKIN,STEWART CO SO LUMPKIN,County,GA,2022,2933,6,0,6,2,4,6,8,4,12,4.09
NJ0160000,PASSAIC CO SHERIFFS OFF PATERSON,PASSAIC CO SHERIFFS OFF PATERSON,County,NJ,2022,0,419,57,476,68,71,139,487,128,615,
AR0290100,HOPE PD,HOPE PD,City,AR,2022,8535,20,1,21,3,9,12,23,10,33,3.87
TX2121500,BULLARD POLICE DEPARTMENT,BULLARD POLICE DEPARTMENT,City,TX,2022,4062,10,2,12,1,2,3,11,4,15,3.69
NC0790500,REIDSVILLE PD,REIDSVILLE PD,City,NC,2022,14481,40,1,41,9,6,15,49,7,56,3.87
NC0040000,ANSON CO SO WADESBORO,ANSON CO SO WADESBORO,County,NC,2022,14551,29,4,33,1,23,24,30,27,57,3.92
CA0562200,CA STATE UNIVERSITY CHANNEL ISLANDS PD,CA STATE UNIVERSITY CHANNEL ISLANDS PD,University or College,CA,2022,0,13,1,14,3,4,7,16,5,21,
IL0100100,CHAMPAIGN PD,CHAMPAIGN PD,City,IL,2022,89815,98,8,106,11,15,26,109,23,132,1.47
OK0761500,,,University or College,OK,2022,0,1,0,1,0,0,0,1,0,1,
AR0380000,LAWRENCE CO SO WALNUT RIDGE,LAWRENCE CO SO WALNUT RIDGE,County,AR,2022,7200,18,8,26,0,11,11,18,19,37,5.14
CO0230300,RIFLE,RIFLE,City,CO,2022,10612,15,2,17,2,4,6,17,6,23,2.17
NJ0135000,UNION BEACH PD,UNION BEACH PD,City,NJ,2022,5732,17,2,19,2,1,3,19,3,22,3.84
PA0210500,WEST SHORE REGIONAL POLICE DEPARTMENT,WEST SHORE REGIONAL POLICE DEPARTMENT,City,PA,2022,7783,11,0,11,1,1,2,12,1,13,1.67
MN0610000,POPE CO SO GLENWOOD,POPE CO SO GLENWOOD,County,MN,2022,7463,10,1,11,1,6,7,11,7,18,2.41
IL0460200,KANKAKEE PD,KANKAKEE PD,City,IL,2022,23719,57,5,62,11,3,14,68,8,76,3.20
NB0220000,DAKOTA LAW ENFORCEMENT CENTER,DAKOTA LAW ENFORCEMENT CENTER,County,NB,2022,7022,16,0,16,1,2,3,17,2,19,2.71
WI0451200,ONEIDA POLICE DEPARTMENT,ONEIDA POLICE DEPARTMENT,Tribal,WI,2022,0,14,0,14,5,7,12,19,7,26,
PA0281100,SPR: CALEDONIA,SPR: CALEDONIA,Other State Agency,PA,2022,0,1,0,1,0,0,0,1,0,1,
OK0770500,MOORELAND,MOORELAND,City,OK,2022,1143,3,0,3,0,2,2,3,2,5,4.37
AL0390400,HOLLYWOOD PD,HOLLYWOOD PD,City,AL,2022,921,3,0,3,0,0,0,3,0,3,3.26
GA1440100,BLAIRSVILLE PD,BLAIRSVILLE PD,City,GA,2022,538,9,0,9,0,1,1,9,1,10,18.59
WI0320000,LA CROSSE CO SO LA CROSSE,LA CROSSE CO SO LA CROSSE,County,WI,2022,27388,37,41,78,3,24,27,40,65,105,3.83
MA0081700,WARE PD,WARE PD,City,MA,2022,10295,18,0,18,2,0,2,20,0,20,1.94
NC0720000,PERQUIMANS CO SO HERTFORD,PERQUIMANS CO SO HERTFORD,County,NC,2022,12763,23,2,25,1,2,3,24,4,28,2.19
MO1040400,DEXTER,DEXTER,City,MO,2022,7854,17,2,19,1,4,5,18,6,24,3.06
TX0070400,JOURDANTON PD,JOURDANTON PD,City,TX,2022,4179,5,0,5,4,1,5,9,1,10,2.39
MA0030500,DIGHTON PD,DIGHTON PD,City,MA,2022,8240,13,2,15,2,3,5,15,5,20,2.43
MS0400000,LEAKE CO SO CARTHAGE,LEAKE CO SO CARTHAGE,County,MS,2022,15445,14,0,14,1,2,3,15,2,17,1.10
WVWSP2800,STATE POLICE MOOREFIELD-PETERSBURG MOOREFIELD,STATE POLICE MOOREFIELD-PETERSBURG MOOREFIELD,State Police,WV,2022,0,8,1,9,0,1,1,8,2,10,
MN0620000,RAMSEY CO SO ST PAUL,RAMSEY CO SO ST PAUL,County,MN,2022,78989,186,140,326,44,72,116,230,212,442,5.60
NC0040200,LILESVILLE PD,LILESVILLE PD,City,NC,2022,405,1,1,2,0,0,0,1,1,2,4.94
WI0130300,MONONA PD,MONONA PD,City,WI,2022,8920,18,19,37,3,8,11,21,27,48,5.38
NJ0111300,WEST WINDSOR TWP PD PRINCETON JUNCTION,WEST WINDSOR TWP PD PRINCETON JUNCTION,City,NJ,2022,29452,46,5,51,3,7,10,49,12,61,2.07
MO0090200,MARBLE HILL,MARBLE HILL,City,MO,2022,1336,4,0,4,1,1,2,5,1,6,4.49
LA0330000,MADISON CO SO TALLULAH,MADISON CO SO TALLULAH,County,LA,2022,3681,29,0,29,10,0,10,39,0,39,10.59
WY0080100,TORRINGTON PD,TORRINGTON PD,City,WY,2022,6145,15,0,15,2,7,9,17,7,24,3.91
KY0890200,CENTRAL CITY PD,CENTRAL CITY PD,City,KY,2022,5884,12,0,12,0,0,0,12,0,12,2.04
MI7817800,SHIAWASSEE CO SO CORUNNA,SHIAWASSEE CO SO CORUNNA,County,MI,2022,39451,21,20,41,1,13,14,22,33,55,1.39
CT0015500,WEST HARTFORD PD,WEST HARTFORD PD,City,CT,2022,63934,105,5,110,20,17,37,125,22,147,2.30
NY0390000,PUTNAM CO SHERIFF'S DEPARTMENT CARMEL,PUTNAM CO SHERIFF'S DEPARTMENT CARMEL,County,NY,2022,47631,73,2,75,9,12,21,82,14,96,2.02
TX1000200,SILSBEE PD,SILSBEE PD,City,TX,2022,6831,17,0,17,0,6,6,17,6,23,3.37
NY0353600,TUXEDO PARK VILLAGE PD TUXEDO PARK,TUXEDO PARK VILLAGE PD TUXEDO PARK,City,NY,2022,639,3,0,3,0,1,1,3,1,4,6.26
FL0502300,NORTH PALM BEACH POLICE DEPARTMENT,NORTH PALM BEACH POLICE DEPARTMENT,City,FL,2022,13021,29,1,30,6,4,10,35,5,40,3.07
MI8244500,GROSSE ILE TWP PD GROSSE ILE,GROSSE ILE TWP PD GROSSE ILE,City,MI,2022,10550,15,0,15,1,7,8,16,7,23,2.18
WV0270700,LAW ENF DIV DEPT NATRL RESOURCES LETART,LAW ENF DIV DEPT NATRL RESOURCES LETART,Other State Agency,WV,2022,0,1,0,1,0,0,0,1,0,1,
LA0610200,BRUSLEY PD,BRUSLEY PD,City,LA,2022,2598,6,0,6,1,0,1,7,0,7,2.69
KY1160000,WAYNE CO SO MONTICELLO,WAYNE CO SO MONTICELLO,County,KY,2022,13855,13,1,14,1,1,2,14,2,16,1.15
OK0710100,FREDERICK,FREDERICK,City,OK,2022,3560,3,1,4,0,1,1,3,2,5,1.40
MN0190200,FARMINGTON PD,FARMINGTON PD,City,MN,2022,23551,21,0,21,4,3,7,25,3,28,1.19
VA0690200,SHENANDOAH PD,SHENANDOAH PD,City,VA,2022,2510,7,0,7,0,1,1,7,1,8,3.19
WI0320300,WEST SALEM PD,WEST SALEM PD,City,WI,2022,5271,10,0,10,0,1,1,10,1,11,2.09
IA0730100,CLARINDA PD,CLARINDA PD,City,IA,2022,5499,8,0,8,1,1,2,9,1,10,1.82
FL0590000,SEMINOLE CO SO SANFORD,SEMINOLE CO SO SANFORD,County,FL,2022,231003,346,290,636,94,460,554,440,750,1190,5.15
AL0460600,SHORTER POLICE DEPARTMENT SHORTER,SHORTER POLICE DEPARTMENT SHORTER,City,AL,2022,366,4,0,4,1,7,8,5,7,12,32.79
KY0160000,BUTLER CO SO MORGANTOWN,BUTLER CO SO MORGANTOWN,County,KY,2022,9803,6,1,7,0,2,2,6,3,9,0.92
TN0170000,CROCKETT CO SO ALAMO,CROCKETT CO SO ALAMO,County,TN,2022,7587,11,9,20,3,12,15,14,21,35,4.61
MN0420300,,,City,MN,2022,1367,1,0,1,0,0,0,1,0,1,0.73
NH0057400,WARREN PD,WARREN PD,City,NH,2022,840,1,0,1,0,0,0,1,0,1,1.19
TX1080100,ALAMO PD,ALAMO PD,City,TX,2022,20383,27,4,31,7,7,14,34,11,45,2.21
MI6338800,FARMINGTON PD,FARMINGTON PD,City,MI,2022,11406,21,0,21,1,1,2,22,1,23,2.02
NC0050000,ASHE CO SO JEFFERSON,ASHE CO SO JEFFERSON,County,NC,2022,24225,33,17,50,3,18,21,36,35,71,2.93
LA0350000,NATCHITOCHES CO SO NATCHITOCHES,NATCHITOCHES CO SO NATCHITOCHES,County,LA,2022,19233,71,14,85,12,42,54,83,56,139,7.23
VA0430100,HENRICO COUNTY PD,HENRICO COUNTY PD,County,VA,2022,333965,569,41,610,93,108,201,662,149,811,2.43
CO0390900,COLLBRAN,COLLBRAN,City,CO,2022,366,2,0,2,0,0,0,2,0,2,5.46
AR0720900,JOHNSON PD,JOHNSON PD,City,AR,2022,3629,7,0,7,0,0,0,7,0,7,1.93
OH0572200,RIVERSIDE,RIVERSIDE,City,OH,2022,24322,25,1,26,3,1,4,28,2,30,1.23
OH0312900,READING,READING,City,OH,2022,11177,18,0,18,2,3,5,20,3,23,2.06
IL0162400,CRESTWOOD PD,CRESTWOOD PD,City,IL,2022,10507,15,0,15,2,6,8,17,6,23,2.19
IL0310200,GREENFIELD PD,GREENFIELD PD,City,IL,2022,1028,3,0,3,0,0,0,3,0,3,2.92
NY0592900,LARCHMONT VILLAGE PD LARCHMONT,LARCHMONT VILLAGE PD LARCHMONT,City,NY,2022,6448,19,0,19,4,1,5,23,1,24,3.72
CA0040500,PARADISE PD,PARADISE PD,City,CA,2022,5860,17,2,19,1,4,5,18,6,24,4.10
NH0043000,GORHAM PD,GORHAM PD,City,NH,2022,2641,5,1,6,2,3,5,7,4,11,4.17
OK0050100,ELK CITY,ELK CITY,City,OK,2022,11417,25,1,26,2,14,16,27,15,42,3.68
TX1262000,,,Other,TX,2022,0,1,0,1,0,0,0,1,0,1,
VADMVRH00,DMV HEADQUARTERS LAW ENFORCEMENT OFF RICHMOND,DMV HEADQUARTERS LAW ENFORCEMENT OFF RICHMOND,Other State Agency,VA,2022,0,61,0,61,10,11,21,71,11,82,
SD0630300,ALCESTER PD,ALCESTER PD,City,SD,2022,774,2,0,2,0,0,0,2,0,2,2.58
TX0840900,TEXAS CITY PD,TEXAS CITY PD,City,TX,2022,56311,80,8,88,12,18,30,92,26,118,2.10
CO0191000,,,City,CO,2022,8994,3,0,3,0,0,0,3,0,3,0.33
ME0060400,WATERVILLE PD,WATERVILLE PD,City,ME,2022,15972,23,1,24,4,10,14,27,11,38,2.38
NJ0135300,WEST LONG BRANCH PD,WEST LONG BRANCH PD,City,NJ,2022,8525,19,0,19,2,1,3,21,1,22,2.58
UT0290100,OGDEN CITY PD,OGDEN CITY PD,City,UT,2022,86870,130,11,141,14,28,42,144,39,183,2.11
NC0630700,VASS PD,VASS PD,City,NC,2022,1003,4,0,4,0,0,0,4,0,4,3.99
NJ0140500,CHATHAM TWP PD CHATHAM,CHATHAM TWP PD CHATHAM,City,NJ,2022,10897,19,1,20,2,1,3,21,2,23,2.11
TN0490100,RIPLEY PD,RIPLEY PD,City,TN,2022,7772,26,2,28,2,7,9,28,9,37,4.76
KS0461200,GARDNER POLICE DEPARTMENT,GARDNER POLICE DEPARTMENT,City,KS,2022,24497,31,1,32,2,4,6,33,5,38,1.55
NV0040700,,,Other State Agency,NV,2022,0,3,0,3,0,1,1,3,1,4,
PA0463900,SPR: EVANSBURG,SPR: EVANSBURG,Other State Agency,PA,2022,0,2,0,2,0,0,0,2,0,2,
MN0271900,ROBBINSDALE PD,ROBBINSDALE PD,City,MN,2022,13907,19,1,20,2,5,7,21,6,27,1.94
OR0261800,PORTLAND STATE UNIVERSITY,PORTLAND STATE UNIVERSITY,University or College,OR,2022,0,8,7,15,2,9,11,10,16,26,
GA0690600,HALL CO MARSHALLS OFFICE GAINESVILLE,HALL CO MARSHALLS OFFICE GAINESVILLE,Other,GA,2022,0,12,0,12,2,1,3,14,1,15,
ME0120300,RICHMOND PD,RICHMOND PD,City,ME,2022,3585,2,0,2,0,0,0,2,0,2,0.56
SC018SP00,HP: DORCHESTER COUNTY,HP: DORCHESTER COUNTY,State Police,SC,2022,0,19,0,19,3,1,4,22,1,23,
PA0181600,PINE CREEK TOWNSHIP PD WOOLRICH,PINE CREEK TOWNSHIP PD WOOLRICH,City,PA,2022,5890,2,0,2,0,0,0,2,0,2,0.34
WV0190200,SHEPHERDSTOWN PD,SHEPHERDSTOWN PD,City,WV,2022,1504,5,0,5,0,1,1,5,1,6,3.99
AL0330300,RED BAY PD,RED BAY PD,City,AL,2022,3177,6,1,7,1,3,4,7,4,11,3.46
VA1010000,BUENA VISTA PD,BUENA VISTA PD,City,VA,2022,6605,15,0,15,0,1,1,15,1,16,2.42
MI4740500,FOWLERVILLE PD,FOWLERVILLE PD,City,MI,2022,2994,6,0,6,1,1,2,7,1,8,2.67
IA0070200,EVANSDALE PD WATERLOO,EVANSDALE PD WATERLOO,City,IA,2022,4486,8,0,8,0,1,1,8,1,9,2.01
NJ0050100,AVALON PD,AVALON PD,City,NJ,2022,1209,22,0,22,0,3,3,22,3,25,20.68
KS0170000,COMANCHE CO SO COLDWATER,COMANCHE CO SO COLDWATER,County,KS,2022,494,4,0,4,0,4,4,4,4,8,16.19
LA0280400,DUSON PD,DUSON PD,City,LA,2022,1296,7,0,7,0,0,0,7,0,7,5.40
MI5815800,MONROE CO SO MONROE,MONROE CO SO MONROE,County,MI,2022,117775,79,38,117,11,34,45,90,72,162,1.38
NC0830100,LAURINBURG PD LAURINBURG,LAURINBURG PD LAURINBURG,City,NC,2022,15199,35,0,35,1,2,3,36,2,38,2.50
SC0270100,HARDEEVILLE PD,HARDEEVILLE PD,City,SC,2022,9995,26,0,26,2,3,5,28,3,31,3.10
OR0070000,CROOK,CROOK,County,OR,2022,14927,36,7,43,7,13,20,43,20,63,4.22
WV0170500,STONEWOOD PD STONEWOOD,STONEWOOD PD STONEWOOD,City,WV,2022,1772,1,0,1,1,0,1,2,0,2,1.13
IN0360000,JACKSON CO SO BROWNSTOWN,JACKSON CO SO BROWNSTOWN,County,IN,2022,21442,18,29,47,0,24,24,18,53,71,3.31
IA0610000,MADISON CO SO WINTERSET,MADISON CO SO WINTERSET,County,IA,2022,11532,9,3,12,0,6,6,9,9,18,1.56
NC1000100,BURNSVILLE PD,BURNSVILLE PD,City,NC,2022,1658,8,0,8,0,0,0,8,0,8,4.83
WI0131900,COTTAGE GROVE PD,COTTAGE GROVE PD,City,WI,2022,7328,12,0,12,2,2,4,14,2,16,2.18
TX1550400,HEWITT PD,HEWITT PD,City,TX,2022,16291,23,3,26,6,9,15,29,12,41,2.52
VA0500200,WEST POINT PD,WEST POINT PD,City,VA,2022,3424,8,0,8,3,1,4,11,1,12,3.50
NY0572200,GREENWICH VILLAGE PD,GREENWICH VILLAGE PD,City,NY,2022,1666,1,0,1,0,0,0,1,0,1,0.60
MN0150200,,,City,MN,2022,466,1,0,1,0,0,0,1,0,1,2.15
KY0290100,BURKESVILLE PD,BURKESVILLE PD,City,KY,2022,1347,6,0,6,0,0,0,6,0,6,4.45
OH0182100,GATES MILLS,GATES MILLS,City,OH,2022,2231,14,0,14,3,1,4,17,1,18,8.07
IL0670100,COLUMBIA PD,COLUMBIA PD,City,IL,2022,10910,20,1,21,1,7,8,21,8,29,2.66
NY0212100,FRANKFORT VILLAGE PD FRANKFORT,FRANKFORT VILLAGE PD FRANKFORT,City,NY,2022,2307,4,0,4,0,0,0,4,0,4,1.73
CA0459100,MARSHAL'S OFFICE REDDING,MARSHAL'S OFFICE REDDING,Other,CA,2022,0,22,5,27,1,1,2,23,6,29,
NC0920200,APEX PD,APEX PD,City,NC,2022,66024,81,4,85,11,20,31,92,24,116,1.76
MI5255900,MARQUETTE PD,MARQUETTE PD,City,MI,2022,20428,29,0,29,4,5,9,33,5,38,1.86
MI7170600,ROGERS CITY PD,ROGERS CITY PD,City,MI,2022,2908,6,0,6,0,0,0,6,0,6,2.06
TX0151000,LEON VALLEY PD SAN ANTONIO,LEON VALLEY PD SAN ANTONIO,City,TX,2022,11402,31,1,32,7,0,7,38,1,39,3.42
OK0320200,WETUMKA,WETUMKA,City,OK,2022,1152,4,0,4,0,1,1,4,1,5,4.34
MN0310200,,,City,MN,2022,1979,2,0,2,0,0,0,2,0,2,1.01
MA0030600,EASTON PD,EASTON PD,City,MA,2022,25463,34,0,34,4,3,7,38,3,41,1.61
MN0290200,,,City,MN,2022,426,1,0,1,0,0,0,1,0,1,2.35
NJ0181900,SOUTH BOUND BROOK PD,SOUTH BOUND BROOK PD,City,NJ,2022,4784,12,0,12,1,1,2,13,1,14,2.93
TX1210000,JASPER COUNTY SHERIFFS OFFICE,JASPER COUNTY SHERIFFS OFFICE,County,TX,2022,23553,20,6,26,1,19,20,21,25,46,1.95
MO0482300,JACKSON COUNTY PARK RGRS,JACKSON COUNTY PARK RGRS,Other,MO,2022,0,14,1,15,4,1,5,18,2,20,
WI0090000,CHIPPEWA CO SO CHIPPEWA FALLS,CHIPPEWA CO SO CHIPPEWA FALLS,County,WI,2022,33982,41,16,57,6,30,36,47,46,93,2.74
PA0062400,CAERNARVON TWP PD MORGANTOWN,CAERNARVON TWP PD MORGANTOWN,City,PA,2022,4306,8,0,8,1,1,2,9,1,10,2.32
CA0050000,CALAVERAS CO SO SAN ANDREAS,CALAVERAS CO SO SAN ANDREAS,County,CA,2022,43340,50,23,73,8,35,43,58,58,116,2.68
TX1020200,MARSHALL PD,MARSHALL PD,City,TX,2022,22628,47,4,51,4,8,12,51,12,63,2.78
CA0040200,CHICO PD,CHICO PD,City,CA,2022,102499,82,8,90,8,42,50,90,50,140,1.37
GA1410300,WEST POINT PD,WEST POINT PD,City,GA,2022,3750,10,0,10,2,11,13,12,11,23,6.13
SC0350100,BENNETTSVILLE PD,BENNETTSVILLE PD,City,SC,2022,6891,22,0,22,7,2,9,29,2,31,4.50
TX2020200,PINELAND PD,PINELAND PD,City,TX,2022,910,3,0,3,0,0,0,3,0,3,3.30
OH0290000,GREENE,GREENE,County,OH,2022,33859,53,51,104,9,32,41,62,83,145,4.28
NY0439000,NYS PARK POLICE PALISADES REGION,NYS PARK POLICE PALISADES REGION,Other State Agency,NY,2022,0,14,0,14,1,1,2,15,1,16,
WV0400000,PUTNAM CO SO WINFIELD,PUTNAM CO SO WINFIELD,County,WV,2022,44313,31,8,39,2,5,7,33,13,46,1.04
NJ0188900,SOMERSET CNTY PROSECUTOR SOMERVILLE,SOMERSET CNTY PROSECUTOR SOMERVILLE,Other,NJ,2022,0,45,27,72,11,46,57,56,73,129,
CA0072100,CONTRA COSTA COMM COL DIST POL SRVCS PITTSBURG,CONTRA COSTA COMM COL DIST POL SRVCS PITTSBURG,University or College,CA,2022,0,18,4,22,4,7,11,22,11,33,
SC0220000,GEORGETOWN CO SO GEORGETOWN,GEORGETOWN CO SO GEORGETOWN,County,SC,2022,53826,86,21,107,4,26,30,90,47,137,2.55
KS0110100,COLUMBUS PD,COLUMBUS PD,City,KS,2022,2857,7,0,7,1,1,2,8,1,9,3.15
IL0210300,ATWOOD PD,ATWOOD PD,City,IL,2022,1116,1,0,1,0,0,0,1,0,1,0.90
CA0090100,PLACERVILLE PD,PLACERVILLE PD,City,CA,2022,10951,16,0,16,2,7,9,18,7,25,2.28
OH0490100,LONDON,LONDON,City,OH,2022,10646,17,1,18,2,3,5,19,4,23,2.16
AL0200100,SHEFFIELD PD,SHEFFIELD PD,City,AL,2022,9287,28,2,30,1,4,5,29,6,35,3.77
NJ0021400,EMERSON PD,EMERSON PD,City,NJ,2022,7215,22,2,24,0,1,1,22,3,25,3.47
CT0003200,COVENTRY PD,COVENTRY PD,City,CT,2022,12252,13,3,16,2,1,3,15,4,19,1.55
IL0820600,DUPO PD,DUPO PD,City,IL,2022,3896,8,0,8,1,0,1,9,0,9,2.31
TX0680200,ODESSA PD,ODESSA PD,City,TX,2022,110163,113,5,118,20,38,58,133,43,176,1.60
PA0020K00,WHITE OAK PD,WHITE OAK PD,City,PA,2022,7434,13,0,13,1,1,2,14,1,15,2.02
AL0490300,GUIN PD,GUIN PD,City,AL,2022,2158,5,0,5,0,1,1,5,1,6,2.78
MT0100000,DANIELS CO SO SCOBEY,DANIELS CO SO SCOBEY,County,MT,2022,1714,3,3,6,1,1,2,4,4,8,4.67
AR0661200,,,City,AR,2022,2474,3,0,3,0,0,0,3,0,3,1.21
PA0020800,DORMONT PD,DORMONT PD,City,PA,2022,8018,13,0,13,0,1,1,13,1,14,1.75
CA0470700,TULELAKE PD,TULELAKE PD,City,CA,2022,903,3,0,3,0,0,0,3,0,3,3.32
MN0730800,BELGRADE PD,BELGRADE PD,City,MN,2022,1368,2,0,2,1,0,1,3,0,3,2.19
TN0650100,WARTBURG PD,WARTBURG PD,City,TN,2022,897,4,0,4,0,0,0,4,0,4,4.46
IA0700400,WILTON PD WILTON,WILTON PD WILTON,City,IA,2022,2867,7,0,7,0,0,0,7,0,7,2.44
WA0050000,CLALLAM CO SO PORT ANGELES,CLALLAM CO SO PORT ANGELES,County,WA,2022,47260,32,1,33,4,10,14,36,11,47,0.99
TX0160100,BLANCO PD,BLANCO PD,City,TX,2022,1870,6,0,6,3,1,4,9,1,10,5.35
WI0650100,DELAVAN PD,DELAVAN PD,City,WI,2022,10193,21,2,23,5,1,6,26,3,29,2.85
PA0110300,EBENSBURG PD,EBENSBURG PD,City,PA,2022,3361,5,0,5,0,0,0,5,0,5,1.49
WV0240300,WELCH PD,WELCH PD,City,WV,2022,1858,3,0,3,0,0,0,3,0,3,1.61
WV0540400,LAW ENF DIV DEPT NATRL RESOURCES PARKERSBURG,LAW ENF DIV DEPT NATRL RESOURCES PARKERSBURG,Other State Agency,WV,2022,0,5,0,5,0,1,1,5,1,6,
MA0140600,BLACKSTONE PD,BLACKSTONE PD,City,MA,2022,9222,18,3,21,0,1,1,18,4,22,2.39
NJ0152900,SOUTH TOMS RIVER PD,SOUTH TOMS RIVER PD,City,NJ,2022,3752,10,0,10,1,1,2,11,1,12,3.20
MA0110500,CANTON PD,CANTON PD,City,MA,2022,24717,40,0,40,5,0,5,45,0,45,1.82
TN0331700,CHATTANOOGA ST TECH COM COLLEGE SECURITY OFFICE,CHATTANOOGA ST TECH COM COLLEGE SECURITY OFFICE,University or College,TN,2022,0,6,3,9,0,1,1,6,4,10,
MN0650600,,,City,MN,2022,646,2,0,2,0,0,0,2,0,2,3.10
NH0092600,STRAFFORD PD,STRAFFORD PD,City,NH,2022,4324,6,0,6,0,0,0,6,0,6,1.39
OH0252000,MINERVA PARK,MINERVA PARK,City,OH,2022,1949,8,0,8,1,1,2,9,1,10,5.13
KY0540000,HOPKINS CO SO MADISONVILLE,HOPKINS CO SO MADISONVILLE,County,KY,2022,23159,32,2,34,0,7,7,32,9,41,1.77
AR0040300,SILOAM SPRINGS PD,SILOAM SPRINGS PD,City,AR,2022,17957,46,3,49,2,10,12,48,13,61,3.40
SD0510100,RAPID CITY PD,RAPID CITY PD,City,SD,2022,78063,112,16,128,12,25,37,124,41,165,2.11
CA0240300,GUSTINE PD,GUSTINE PD,City,CA,2022,6115,7,1,8,0,1,1,7,2,9,1.47
FL0420100,OCALA PD,OCALA PD,City,FL,2022,64596,165,37,202,37,60,97,202,97,299,4.63
NB0460000,HOOKER,HOOKER,County,NB,2022,763,2,0,2,0,0,0,2,0,2,2.62
PA0364000,EAST LAMPETER TWP PD LANCASTER,EAST LAMPETER TWP PD LANCASTER,City,PA,2022,26642,35,0,35,4,2,6,39,2,41,1.54
CTDI00200,MASHANTUCKET PEQUOT TRIBAL POLICE LEDYARD,MASHANTUCKET PEQUOT TRIBAL POLICE LEDYARD,Tribal,CT,2022,0,21,8,29,3,3,6,24,11,35,
AZ0130800,YAVAPAI COLLEGE POLICE DEPARTMENT PRESCOTT,YAVAPAI COLLEGE POLICE DEPARTMENT PRESCOTT,University or College,AZ,2022,0,6,0,6,1,1,2,7,1,8,
CA0290200,NEVADA CITY PD,NEVADA CITY PD,City,CA,2022,3147,9,0,9,1,3,4,10,3,13,4.13
PA0562900,SPR: LAUREL HILL,SPR: LAUREL HILL,Other State Agency,PA,2022,0,5,0,5,1,0,1,6,0,6,
WI0170300,,,City,WI,2022,1175,2,0,2,0,0,0,2,0,2,1.70
CO0622000,LOCHBUIE,LOCHBUIE,City,CO,2022,8083,8,0,8,1,2,3,9,2,11,1.36
GA1500600,WASHINGTON COUNTY BOARD OF EDUCATION,WASHINGTON COUNTY BOARD OF EDUCATION,Other,GA,2022,0,5,0,5,2,0,2,7,0,7,
IN0450100,CEDAR LAKE PD,CEDAR LAKE PD,City,IN,2022,15271,22,0,22,1,2,3,23,2,25,1.64
NC0730000,PERSON CO SO ROXBORO,PERSON CO SO ROXBORO,County,NC,2022,31219,47,15,62,4,12,16,51,27,78,2.50
NM0300000,TORRANCE CO SO ESTANCIA,TORRANCE CO SO ESTANCIA,County,NM,2022,11175,15,3,18,1,3,4,16,6,22,1.97
TX0310000,CAMERON CO SO BROWNSVILLE,CAMERON CO SO BROWNSVILLE,County,TX,2022,96998,92,160,252,14,90,104,106,250,356,3.67
CA0361000,SAN BERNARDINO PD,SAN BERNARDINO PD,City,CA,2022,222623,218,27,245,30,86,116,248,113,361,1.62
MA008269E,SMITH COLLEGE,SMITH COLLEGE,University or College,MA,2022,0,8,4,12,2,4,6,10,8,18,
CA0100600,HURON PD,HURON PD,City,CA,2022,6243,7,0,7,1,3,4,8,3,11,1.76
PA0390100,ALLENTOWN PD,ALLENTOWN PD,City,PA,2022,125917,201,5,206,15,14,29,216,19,235,1.87
IA0050100,AUDUBON PD,AUDUBON PD,City,IA,2022,2018,3,0,3,0,0,0,3,0,3,1.49
MI8290800,CANTON TOWNSHIP PD CANTON,CANTON TOWNSHIP PD CANTON,City,MI,2022,98582,75,14,89,13,34,47,88,48,136,1.38
PA0153900,WEST VINCENT TOWNSHIP POLICE DEPARTMENT,WEST VINCENT TOWNSHIP POLICE DEPARTMENT,City,PA,2022,6947,8,0,8,0,1,1,8,1,9,1.30
MO0100100,CENTRALIA,CENTRALIA,City,MO,2022,4729,8,2,10,1,3,4,9,5,14,2.96
IL0992000,UNIVERSITY PARK PD,UNIVERSITY PARK PD,City,IL,2022,7038,12,0,12,0,1,1,12,1,13,1.85
PA0530200,GALETON PD,GALETON PD,City,PA,2022,976,1,0,1,0,0,0,1,0,1,1.02
WY0070100,LANDER PD,LANDER PD,City,WY,2022,7580,18,1,19,0,1,1,18,2,20,2.64
ND0400400,,,City,ND,2022,478,2,0,2,0,0,0,2,0,2,4.18
NJ0170400,LOWER ALLOWAYS CREEK TWP PD HANCOCKS BRIDGE,LOWER ALLOWAYS CREEK TWP PD HANCOCKS BRIDGE,City,NJ,2022,1722,12,0,12,0,0,0,12,0,12,6.97
SC0020000,AIKEN CO SO AIKEN,AIKEN CO SO AIKEN,County,SC,2022,108670,121,47,168,16,50,66,137,97,234,2.15
GA1450000,UPSON CO SO THOMASTON,UPSON CO SO THOMASTON,County,GA,2022,18142,32,16,48,3,14,17,35,30,65,3.58
IA0771800,POLK CITY PD POLK CITY,POLK CITY PD POLK CITY,City,IA,2022,5920,7,0,7,1,0,1,8,0,8,1.35
CO0540200,HAYDEN,HAYDEN,City,CO,2022,1993,3,0,3,0,0,0,3,0,3,1.51
NC0400200,SNOW HILL PD,SNOW HILL PD,City,NC,2022,1532,2,0,2,2,0,2,4,0,4,2.61
MNDI05100,BU IND AFF LAW ENF IND RESERVATION PD NETT LAKE,BU IND AFF LAW ENF IND RESERVATION PD NETT LAKE,Tribal,MN,2022,0,4,0,4,0,1,1,4,1,5,
NC0070400,CHOCOWINITY PD,CHOCOWINITY PD,City,NC,2022,720,3,0,3,0,0,0,3,0,3,4.17
IA0250700,,,City,IA,2022,1589,4,0,4,0,0,0,4,0,4,2.52
MI6516500,OGEMAW CO SO WEST BRANCH,OGEMAW CO SO WEST BRANCH,County,MI,2022,17836,17,18,35,1,4,5,18,22,40,2.24
ND0400200,ROLLA PD,ROLLA PD,City,ND,2022,1173,3,0,3,1,0,1,4,0,4,3.41
MI4452000,LAPEER PD,LAPEER PD,City,MI,2022,8924,18,1,19,2,2,4,20,3,23,2.58
CO0621000,JOHNSTOWN,JOHNSTOWN,City,CO,2022,19093,22,1,23,2,4,6,24,5,29,1.52
MA0020900,GREAT BARRINGTON PD,GREAT BARRINGTON PD,City,MA,2022,7143,14,0,14,0,1,1,14,1,15,2.10
MI0410400,ALPENA CO SO ALPENA,ALPENA CO SO ALPENA,County,MI,2022,18763,10,11,21,3,9,12,13,20,33,1.76
OK0770100,WOODWARD,WOODWARD,City,OK,2022,11876,20,2,22,3,2,5,23,4,27,2.27
GA0450100,EASTMAN PD,EASTMAN PD,City,GA,2022,5538,10,0,10,2,2,4,12,2,14,2.53
ND0530100,TIOGA,TIOGA,City,ND,2022,1922,3,0,3,1,1,2,4,1,5,2.60
VA0160100,ALTAVISTA PD,ALTAVISTA PD,City,VA,2022,3348,11,0,11,2,1,3,13,1,14,4.18
NM0100100,SANTA ROSA PD,SANTA ROSA PD,City,NM,2022,2846,8,2,10,1,4,5,9,6,15,5.27
ME0040700,CARRABSSETT VALLEY POLICE DEPARTMENT,CARRABSSETT VALLEY POLICE DEPARTMENT,City,ME,2022,698,1,0,1,0,0,0,1,0,1,1.43
TN0520000,LINCOLN CO SO FAYETTEVILLE,LINCOLN CO SO FAYETTEVILLE,County,TN,2022,28195,34,25,59,7,19,26,41,44,85,3.01
TN0830200,PORTLAND PD,PORTLAND PD,City,TN,2022,13460,34,0,34,1,4,5,35,4,39,2.90
PA0050400,SAXTON PD,SAXTON PD,City,PA,2022,716,4,0,4,0,0,0,4,0,4,5.59
MN0181100,,,City,MN,2022,2449,4,0,4,2,1,3,6,1,7,2.86
RIDI00300,NARRAGANSETT INDIAN TRIBE LAW ENFORCEMENT,NARRAGANSETT INDIAN TRIBE LAW ENFORCEMENT,Tribal,RI,2022,0,2,0,2,0,1,1,2,1,3,
GA0090100,FITZGERALD PD,FITZGERALD PD,City,GA,2022,8960,22,4,26,1,6,7,23,10,33,3.68
KY0790100,BENTON PD,BENTON PD,City,KY,2022,4771,8,0,8,0,0,0,8,0,8,1.68
NJ0071600,NUTLEY PD,NUTLEY PD,City,NJ,2022,29445,68,1,69,4,8,12,72,9,81,2.75
TX0200800,LAKE JACKSON PD,LAKE JACKSON PD,City,TX,2022,27595,44,1,45,4,19,23,48,20,68,2.46
NY0515600,SHELTER ISLAND TOWN PD SHELTER ISLAND,SHELTER ISLAND TOWN PD SHELTER ISLAND,City,NY,2022,3293,11,0,11,1,2,3,12,2,14,4.25
WV0230900,LOGAN CO DRUG/VIOLENT CRIMES TASK FORCE,LOGAN CO DRUG/VIOLENT CRIMES TASK FORCE,Other,WV,2022,0,6,0,6,0,1,1,6,1,7,
MA0094800,WATERTOWN PD,WATERTOWN PD,City,MA,2022,35088,56,5,61,15,9,24,71,14,85,2.42
WA0220600,ODESSA PD,ODESSA PD,City,WA,2022,934,1,0,1,0,0,0,1,0,1,1.07
OK0560600,DEWAR,DEWAR,City,OK,2022,761,2,0,2,0,0,0,2,0,2,2.63
IN0290400,WESTFIELD PD,WESTFIELD PD,City,IN,2022,54552,61,0,61,8,6,14,69,6,75,1.37
NB0870200,OMAHA TRIBAL PD,OMAHA TRIBAL PD,Tribal,NB,2022,0,6,10,16,0,8,8,6,18,24,
LA0620000,WEST CARROLL CO SO OAK GROVE,WEST CARROLL CO SO OAK GROVE,County,LA,2022,7561,8,4,12,1,5,6,9,9,18,2.38
IN0900000,WELLS CO SO BLUFFTON,WELLS CO SO BLUFFTON,County,IN,2022,17423,18,10,28,0,10,10,18,20,38,2.18
FL0150000,DIXIE CO SO CROSS CITY,DIXIE CO SO CROSS CITY,County,FL,2022,15824,33,16,49,5,26,31,38,42,80,5.06
NC0770300,ROCKINGHAM PD,ROCKINGHAM PD,City,NC,2022,8865,28,0,28,2,2,4,30,2,32,3.61
TN0730000,ROANE CO SO KINGSTON,ROANE CO SO KINGSTON,County,TN,2022,32262,49,25,74,2,14,16,51,39,90,2.79
TX0890400,WAELDER PD,WAELDER PD,City,TX,2022,943,4,1,5,0,0,0,4,1,5,5.30
MA0090700,BELMONT PD,BELMONT PD,City,MA,2022,26557,37,10,47,6,3,9,43,13,56,2.11
IL0561800,OAKWOOD HILLS,OAKWOOD HILLS,City,IL,2022,2085,4,0,4,0,0,0,4,0,4,1.92
KS0860000,SCOTT CO SO SCOTT CITY,SCOTT CO SO SCOTT CITY,County,KS,2022,1032,4,1,5,0,3,3,4,4,8,7.75
MD0080000,CECIL CO SO ELKTON,CECIL CO SO ELKTON,County,MD,2022,77120,76,58,134,6,40,46,82,98,180,2.33
MS0780000,WEBSTER CO SO EUPORA,WEBSTER CO SO EUPORA,County,MS,2022,7278,7,0,7,0,2,2,7,2,9,1.24
OKOHP1200,,,State Police,OK,2022,0,735,168,903,14,192,206,749,360,1109,
MN0273400,ROGERS PD,ROGERS PD,City,MN,2022,13438,16,1,17,4,3,7,20,4,24,1.79
CA0431100,MOUNTAIN VIEW PD,MOUNTAIN VIEW PD,City,CA,2022,80588,74,11,85,9,22,31,83,33,116,1.44
IL0843000,,,City,IL,2022,620,1,0,1,0,0,0,1,0,1,1.61
CADIT0800,HOOPA VALLEY TRIBAL POLICE DEPARTMENT,HOOPA VALLEY TRIBAL POLICE DEPARTMENT,Tribal,CA,2022,0,7,3,10,0,4,4,7,7,14,
AR0170300,MULBERRY PD MULBERRY,MULBERRY PD MULBERRY,City,AR,2022,1553,4,0,4,0,0,0,4,0,4,2.58
NC0320100,DURHAM PD,DURHAM PD,City,NC,2022,286377,357,36,393,71,76,147,428,112,540,1.89
IL0620100,HENRY PD,HENRY PD,City,IL,2022,2308,4,0,4,0,1,1,4,1,5,2.17
NH0053400,HANOVER PD,HANOVER PD,City,NH,2022,11778,15,5,20,2,5,7,17,10,27,2.29
OH0840000,WASHINGTON,WASHINGTON,County,OH,2022,36671,44,27,71,7,32,39,51,59,110,3.00
FL0521800,TARPON SPRINGS PD,TARPON SPRINGS PD,City,FL,2022,25997,40,2,42,8,10,18,48,12,60,2.31
CA0490900,CALIFORNIA STATE UNIV PD SONOMA,CALIFORNIA STATE UNIV PD SONOMA,University or College,CA,2022,0,9,0,9,1,2,3,10,2,12,
NV0010100,FALLON PD,FALLON PD,City,NV,2022,9359,23,0,23,1,9,10,24,9,33,3.53
MI4814800,LUCE CO SO NEWBERRY,LUCE CO SO NEWBERRY,County,MI,2022,5293,5,0,5,0,1,1,5,1,6,1.13
NJ0080300,EAST GREENWICH TWP PD CLARKSBORO,EAST GREENWICH TWP PD CLARKSBORO,City,NJ,2022,12353,21,0,21,1,1,2,22,1,23,1.86
NY0229000,THOUSAND IS ST PK & REC COMM PD ALEXANDRIA BAY,THOUSAND IS ST PK & REC COMM PD ALEXANDRIA BAY,Other State Agency,NY,2022,0,9,1,10,1,0,1,10,1,11,
FL0280000,HIGHLANDS CO SO SEBRING,HIGHLANDS CO SO SEBRING,County,FL,2022,92867,192,27,219,33,76,109,225,103,328,3.53
SD0330300,MENNO PD,MENNO PD,City,SD,2022,620,1,0,1,0,0,0,1,0,1,1.61
IN0790200,WEST LAFAYETTE PD,WEST LAFAYETTE PD,City,IN,2022,44891,39,12,51,5,8,13,44,20,64,1.43
AL0660100,CAMDEN PD,CAMDEN PD,City,AL,2022,1808,8,0,8,0,1,1,8,1,9,4.98
TX0590000,DEAF SMITH CO SO HEREFORD,DEAF SMITH CO SO HEREFORD,County,TX,2022,3640,10,30,40,1,19,20,11,49,60,16.48
NY0049000,NYS PARK POLICE ALLEGANY REGION,NYS PARK POLICE ALLEGANY REGION,Other State Agency,NY,2022,0,10,0,10,0,2,2,10,2,12,
CA0196700,SIGNAL HILL PD,SIGNAL HILL PD,City,CA,2022,11312,24,0,24,4,12,16,28,12,40,3.54
AR0721600,,,City,AR,2022,2250,5,0,5,0,0,0,5,0,5,2.22
ME0070200,ROCKLAND PD,ROCKLAND PD,City,ME,2022,7081,12,1,13,1,1,2,13,2,15,2.12
IL0840300,AUBURN PD,AUBURN PD,City,IL,2022,4463,5,0,5,0,0,0,5,0,5,1.12
CA0360900,RIALTO PD,RIALTO PD,City,CA,2022,104589,90,4,94,20,39,59,110,43,153,1.46
NV0100100,YERINGTON PD,YERINGTON PD,City,NV,2022,3200,8,0,8,0,1,1,8,1,9,2.81
NJ0190000,SUSSEX CO SHERIFFS OFF NEWTON,SUSSEX CO SHERIFFS OFF NEWTON,County,NJ,2022,0,66,17,83,8,22,30,74,39,113,
IL0680100,HILLSBORO PD,HILLSBORO PD,City,IL,2022,5860,8,0,8,0,0,0,8,0,8,1.37
AZ0072500,SCOTTSDALE PD,SCOTTSDALE PD,City,AZ,2022,243576,314,103,417,37,137,174,351,240,591,2.43
LA0210000,FRANKLIN CO SO WINNSBORO,FRANKLIN CO SO WINNSBORO,County,LA,2022,19581,79,0,79,18,0,18,97,0,97,4.95
ME0050000,HANCOCK CO SO ELLSWORTH,HANCOCK CO SO ELLSWORTH,County,ME,2022,31741,26,13,39,1,8,9,27,21,48,1.51
AR0090200,EUDORA PD,EUDORA PD,City,AR,2022,1664,4,0,4,0,2,2,4,2,6,3.61
TX2101600,,,City,TX,2022,995,1,0,1,0,0,0,1,0,1,1.01
NJ0134500,SHREWSBURY PD,SHREWSBURY PD,City,NJ,2022,4188,14,3,17,2,2,4,16,5,21,5.01
PA0330400,REYNOLDSVILLE PD,REYNOLDSVILLE PD,City,PA,2022,2501,0,0,0,1,0,1,1,0,1,0.40
TN0460100,MOUNTAIN CITY PD,MOUNTAIN CITY PD,City,TN,2022,2467,10,0,10,0,0,0,10,0,10,4.05
KS0170100,COLDWATER PD,COLDWATER PD,City,KS,2022,668,1,0,1,0,0,0,1,0,1,1.50
WI0710700,UNIV OF WI OSHKOSH POLICE,UNIV OF WI OSHKOSH POLICE,University or College,WI,2022,0,10,1,11,2,4,6,12,5,17,
GA0603700,FULTON CO SCHOOL SYST CAMPUS POL ATLANTA,FULTON CO SCHOOL SYST CAMPUS POL ATLANTA,Other,GA,2022,0,61,0,61,10,1,11,71,1,72,
IN0450800,HIGHLAND PD,HIGHLAND PD,City,IN,2022,23498,35,1,36,2,4,6,37,5,42,1.79
TX0031100,ZAVALLA POLICE DEPT,ZAVALLA POLICE DEPT,City,TX,2022,610,3,0,3,0,0,0,3,0,3,4.92
KY0990100,STANTON PD,STANTON PD,City,KY,2022,3154,8,0,8,0,0,0,8,0,8,2.54
MN0701000,,,City,MN,2022,4995,6,0,6,0,0,0,6,0,6,1.20
OH0510000,MARION,MARION,County,OH,2022,29367,32,10,42,4,16,20,36,26,62,2.11
NY201UN00,SUNY: ALBANY,SUNY: ALBANY,University or College,NY,2022,0,33,16,49,3,3,6,36,19,55,
PA0482500,WASHINGTON TWP PD BANGOR,WASHINGTON TWP PD BANGOR,City,PA,2022,5169,5,0,5,0,0,0,5,0,5,0.97
AL0021400,UNIVERSITY OF S AL PD MOBILE,UNIVERSITY OF S AL PD MOBILE,University or College,AL,2022,0,13,2,15,2,4,6,15,6,21,
MO0720400,NEW MADRID,NEW MADRID,City,MO,2022,2654,8,1,9,1,7,8,9,8,17,6.41
NV0020800,,,Other State Agency,NV,2022,0,53,6,59,6,15,21,59,21,80,
NH0056600,PLYMOUTH PD,PLYMOUTH PD,City,NH,2022,6658,10,2,12,2,5,7,12,7,19,2.85
TX1701000,MAGNOLIA PD,MAGNOLIA PD,City,TX,2022,2906,16,0,16,1,2,3,17,2,19,6.54
OR0090500,SUNRIVER,SUNRIVER,City,OR,2022,1390,7,0,7,3,1,4,10,1,11,7.91
TN0830100,GALLATIN PD,GALLATIN PD,City,TN,2022,49220,76,1,77,8,11,19,84,12,96,1.95
FL0110100,NAPLES PD,NAPLES PD,City,FL,2022,19668,53,9,62,6,19,25,59,28,87,4.42
KY0470000,HARDIN CO SO ELIZABETHTOWN,HARDIN CO SO ELIZABETHTOWN,County,KY,2022,49279,40,7,47,3,8,11,43,15,58,1.18
SC044NR00,DNR: UNION COUNTY,DNR: UNION COUNTY,Other State Agency,SC,2022,0,3,0,3,0,0,0,3,0,3,
TN0740400,CROSS PLAINS POLICE DEPARTMENT CROSS PLAINS,CROSS PLAINS POLICE DEPARTMENT CROSS PLAINS,City,TN,2022,1884,1,0,1,0,0,0,1,0,1,0.53
AK0013300,UNALASKA PD,UNALASKA PD,City,AK,2022,3908,8,5,13,2,6,8,10,11,21,5.37
OK0750000,WASHITA,WASHITA,County,OK,2022,6224,6,18,24,0,10,10,6,28,34,5.46
TN0792400,SOUTHWEST TN COMMUNITY COLLEGE,SOUTHWEST TN COMMUNITY COLLEGE,University or College,TN,2022,0,21,0,21,3,2,5,24,2,26,
PA0651300,VANDERGRIFT PD,VANDERGRIFT PD,City,PA,2022,4986,7,0,7,1,0,1,8,0,8,1.60
SC0120000,CHESTER CO SO CHESTER,CHESTER CO SO CHESTER,County,SC,2022,24207,50,24,74,7,32,39,57,56,113,4.67
NM0210500,SANTA CLARA PUEBLO PD ESPANOLA,SANTA CLARA PUEBLO PD ESPANOLA,Tribal,NM,2022,0,9,4,13,0,7,7,9,11,20,
PA0114200,SUMMERHILL TWP PD BEAVERDALE,SUMMERHILL TWP PD BEAVERDALE,City,PA,2022,2268,2,0,2,0,0,0,2,0,2,0.88
IL0800100,OLNEY PD,OLNEY PD,City,IL,2022,8681,10,0,10,1,1,2,11,1,12,1.38
MT0270000,LINCOLN CO SO LIBBY,LINCOLN CO SO LIBBY,County,MT,2022,15942,20,8,28,0,13,13,20,21,41,2.57
MN0040200,BLACKDUCK PD,BLACKDUCK PD,City,MN,2022,829,1,0,1,0,0,0,1,0,1,1.21
ID0050000,BENEWAH CO SO ST MARIES,BENEWAH CO SO ST MARIES,County,ID,2022,10211,8,8,16,8,2,10,16,10,26,2.55
PA0464900,DOUGLASS TWP PD GILBERTSVILLE,DOUGLASS TWP PD GILBERTSVILLE,City,PA,2022,10648,11,0,11,0,1,1,11,1,12,1.13
LA0580100,LEESVILLE PD,LEESVILLE PD,City,LA,2022,5382,11,0,11,6,7,13,17,7,24,4.46
MI6340800,FRANKLIN PD,FRANKLIN PD,City,MI,2022,3113,9,0,9,2,0,2,11,0,11,3.53
OK0080100,ANADARKO,ANADARKO,City,OK,2022,5865,19,1,20,1,0,1,20,1,21,3.58
SC0110100,BLACKSBURG POLICE DEPARTMENT,BLACKSBURG POLICE DEPARTMENT,City,SC,2022,1886,8,0,8,1,0,1,9,0,9,4.77
MA0093000,MEDFORD PD,MEDFORD PD,City,MA,2022,64122,85,9,94,12,9,21,97,18,115,1.79
MO0730200,GRANBY,GRANBY,City,MO,2022,2086,2,0,2,1,0,1,3,0,3,1.44
TX1300100,BOERNE PD,BOERNE PD,City,TX,2022,20488,41,8,49,5,12,17,46,20,66,3.22
MN0770100,LONG PRAIRIE PD,LONG PRAIRIE PD,City,MN,2022,3743,5,0,5,0,0,0,5,0,5,1.34
KY0120200,BROOKSVILLE PD,BROOKSVILLE PD,City,KY,2022,662,1,1,2,0,0,0,1,1,2,3.02
IL0221900,WEST CHICAGO PD,WEST CHICAGO PD,City,IL,2022,25172,43,2,45,3,3,6,46,5,51,2.03
NM0130300,JAL PD,JAL PD,City,NM,2022,2099,8,1,9,0,7,7,8,8,16,7.62
NC036149E,BELMONT ABBEY CAMPUS POLICE,BELMONT ABBEY CAMPUS POLICE,University or College,NC,2022,0,6,0,6,2,0,2,8,0,8,
CA0301500,ORANGE PD,ORANGE PD,City,CA,2022,135862,136,34,170,11,47,58,147,81,228,1.68
WI0420200,SPARTA,SPARTA,City,WI,2022,9901,21,1,22,3,2,5,24,3,27,2.73
TX1690000,MONTAGUE CO SO MONTAGUE,MONTAGUE CO SO MONTAGUE,County,TX,2022,11294,12,9,21,1,8,9,13,17,30,2.66
PADTF010X,,,Other,PA,2022,0,2,0,2,0,0,0,2,0,2,
OK0650000,ROGER MILLS,ROGER MILLS,County,OK,2022,2903,6,1,7,1,4,5,7,5,12,4.13
NJ0161300,WANAQUE PD,WANAQUE PD,City,NJ,2022,11089,22,2,24,2,3,5,24,5,29,2.62
KS0330000,GRAHAM CO SO HILL CITY,GRAHAM CO SO HILL CITY,County,KS,2022,1004,3,1,4,0,4,4,3,5,8,7.97
MD0200100,CRISFIELD PD,CRISFIELD PD,City,MD,2022,2447,8,0,8,0,3,3,8,3,11,4.50
MO0952500,ELLISVILLE,ELLISVILLE,City,MO,2022,9890,23,0,23,1,1,2,24,1,25,2.53
MI8293900,METROPOLITAN AIRPORT PD DETROIT,METROPOLITAN AIRPORT PD DETROIT,Other,MI,2022,0,78,13,91,12,12,24,90,25,115,
SC0410200,RIDGE SPRING PD,RIDGE SPRING PD,City,SC,2022,577,3,0,3,0,0,0,3,0,3,5.20
WI0140900,WAUPUN PD,WAUPUN PD,City,WI,2022,11530,15,0,15,2,2,4,17,2,19,1.65
TN0670100,LIVINGSTON PD,LIVINGSTON PD,City,TN,2022,4047,13,1,14,1,5,6,14,6,20,4.94
AL0240100,LUVERNE PD,LUVERNE PD,City,AL,2022,2658,10,0,10,1,1,2,11,1,12,4.51
IA0530000,JONES CO SO ANAMOSA,JONES CO SO ANAMOSA,County,IA,2022,11500,10,3,13,1,14,15,11,17,28,2.43
OH0570100,CENTERVILLE,CENTERVILLE,City,OH,2022,25249,35,0,35,7,16,23,42,16,58,2.30
TX0760000,FISHER CO SO ROBY,FISHER CO SO ROBY,County,TX,2022,3757,6,3,9,0,7,7,6,10,16,4.26
NV0040500,WEST WENDOVER POLICE DEPARTMENT WENDOVER,WEST WENDOVER POLICE DEPARTMENT WENDOVER,City,NV,2022,4473,13,2,15,1,6,7,14,8,22,4.92
WA0360200,COLLEGE PLACE PD,COLLEGE PLACE PD,City,WA,2022,9907,13,1,14,0,2,2,13,3,16,1.62
MI2553500,LINDEN PD,LINDEN PD,City,MI,2022,4168,6,0,6,0,0,0,6,0,6,1.44
AL0180000,CLEBURNE CO SO HEFLIN,CLEBURNE CO SO HEFLIN,County,AL,2022,11405,13,8,21,0,7,7,13,15,28,2.46
OR021SP00,SP: LINCOLN COUNTY,SP: LINCOLN COUNTY,State Police,OR,2022,0,16,0,16,2,1,3,18,1,19,
PA0463500,NARBERTH PD,NARBERTH PD,City,PA,2022,4492,3,1,4,1,0,1,4,1,5,1.11
GA0920000,LOWNDES CO SO VALDOSTA,LOWNDES CO SO VALDOSTA,County,GA,2022,58865,113,62,175,8,40,48,121,102,223,3.79
MO0501500,BYRNES MILL,BYRNES MILL,City,MO,2022,3160,11,1,12,1,1,2,12,2,14,4.43
NY0410000,RENSSELAER CO SHERIFF'S DEPARTMENT TROY,RENSSELAER CO SHERIFF'S DEPARTMENT TROY,County,NY,2022,55758,39,2,41,4,6,10,43,8,51,0.91
PA0420100,BRADFORD PD,BRADFORD PD,City,PA,2022,7635,19,0,19,1,0,1,20,0,20,2.62
TX0432000,LAVON POLICE DEPARTMENT LAVON,LAVON POLICE DEPARTMENT LAVON,City,TX,2022,6277,13,0,13,2,1,3,15,1,16,2.55
TX2380100,MONAHANS PD,MONAHANS PD,City,TX,2022,7185,12,3,15,1,4,5,13,7,20,2.78
WI0681000,CHENEQUA PD HARTLAND,CHENEQUA PD HARTLAND,City,WI,2022,540,8,0,8,0,0,0,8,0,8,14.81
MS0150100,CRYSTAL SPRINGS PD,CRYSTAL SPRINGS PD,City,MS,2022,4696,12,0,12,0,4,4,12,4,16,3.41
PA0101800,BUFFALO TWP PD SARVER,BUFFALO TWP PD SARVER,City,PA,2022,7974,9,0,9,0,0,0,9,0,9,1.13
KS0400200,HESSTON PD,HESSTON PD,City,KS,2022,3493,8,0,8,0,1,1,8,1,9,2.58
TN0280500,ELKTON PD,ELKTON PD,City,TN,2022,549,2,0,2,0,0,0,2,0,2,3.64
PA0027500,JEFFERSON HILLS PD JEFFERSON HILLS,JEFFERSON HILLS PD JEFFERSON HILLS,City,PA,2022,12314,19,1,20,2,1,3,21,2,23,1.87
KS0760200,KS DEPT WILDLIFE & PARK LAW ENFORCE DIV PRATT,KS DEPT WILDLIFE & PARK LAW ENFORCE DIV PRATT,Other State Agency,KS,2022,0,158,0,158,8,2,10,166,2,168,
NY0043300,SALAMANCA CITY PD SALAMANCA,SALAMANCA CITY PD SALAMANCA,City,NY,2022,5837,14,0,14,2,0,2,16,0,16,2.74
NY0515200,EAST HAMPTON TOWN PD,EAST HAMPTON TOWN PD,City,NY,2022,25765,54,12,66,9,15,24,63,27,90,3.49
NJ0121900,SAYREVILLE PD,SAYREVILLE PD,City,NJ,2022,44981,80,10,90,9,7,16,89,17,106,2.36
TX0614700,,,Other,TX,2022,0,15,2,17,3,0,3,18,2,20,
NJ0131900,HOWELL TWP PD FARMINGDALE,HOWELL TWP PD FARMINGDALE,City,NJ,2022,54073,87,8,95,6,9,15,93,17,110,2.03
AL0520200,HARTSELLE PD,HARTSELLE PD,City,AL,2022,15626,28,0,28,4,1,5,32,1,33,2.11
FL0135100,SUNNY ISLES BEACH POLICE DEPARTMENT,SUNNY ISLES BEACH POLICE DEPARTMENT,City,FL,2022,21908,46,3,49,11,8,19,57,11,68,3.10
WI0110300,COLUMBUS PD,COLUMBUS PD,City,WI,2022,5478,6,0,6,2,2,4,8,2,10,1.83
IA0230300,DE WITT PD,DE WITT PD,City,IA,2022,5528,9,0,9,0,1,1,9,1,10,1.81
VT0030200,LYNDONVILLE PD,LYNDONVILLE PD,City,VT,2022,1200,2,0,2,0,0,0,2,0,2,1.67
WV0310400,WESTOVER PD,WESTOVER PD,City,WV,2022,4096,14,0,14,0,0,0,14,0,14,3.42
IL0990000,WILL CO SO JOLIET,WILL CO SO JOLIET,County,IL,2022,103179,207,288,495,11,135,146,218,423,641,6.21
MT0540000,WHEATLAND CO SO HARLOWTON,WHEATLAND CO SO HARLOWTON,County,MT,2022,2026,7,3,10,1,2,3,8,5,13,6.42
ME0090500,PARIS PD,PARIS PD,City,ME,2022,5349,6,0,6,2,0,2,8,0,8,1.50
PA0222600,CO CRIM INV DIV HARRISBURG,CO CRIM INV DIV HARRISBURG,Other,PA,2022,0,8,0,8,1,1,2,9,1,10,
MS0250300,CLINTON PD,CLINTON PD,City,MS,2022,27001,47,5,52,5,15,20,52,20,72,2.67
GA0380200,GRANTVILLE PD,GRANTVILLE PD,City,GA,2022,3446,11,0,11,1,1,2,12,1,13,3.77
MI7017000,OTTAWA CO SO GRAND HAVEN,OTTAWA CO SO GRAND HAVEN,County,MI,2022,258736,122,60,182,19,32,51,141,92,233,0.90
CA0410600,DALY CITY PD,DALY CITY PD,City,CA,2022,98021,76,12,88,9,15,24,85,27,112,1.14
NC0550000,LINCOLN CO SO LINCOLNTON,LINCOLN CO SO LINCOLNTON,County,NC,2022,81018,129,26,155,3,32,35,132,58,190,2.35
PA0024900,BELL ACRES PD,BELL ACRES PD,City,PA,2022,1478,5,0,5,0,0,0,5,0,5,3.38
PA0430000,MERCER CO SO MERCER,MERCER CO SO MERCER,County,PA,2022,0,12,0,12,2,3,5,14,3,17,
TX0570600,COCKRELL HILL PD DALLAS,COCKRELL HILL PD DALLAS,City,TX,2022,3687,15,2,17,2,4,6,17,6,23,6.24
OH0670300,KENT,KENT,City,OH,2022,27723,39,2,41,4,12,16,43,14,57,2.06
MA0111300,MEDWAY PD,MEDWAY PD,City,MA,2022,13261,22,0,22,3,0,3,25,0,25,1.89
CT0008900,NEW BRITAIN PD,NEW BRITAIN PD,City,CT,2022,73621,141,1,142,14,5,19,155,6,161,2.19
LA0500300,PARKS PD,PARKS PD,City,LA,2022,634,4,0,4,1,0,1,5,0,5,7.89
NJ0023900,NORTH ARLINGTON PD,NORTH ARLINGTON PD,City,NJ,2022,16259,30,4,34,2,3,5,32,7,39,2.40
FL0521900,TREASURE ISLAND PD,TREASURE ISLAND PD,City,FL,2022,6537,13,1,14,6,4,10,19,5,24,3.67
SC0370300,WESTMINSTER PD,WESTMINSTER PD,City,SC,2022,2374,6,0,6,1,0,1,7,0,7,2.95
NB0160000,CHERRY CO SO VALENTINE,CHERRY CO SO VALENTINE,County,NB,2022,2854,4,0,4,0,1,1,4,1,5,1.75
TN0590300,CORNERSVILLE PD,CORNERSVILLE PD,City,TN,2022,1267,2,0,2,0,0,0,2,0,2,1.58
MD0160000,MONTGOMERY CO SO ROCKVILLE,MONTGOMERY CO SO ROCKVILLE,County,MD,2022,0,117,3,120,26,26,52,143,29,172,
MO0950H00,MARYLAND HEIGHTS,MARYLAND HEIGHTS,City,MO,2022,27795,72,5,77,6,14,20,78,19,97,3.49
AL0580000,SHERIFF'S OFFICE ASHVILLE,SHERIFF'S OFFICE ASHVILLE,County,AL,2022,35405,48,28,76,1,52,53,49,80,129,3.64
IL0169A00,STICKNEY PD,STICKNEY PD,City,IL,2022,6841,24,2,26,4,1,5,28,3,31,4.53
GA0080500,WHITE,WHITE,City,GA,2022,661,3,0,3,0,0,0,3,0,3,4.54
AL0011400,PLEASANT GROVE PD,PLEASANT GROVE PD,City,AL,2022,9454,14,2,16,1,3,4,15,5,20,2.12
SC0070100,BEAUFORT PD,BEAUFORT PD,City,SC,2022,13003,33,0,33,14,4,18,47,4,51,3.92
IA0790000,POWESHIEK CO SO MONTEZUMA,POWESHIEK CO SO MONTEZUMA,County,IA,2022,9071,12,2,14,0,9,9,12,11,23,2.54
KY0160100,MORGANTOWN PD,MORGANTOWN PD,City,KY,2022,2459,8,0,8,0,0,0,8,0,8,3.25
MA0112300,STOUGHTON PD,STOUGHTON PD,City,MA,2022,29204,47,5,52,12,5,17,59,10,69,2.36
NH0085400,NOTTINGHAM PD,NOTTINGHAM PD,City,NH,2022,5358,6,0,6,1,1,2,7,1,8,1.49
KS0930000,STAFFORD CO SO ST JOHN,STAFFORD CO SO ST JOHN,County,KS,2022,1437,6,2,8,0,3,3,6,5,11,7.65
CA0192800,HAWTHORNE PD,HAWTHORNE PD,City,CA,2022,84283,79,17,96,10,30,40,89,47,136,1.61
NB0890100,BLAIR PD,BLAIR PD,City,NB,2022,7855,15,0,15,1,2,3,16,2,18,2.29
IL0170300,ROBINSON PD,ROBINSON PD,City,IL,2022,7189,14,0,14,1,1,2,15,1,16,2.23
NC0920800,WENDELL PD,WENDELL PD,City,NC,2022,13408,18,1,19,1,4,5,19,5,24,1.79
FL0133100,FL INTERNATIONAL UNIVERSITY PD MIAMI,FL INTERNATIONAL UNIVERSITY PD MIAMI,University or College,FL,2022,0,57,14,71,9,16,25,66,30,96,
MT0370100,CONRAD PD,CONRAD PD,City,MT,2022,2398,5,0,5,0,0,0,5,0,5,2.09
FL0360300,SANIBEL PD,SANIBEL PD,City,FL,2022,6495,22,6,28,4,10,14,26,16,42,6.47
MA0040600,TISBURY POLICE DEPARTMENT,TISBURY POLICE DEPARTMENT,City,MA,2022,5079,13,0,13,1,2,3,14,2,16,3.15
MA0062100,SHELBURNE PD,SHELBURNE PD,City,MA,2022,1891,3,0,3,0,0,0,3,0,3,1.59
PA0020000,ALLEGHENY COUNTY SHERIFFS OFFICE,ALLEGHENY COUNTY SHERIFFS OFFICE,County,PA,2022,0,139,10,149,26,21,47,165,31,196,
AL0021200,CREOLA PD,CREOLA PD,City,AL,2022,1936,7,0,7,0,5,5,7,5,12,6.20
PAPEP0000,PHILADELPHIA POLICE DEPARTMENT POLICE ADMIN,PHILADELPHIA POLICE DEPARTMENT POLICE ADMIN,City,PA,2022,1555812,4561,294,4855,1239,1090,2329,5800,1384,7184,4.62
IL0290200,CANTON PD,CANTON PD,City,IL,2022,13291,19,4,23,1,6,7,20,10,30,2.26
MI3069200,READING PD,READING PD,City,MI,2022,1077,2,0,2,0,0,0,2,0,2,1.86
IL0821500,NEW ATHENS PD,NEW ATHENS PD,City,IL,2022,1902,3,0,3,1,0,1,4,0,4,2.10
AL0620300,CAMP HILL PD,CAMP HILL PD,City,AL,2022,977,3,0,3,0,0,0,3,0,3,3.07
ID0060400,SHELLEY PD,SHELLEY PD,City,ID,2022,5232,9,0,9,0,0,0,9,0,9,1.72
TX1460000,LIBERTY CO SO LIBERTY,LIBERTY CO SO LIBERTY,County,TX,2022,77093,67,28,95,12,67,79,79,95,174,2.26
NJ0152500,POINT PLEASANT BEACH PD,POINT PLEASANT BEACH PD,City,NJ,2022,4903,24,3,27,1,3,4,25,6,31,6.32
NJ0120400,EAST BRUNSWICK TWP PD EAST BRUNSWICK,EAST BRUNSWICK TWP PD EAST BRUNSWICK,City,NJ,2022,49038,78,6,84,6,22,28,84,28,112,2.28
OR029SP00,SP: TILLAMOOK COUNTY,SP: TILLAMOOK COUNTY,State Police,OR,2022,0,11,0,11,0,1,1,11,1,12,
ME0101800,UNIVERSITY OF MAINE PD ORONO,UNIVERSITY OF MAINE PD ORONO,University or College,ME,2022,0,10,8,18,1,2,3,11,10,21,
GA0740000,HEARD CO SO FRANKLIN,HEARD CO SO FRANKLIN,County,GA,2022,10780,15,10,25,4,7,11,19,17,36,3.34
MS0370000,LAMAR CO SO PURVIS,LAMAR CO SO PURVIS,County,MS,2022,53991,47,30,77,1,22,23,48,52,100,1.85
TX0380100,CHILDRESS PD,CHILDRESS PD,City,TX,2022,5915,10,0,10,2,1,3,12,1,13,2.20
MI4596900,GRAND TRAVERSE TRIBAL PD SUTTONS BAY,GRAND TRAVERSE TRIBAL PD SUTTONS BAY,Tribal,MI,2022,0,9,0,9,2,5,7,11,5,16,
WA0110000,FRANKLIN CO SO PASCO,FRANKLIN CO SO PASCO,County,WA,2022,14971,26,35,61,4,22,26,30,57,87,5.81
NC0070000,BEAUFORT CO SO WASHINGTON,BEAUFORT CO SO WASHINGTON,County,NC,2022,32346,45,6,51,3,24,27,48,30,78,2.41
IL0163B00,SUMMIT PD,SUMMIT PD,City,IL,2022,10658,29,0,29,1,2,3,30,2,32,3.00
OH0670200,,,City,OH,2022,2475,5,0,5,1,0,1,6,0,6,2.42
OK0401400,HOWE,HOWE,City,OK,2022,630,1,0,1,0,1,1,1,1,2,3.17
UT0060900,WEST BOUNTIFUL POLICE DEPARTMENT,WEST BOUNTIFUL POLICE DEPARTMENT,City,UT,2022,5981,11,0,11,0,1,1,11,1,12,2.01
NB0880100,ORD PD,ORD PD,City,NB,2022,2114,4,0,4,0,0,0,4,0,4,1.89
LA0500200,ST MARTINVILLE PD,ST MARTINVILLE PD,City,LA,2022,5402,16,0,16,2,4,6,18,4,22,4.07
FL0133700,DADE CO PUBLIC SCHOOLS SECURITY DEPT MIAMI,DADE CO PUBLIC SCHOOLS SECURITY DEPT MIAMI,Other,FL,2022,0,330,18,348,143,30,173,473,48,521,
IL0160300,BARRINGTON PD,BARRINGTON PD,City,IL,2022,10614,19,0,19,4,4,8,23,4,27,2.54
VA0170100,BOWLING GREEN PD,BOWLING GREEN PD,City,VA,2022,1187,2,0,2,0,0,0,2,0,2,1.68
IA0960100,DECORAH PD,DECORAH PD,City,IA,2022,7764,11,0,11,2,1,3,13,1,14,1.80
TX1082600,,,Other,TX,2022,0,55,8,63,7,4,11,62,12,74,
AL0051000,ELBERTA PD,ELBERTA PD,City,AL,2022,2036,8,0,8,0,1,1,8,1,9,4.42
TX1830400,,,University or College,TX,2022,0,3,0,3,1,0,1,4,0,4,
OH0772000,BATH TOWNSHIP,BATH TOWNSHIP,City,OH,2022,9922,21,2,23,1,6,7,22,8,30,3.02
CA0560900,SIMI VALLEY PD,SIMI VALLEY PD,City,CA,2022,125585,101,15,116,10,42,52,111,57,168,1.34
NY0143700,,,Other,NY,2022,0,69,0,69,12,4,16,81,4,85,
MS0680000,TALLAHATCHIE CO SO CHARLESTON,TALLAHATCHIE CO SO CHARLESTON,County,MS,2022,9727,9,6,15,0,6,6,9,12,21,2.16
AZ0030300,FREDONIA MARSHALS OFFICE FREDONIA,FREDONIA MARSHALS OFFICE FREDONIA,City,AZ,2022,1330,1,0,1,0,0,0,1,0,1,0.75
OK0010100,STILWELL,STILWELL,City,OK,2022,3651,12,2,14,2,4,6,14,6,20,5.48
AL0540300,REFORM PD,REFORM PD,City,AL,2022,1472,2,0,2,1,0,1,3,0,3,2.04
WV0480500,LAW ENF DIV DEPT NATRL RESOURCES MIDDLEBOURNE,LAW ENF DIV DEPT NATRL RESOURCES MIDDLEBOURNE,Other State Agency,WV,2022,0,0,0,0,1,0,1,1,0,1,
MD0100000,DORCHESTER CO SO CAMBRIDGE,DORCHESTER CO SO CAMBRIDGE,County,MD,2022,17366,35,0,35,4,4,8,39,4,43,2.48
MI8118100,WASHTENAW CO SO ANN ARBOR,WASHTENAW CO SO ANN ARBOR,County,MI,2022,160941,111,87,198,14,75,89,125,162,287,1.78
SD0340000,HYDE CO SO HIGHMORE,HYDE CO SO HIGHMORE,County,SD,2022,1222,1,0,1,0,0,0,1,0,1,0.82
VA0290100,FAIRFAX COUNTY PD,FAIRFAX COUNTY PD,County,VA,2022,1094682,1071,122,1193,233,176,409,1304,298,1602,1.46
TX2470800,FLORESVILLE ISD POLICE DEPARTMENT,FLORESVILLE ISD POLICE DEPARTMENT,Other,TX,2022,0,5,0,5,1,1,2,6,1,7,
NJ0225400,NEW JERSEY STATE PARK POLICE,NEW JERSEY STATE PARK POLICE,Other State Agency,NJ,2022,0,69,0,69,11,1,12,80,1,81,
FL0200500,MIDWAY POLICE DEPARTMENT MIDWAY,MIDWAY POLICE DEPARTMENT MIDWAY,City,FL,2022,3422,3,0,3,1,1,2,4,1,5,1.46
TN0570800,JACKSON ST COMMUNITY COLLEGE SECURITY OFFICE,JACKSON ST COMMUNITY COLLEGE SECURITY OFFICE,University or College,TN,2022,0,2,0,2,0,0,0,2,0,2,
PA0050200,EVERETT BORO PD,EVERETT BORO PD,City,PA,2022,1761,2,2,4,0,0,0,2,2,4,2.27
MA0145600,WEST BROOKFIELD PD,WEST BROOKFIELD PD,City,MA,2022,3830,6,0,6,0,1,1,6,1,7,1.83
NJ0191200,HOPATCONG BORO PD,HOPATCONG BORO PD,City,NJ,2022,14561,26,1,27,2,6,8,28,7,35,2.40
ME0160100,BIDDEFORD PD,BIDDEFORD PD,City,ME,2022,22647,46,10,56,5,13,18,51,23,74,3.27
IA0090600,,,City,IA,2022,1940,3,0,3,0,0,0,3,0,3,1.55
CA0130200,CALEXICO PD,CALEXICO PD,City,CA,2022,38515,20,6,26,3,11,14,23,17,40,1.04
TX1610900,BAY CITY INDEPENDENT SCHOOL DISTRICT PD,BAY CITY INDEPENDENT SCHOOL DISTRICT PD,Other,TX,2022,0,5,0,5,3,1,4,8,1,9,
MI3633800,CRYSTAL FALLS PD,CRYSTAL FALLS PD,City,MI,2022,1596,1,0,1,1,0,1,2,0,2,1.25
MI0868500,PRAIRIEVILLE TWP PD DELTON,PRAIRIEVILLE TWP PD DELTON,City,MI,2022,3411,2,0,2,0,0,0,2,0,2,0.59
PA0064300,BRECKNOCK TWP PD MOHNTON,BRECKNOCK TWP PD MOHNTON,City,PA,2022,4599,5,0,5,0,0,0,5,0,5,1.09
TX1081000,MISSION PD,MISSION PD,City,TX,2022,86577,152,28,180,18,19,37,170,47,217,2.51
SC0082600,STATE TRANSPORT POLICE,STATE TRANSPORT POLICE,Other State Agency,SC,2022,0,1,0,1,0,0,0,1,0,1,
NJ0142700,MOUNT OLIVE TWP PD BUDD LAKE,MOUNT OLIVE TWP PD BUDD LAKE,City,NJ,2022,28970,48,9,57,4,2,6,52,11,63,2.17
NY0357300,BLOOMING GROVE TOWN PD BLOOMING GROVE,BLOOMING GROVE TOWN PD BLOOMING GROVE,City,NY,2022,13073,18,0,18,0,1,1,18,1,19,1.45
OK0610100,HARTSHORNE,HARTSHORNE,City,OK,2022,1904,5,0,5,0,2,2,5,2,7,3.68
OH0280300,BURTON,BURTON,City,OH,2022,1404,4,0,4,0,0,0,4,0,4,2.85
OH0620400,,,City,OH,2022,1353,3,0,3,2,0,2,5,0,5,3.70
NC0110500,MONTREAT PD,MONTREAT PD,City,NC,2022,871,3,0,3,2,0,2,5,0,5,5.74
VT0110000,RUTLAND COUNTY SHERIFFS DEPARTMENT,RUTLAND COUNTY SHERIFFS DEPARTMENT,County,VT,2022,0,12,1,13,5,4,9,17,5,22,
TX2140100,LA GRULLA POLICE DEPARTMENT,LA GRULLA POLICE DEPARTMENT,City,TX,2022,1208,3,0,3,1,1,2,4,1,5,4.14
OH0470500,LORAIN,LORAIN,City,OH,2022,65536,104,5,109,6,10,16,110,15,125,1.91
NJ0143100,PEQUANNOCK TWP PD PEQUANNOCK,PEQUANNOCK TWP PD PEQUANNOCK,City,NJ,2022,15560,32,0,32,0,5,5,32,5,37,2.38
OK036015A,,,Other,OK,2022,0,3,0,3,0,0,0,3,0,3,
GA0720000,HARRIS CO SO HAMILTON,HARRIS CO SO HAMILTON,County,GA,2022,31550,45,13,58,9,9,18,54,22,76,2.41
GA0710000,HARALSON CO SO BUCHANAN,HARALSON CO SO BUCHANAN,County,GA,2022,19372,39,16,55,6,20,26,45,36,81,4.18
PA0250600,LAWRENCE PARK TWP PD ERIE,LAWRENCE PARK TWP PD ERIE,City,PA,2022,3762,9,0,9,0,0,0,9,0,9,2.39
NH0012200,TILTON PD,TILTON PD,City,NH,2022,4106,8,1,9,3,3,6,11,4,15,3.65
MO0770000,OZARK,OZARK,County,MO,2022,9051,7,4,11,0,5,5,7,9,16,1.77
MI5061000,NEW BALTIMORE PD,NEW BALTIMORE PD,City,MI,2022,11995,14,0,14,2,2,4,16,2,18,1.50
IL0168900,PARK RIDGE PD,PARK RIDGE PD,City,IL,2022,38108,48,10,58,7,14,21,55,24,79,2.07
TX1010600,GALENA PARK POLICE DEPT,GALENA PARK POLICE DEPT,City,TX,2022,10240,10,0,10,1,6,7,11,6,17,1.66
IL0140200,BREESE PD,BREESE PD,City,IL,2022,4588,6,0,6,1,1,2,7,1,8,1.74
IL0502200,,,Other,IL,2022,0,11,0,11,0,0,0,11,0,11,
NC0940100,PLYMOUTH PD,PLYMOUTH PD,City,NC,2022,3204,7,0,7,1,1,2,8,1,9,2.81
AL0490400,HACKLEBURG PD,HACKLEBURG PD,City,AL,2022,1430,5,0,5,0,0,0,5,0,5,3.50
GA0230100,FT OGLETHORPE PD FT OGLETHORPE,FT OGLETHORPE PD FT OGLETHORPE,City,GA,2022,10626,26,0,26,4,3,7,30,3,33,3.11
CA0390600,TRACY PD,TRACY PD,City,CA,2022,97219,98,13,111,6,47,53,104,60,164,1.69
OR034SP00,SP: WASHINGTON COUNTY,SP: WASHINGTON COUNTY,State Police,OR,2022,0,7,0,7,0,0,0,7,0,7,
FL0010600,UNIVERSITY OF FLORIDA PD GAINESVILLE,UNIVERSITY OF FLORIDA PD GAINESVILLE,University or College,FL,2022,0,59,20,79,19,25,44,78,45,123,
IL0492500,PARK CITY PD,PARK CITY PD,City,IL,2022,7843,10,0,10,0,2,2,10,2,12,1.53
AL0470600,TRIANA PD MADISON,TRIANA PD MADISON,City,AL,2022,3829,3,0,3,0,0,0,3,0,3,0.78
OK0140200,NORMAN,NORMAN,City,OK,2022,128878,147,19,166,12,43,55,159,62,221,1.71
VA0810300,VIRGINIA MILITARY INSTITUTE POST POLICE,VIRGINIA MILITARY INSTITUTE POST POLICE,University or College,VA,2022,0,11,0,11,0,1,1,11,1,12,
MI0524500,BELLAIRE PD,BELLAIRE PD,City,MI,2022,1029,2,0,2,0,0,0,2,0,2,1.94
KY0690200,HUSTONVILLE PD,HUSTONVILLE PD,City,KY,2022,388,1,0,1,0,0,0,1,0,1,2.58
AR0060100,WARREN PD,WARREN PD,City,AR,2022,5325,13,3,16,3,4,7,16,7,23,4.32
TN0750300,LA VERGNE PD,LA VERGNE PD,City,TN,2022,39424,58,7,65,6,12,18,64,19,83,2.11
AR0480000,MONROE CO SO CLARENDON,MONROE CO SO CLARENDON,County,AR,2022,2522,6,4,10,0,5,5,6,9,15,5.95
NY247UN00,SUNY A&T COL: COBLESKILL,SUNY A&T COL: COBLESKILL,University or College,NY,2022,0,9,0,9,2,1,3,11,1,12,
AZ0090900,WINSLOW PD,WINSLOW PD,City,AZ,2022,8985,17,7,24,2,8,10,19,15,34,3.78
OH0770600,LAKEMORE,LAKEMORE,City,OH,2022,2894,3,0,3,0,1,1,3,1,4,1.38
IL0222000,WESTMONT PD,WESTMONT PD,City,IL,2022,23921,35,0,35,4,6,10,39,6,45,1.88
CA0500100,CERES PD,CERES PD,City,CA,2022,49282,49,7,56,4,14,18,53,21,74,1.50
WI0700500,WAUTOMA PD,WAUTOMA PD,City,WI,2022,2252,6,0,6,0,1,1,6,1,7,3.11
NJ0012100,SOMERS POINT PD,SOMERS POINT PD,City,NJ,2022,10467,29,2,31,0,5,5,29,7,36,3.44
MO0870200,NEW LONDON,NEW LONDON,City,MO,2022,957,2,0,2,0,0,0,2,0,2,2.09
WI0080300,BRILLION PD,BRILLION PD,City,WI,2022,3395,8,0,8,0,0,0,8,0,8,2.36
NC0710000,PENDER CO SO BURGAW,PENDER CO SO BURGAW,County,NC,2022,57858,63,8,71,11,33,44,74,41,115,1.99
CO0030200,LITTLETON,LITTLETON,City,CO,2022,44821,67,7,74,10,23,33,77,30,107,2.39
FL0030100,PANAMA CITY PD,PANAMA CITY PD,City,FL,2022,35384,73,9,82,15,30,45,88,39,127,3.59
IL0640300,METROPOLIS PD,METROPOLIS PD,City,IL,2022,5849,16,3,19,0,3,3,16,6,22,3.76
VA0750100,MANASSAS PD,MANASSAS PD,City,VA,2022,42836,77,8,85,21,27,48,98,35,133,3.10
NJ0135200,WALL TWP PD WALL,WALL TWP PD WALL,City,NJ,2022,26458,61,6,67,4,13,17,65,19,84,3.17
NY0220000,JEFFERSON CO SHERIFF'S DEPARTMENT WATERTOWN,JEFFERSON CO SHERIFF'S DEPARTMENT WATERTOWN,County,NY,2022,76681,39,2,41,5,13,18,44,15,59,0.77
IL0450900,MONTGOMERY PD,MONTGOMERY PD,City,IL,2022,22257,22,0,22,4,5,9,26,5,31,1.39
KY0570100,NICHOLASVILLE PD,NICHOLASVILLE PD,City,KY,2022,31882,61,1,62,3,7,10,64,8,72,2.26
MI6346500,HAZEL PARK PD,HAZEL PARK PD,City,MI,2022,14849,30,0,30,4,4,8,34,4,38,2.56
MN0790300,WABASHA PD,WABASHA PD,City,MN,2022,2494,8,0,8,0,1,1,8,1,9,3.61
IL0560100,ALGONQUIN PD,ALGONQUIN PD,City,IL,2022,30212,55,0,55,7,6,13,62,6,68,2.25
CO0330000,LAKE,LAKE,County,CO,2022,4801,6,7,13,4,11,15,10,18,28,5.83
IN0840100,TERRE HAUTE PD,TERRE HAUTE PD,City,IN,2022,58507,129,0,129,5,9,14,134,9,143,2.44
IL0450600,ELGIN PD,ELGIN PD,City,IL,2022,113205,165,30,195,20,50,70,185,80,265,2.34
UT0270900,SPRINGDALE PD,SPRINGDALE PD,City,UT,2022,589,10,0,10,0,1,1,10,1,11,18.68
AL0620000,SO DADEVILLE,SO DADEVILLE,County,AL,2022,19424,22,8,30,2,22,24,24,30,54,2.78
AZ0100000,PIMA CO SHERIFF'S DEPARTMENT TUCSON,PIMA CO SHERIFF'S DEPARTMENT TUCSON,County,AZ,2022,365046,467,141,608,67,238,305,534,379,913,2.50
SC0020700,SALLEY PD,SALLEY PD,City,SC,2022,334,1,0,1,0,1,1,1,1,2,5.99
NH0022400,MOULTONBORO PD,MOULTONBORO PD,City,NH,2022,5235,6,0,6,0,1,1,6,1,7,1.34
WV0290500,SECURITY OFFICE POTOMAC STATE COLLEGE KEYSER,SECURITY OFFICE POTOMAC STATE COLLEGE KEYSER,University or College,WV,2022,0,4,1,5,0,0,0,4,1,5,
MO0880200,HUNTSVILLE,HUNTSVILLE,City,MO,2022,1370,1,0,1,0,0,0,1,0,1,0.73
VA0570000,MATHEWS CO SO MATHEWS,MATHEWS CO SO MATHEWS,County,VA,2022,8598,10,1,11,2,8,10,12,9,21,2.44
TN0730400,ROCKWOOD PD,ROCKWOOD PD,City,TN,2022,5571,12,0,12,1,1,2,13,1,14,2.51
TX0571300,HIGHLAND PARK PD DALLAS,HIGHLAND PARK PD DALLAS,City,TX,2022,8732,56,2,58,4,12,16,60,14,74,8.47
VT0040300,SOUTH BURLINGTON PD,SOUTH BURLINGTON PD,City,VT,2022,20307,28,2,30,5,10,15,33,12,45,2.22
TN0240800,PIPERTON POLICE DEPARTMENT,PIPERTON POLICE DEPARTMENT,City,TN,2022,2696,7,0,7,1,0,1,8,0,8,2.97
AR0050500,,,City,AR,2022,286,1,0,1,0,0,0,1,0,1,3.50
TN0240200,GALLAWAY PD,GALLAWAY PD,City,TN,2022,502,4,0,4,0,0,0,4,0,4,7.97
NC0860000,SURRY CO SO DOBSON,SURRY CO SO DOBSON,County,NC,2022,54097,73,26,99,13,27,40,86,53,139,2.57
MI1211200,BRANCH CO SO COLDWATER,BRANCH CO SO COLDWATER,County,MI,2022,25681,15,16,31,0,4,4,15,20,35,1.36
ID0200000,ELMORE CO SO MOUNTAIN HOME,ELMORE CO SO MOUNTAIN HOME,County,ID,2022,12381,19,20,39,3,19,22,22,39,61,4.93
WI0210000,FOREST CO SO CRANDON,FOREST CO SO CRANDON,County,WI,2022,7582,4,0,4,19,12,31,23,12,35,4.62
KS0060100,FORT SCOTT PD,FORT SCOTT PD,City,KS,2022,7501,19,0,19,1,0,1,20,0,20,2.67
PA0310200,MOUNT UNION PD,MOUNT UNION PD,City,PA,2022,2275,3,0,3,0,0,0,3,0,3,1.32
OH0311600,HARRISON,HARRISON,City,OH,2022,13097,21,0,21,3,2,5,24,2,26,1.99
IN0620200,CANNELTON PD,CANNELTON PD,City,IN,2022,1530,4,0,4,0,0,0,4,0,4,2.61
KY0270100,ALBANY PD,ALBANY PD,City,KY,2022,1749,7,0,7,0,1,1,7,1,8,4.57
ME0040300,WILTON PD,WILTON PD,City,ME,2022,3913,6,0,6,0,0,0,6,0,6,1.53
IL0260400,VANDALIA PD,VANDALIA PD,City,IL,2022,6812,12,0,12,0,0,0,12,0,12,1.76
FL0134300,KEY BISCAYNE DEPT OF PUBLIC SAFETY KEY BISCAYNE,KEY BISCAYNE DEPT OF PUBLIC SAFETY KEY BISCAYNE,City,FL,2022,14256,28,2,30,8,8,16,36,10,46,3.23
NB0740000,RICHARDSON CO SO FALLS CITY,RICHARDSON CO SO FALLS CITY,County,NB,2022,3658,9,3,12,0,14,14,9,17,26,7.11
RI0041700,ENF DIV DEPT OF ENVIORNMENTALMGMT PROVIDENCE,ENF DIV DEPT OF ENVIORNMENTALMGMT PROVIDENCE,Other State Agency,RI,2022,0,27,4,31,3,6,9,30,10,40,
AL0600200,LIVINGSTON PD,LIVINGSTON PD,City,AL,2022,3112,5,1,6,0,4,4,5,5,10,3.21
CO0230200,PARACHUTE,PARACHUTE,City,CO,2022,1368,5,0,5,0,1,1,5,1,6,4.39
IL1011700,MACHESSNEY PARK PD MACHESSNEY PARK,MACHESSNEY PARK PD MACHESSNEY PARK,City,IL,2022,22558,16,0,16,4,0,4,20,0,20,0.89
PA0043200,BRIDGEWATER POLICE DEPARTMENT BRIDGEWATER,BRIDGEWATER POLICE DEPARTMENT BRIDGEWATER,City,PA,2022,729,1,0,1,0,1,1,1,1,2,2.74
VA0020100,UNIV VA PD CHARLOTTESVILLE,UNIV VA PD CHARLOTTESVILLE,University or College,VA,2022,0,49,51,100,10,29,39,59,80,139,
MN0730500,SAUK CENTRE PD,SAUK CENTRE PD,City,MN,2022,4641,8,0,8,0,1,1,8,1,9,1.94
TX0480000,CONCHO COUNTY SHERIFFS OFFICE,CONCHO COUNTY SHERIFFS OFFICE,County,TX,2022,3383,8,0,8,0,7,7,8,7,15,4.43
ID0420100,BUHL PD,BUHL PD,City,ID,2022,4744,8,0,8,1,2,3,9,2,11,2.32
TX0500200,GATESVILLE PD,GATESVILLE PD,City,TX,2022,17154,16,3,19,3,9,12,19,12,31,1.81
UT0230000,TOOELE CO SO TOOELE,TOOELE CO SO TOOELE,County,UT,2022,25903,24,32,56,2,31,33,26,63,89,3.44
AL0500400,BOAZ PD,BOAZ PD,City,AL,2022,10222,28,6,34,0,4,4,28,10,38,3.72
MI2539900,FLINT TOWNSHIP PD FLINT,FLINT TOWNSHIP PD FLINT,City,MI,2022,31097,33,0,33,3,7,10,36,7,43,1.38
PA0130400,LEHIGHTON PD,LEHIGHTON PD,City,PA,2022,5315,11,0,11,0,1,1,11,1,12,2.26
KY0580100,PAINTSVILLE PD,PAINTSVILLE PD,City,KY,2022,4313,11,0,11,0,1,1,11,1,12,2.78
NY0357700,CHESTER TOWN PD CHESTER,CHESTER TOWN PD CHESTER,City,NY,2022,8571,12,0,12,3,0,3,15,0,15,1.75
NC0161100,ST PARK RANGER FT MACON ST PARK ATLANTIC BEACH,ST PARK RANGER FT MACON ST PARK ATLANTIC BEACH,Other State Agency,NC,2022,0,4,0,4,1,1,2,5,1,6,
MA0032300,BRISTOL COMM COLLEGE CAMPUS POLICE,BRISTOL COMM COLLEGE CAMPUS POLICE,University or College,MA,2022,0,5,0,5,0,0,0,5,0,5,
NC0290100,LEXINGTON PD,LEXINGTON PD,City,NC,2022,19544,47,4,51,6,9,15,53,13,66,3.38
OR020SP00,SP: LANE COUNTY,SP: LANE COUNTY,State Police,OR,2022,0,44,11,55,5,16,21,49,27,76,
AZ0050300,SAFFORD PD,SAFFORD PD,City,AZ,2022,10404,17,3,20,1,3,4,18,6,24,2.31
MA0141500,FITCHBURG PD,FITCHBURG PD,City,MA,2022,41791,67,6,73,11,10,21,78,16,94,2.25
AL0110100,ANNISTON PD,ANNISTON PD,City,AL,2022,21007,74,1,75,5,6,11,79,7,86,4.09
OK0540100,OKEMAH,OKEMAH,City,OK,2022,3045,8,1,9,0,4,4,8,5,13,4.27
KY0480200,HARLAN PD,HARLAN PD,City,KY,2022,1679,10,5,15,0,0,0,10,5,15,8.93
TN0730200,KINGSTON PD,KINGSTON PD,City,TN,2022,6067,12,1,13,0,0,0,12,1,13,2.14
GA044139E,AGNES SCOTT COLLEGE DEPT PUB SFTY DECATUR,AGNES SCOTT COLLEGE DEPT PUB SFTY DECATUR,University or College,GA,2022,0,6,0,6,5,6,11,11,6,17,
OH0100100,CARROLLTON,CARROLLTON,City,OH,2022,3101,8,0,8,0,0,0,8,0,8,2.58
ME0070300,THOMASTON PD,THOMASTON PD,City,ME,2022,2816,4,0,4,0,0,0,4,0,4,1.42
PA0101700,CO DETECTIVE BU BUTLER,CO DETECTIVE BU BUTLER,Other,PA,2022,0,4,0,4,0,0,0,4,0,4,
WY0230000,WESTON CO SO NEWCASTLE,WESTON CO SO NEWCASTLE,County,WY,2022,2613,12,0,12,2,2,4,14,2,16,6.12
CO0370200,HUGO,HUGO,City,CO,2022,790,3,0,3,0,0,0,3,0,3,3.80
OK0090300,CALUMET,CALUMET,City,OK,2022,472,2,0,2,0,0,0,2,0,2,4.24
WI0560700,NORTH HUDSON PD,NORTH HUDSON PD,City,WI,2022,3953,4,0,4,1,1,2,5,1,6,1.52
AL0014000,,,University or College,AL,2022,0,6,0,6,0,1,1,6,1,7,
NVDI00800,FALLON TRIBAL POLICE DEPARTMENT,FALLON TRIBAL POLICE DEPARTMENT,Tribal,NV,2022,0,5,0,5,1,1,2,6,1,7,
NV018065A,,,Other State Agency,NV,2022,0,30,99,129,16,196,212,46,295,341,
AR0230300,MAYFLOWER PD,MAYFLOWER PD,City,AR,2022,2051,8,0,8,1,3,4,9,3,12,5.85
MD0230400,SALISBURY UNIVERSITY POLICE DEPART,SALISBURY UNIVERSITY POLICE DEPART,University or College,MD,2022,0,14,4,18,3,6,9,17,10,27,
ME0160900,KENNEBUNKPORT PD,KENNEBUNKPORT PD,City,ME,2022,3716,13,2,15,0,3,3,13,5,18,4.84
MI5262300,NORTHERN MICHIGAN UNIV PD MARQUETTE,NORTHERN MICHIGAN UNIV PD MARQUETTE,University or College,MI,2022,0,15,0,15,3,3,6,18,3,21,
NC0280500,KITTY HAWK PD,KITTY HAWK PD,City,NC,2022,3813,16,0,16,2,1,3,18,1,19,4.98
NM0290500,TAOS SKI VALLEY DEPARTMENT OF PUBLIC SAFETY,TAOS SKI VALLEY DEPARTMENT OF PUBLIC SAFETY,City,NM,2022,79,4,0,4,0,0,0,4,0,4,50.63
PA0670700,SPR: CODORUS,SPR: CODORUS,Other State Agency,PA,2022,0,2,6,8,1,3,4,3,9,12,
AZDI06500,BIA AK-CHIN TRIBAL POLICE DEPARTMENT MARICOPA,BIA AK-CHIN TRIBAL POLICE DEPARTMENT MARICOPA,Tribal,AZ,2022,0,10,19,29,4,16,20,14,35,49,
OK0081600,HYDRO,HYDRO,City,OK,2022,929,3,0,3,0,0,0,3,0,3,3.23
FL0250100,BOWLING GREEN PD,BOWLING GREEN PD,City,FL,2022,2478,6,0,6,0,0,0,6,0,6,2.42
ID0090100,PRIEST RIVER PD,PRIEST RIVER PD,City,ID,2022,1810,5,0,5,0,1,1,5,1,6,3.31
WVWSP6200,STATE POLICE PARKWAY AUTH CHARLESTON,STATE POLICE PARKWAY AUTH CHARLESTON,State Police,WV,2022,0,26,0,26,1,2,3,27,2,29,
AL0140300,JEMISON PD,JEMISON PD,City,AL,2022,2662,13,0,13,0,0,0,13,0,13,4.88
OH0312200,MARIEMONT,MARIEMONT,City,OH,2022,3446,10,0,10,1,1,2,11,1,12,3.48
AZ0131300,CAMP VERDE MARSHALS OFFICE CAMP VERDE,CAMP VERDE MARSHALS OFFICE CAMP VERDE,City,AZ,2022,12362,21,4,25,2,10,12,23,14,37,2.99
UT025129E,BRIGHAM YOUNG UNIVERSITY PD PROVO,BRIGHAM YOUNG UNIVERSITY PD PROVO,University or College,UT,2022,0,19,2,21,0,2,2,19,4,23,
MI0530400,CENTRAL LAKE PD,CENTRAL LAKE PD,City,MI,2022,976,1,0,1,0,0,0,1,0,1,1.02
MN0660000,RICE CO SO FARIBAULT,RICE CO SO FARIBAULT,County,MN,2022,17010,28,21,49,3,15,18,31,36,67,3.94
GA1510000,WAYNE CO SO JESUP,WAYNE CO SO JESUP,County,GA,2022,20014,35,15,50,6,20,26,41,35,76,3.80
AL0330000,FRANKLIN CO SO RUSSELLVILLE,FRANKLIN CO SO RUSSELLVILLE,County,AL,2022,16886,21,18,39,2,14,16,23,32,55,3.26
IA0120000,BUTLER CO SO ALLISON,BUTLER CO SO ALLISON,County,IA,2022,12354,12,2,14,0,4,4,12,6,18,1.46
NY0275400,GREECE TOWN PD ROCHESTER,GREECE TOWN PD ROCHESTER,City,NY,2022,95525,80,3,83,16,9,25,96,12,108,1.13
GA0600100,COLLEGE PARK PD,COLLEGE PARK PD,City,GA,2022,13917,49,4,53,18,24,42,67,28,95,6.83
IA0820400,BUFFALO,BUFFALO,City,IA,2022,1168,8,0,8,0,0,0,8,0,8,6.85
TX1080600,HIDALGO PD,HIDALGO PD,City,TX,2022,14468,30,4,34,5,6,11,35,10,45,3.11
OK0210100,,,City,OK,2022,436,1,0,1,0,0,0,1,0,1,2.29
CO0070600,LOUISVILLE,LOUISVILLE,City,CO,2022,20587,30,1,31,3,7,10,33,8,41,1.99
NV0160000,WASHOE CO SO RENO,WASHOE CO SO RENO,County,NV,2022,115879,344,138,482,89,163,252,433,301,734,6.33
AR0600700,,,City,AR,2022,3798,7,0,7,3,0,3,10,0,10,2.63
NY0432900,SUFFERN VILLAGE PD SUFFERN,SUFFERN VILLAGE PD SUFFERN,City,NY,2022,11383,20,0,20,1,0,1,21,0,21,1.84
AR0360100,CLARKSVILLE PD,CLARKSVILLE PD,City,AR,2022,9559,18,0,18,0,3,3,18,3,21,2.20
NC0080000,BERTIE CO SO WINDSOR,BERTIE CO SO WINDSOR,County,NC,2022,12806,20,3,23,2,4,6,22,7,29,2.26
TX1020100,HALLSVILLE PD,HALLSVILLE PD,City,TX,2022,4707,6,0,6,0,0,0,6,0,6,1.27
TX2520200,OLNEY PD,OLNEY PD,City,TX,2022,3033,5,0,5,2,2,4,7,2,9,2.97
NV0029900,,,State Police,NV,2022,0,161,13,174,18,18,36,179,31,210,
MO0220500,SPARTA,SPARTA,City,MO,2022,1965,3,0,3,2,0,2,5,0,5,2.54
TX0151400,UNIVERSAL CITY PD UNIVERSAL CITY,UNIVERSAL CITY PD UNIVERSAL CITY,City,TX,2022,19903,21,2,23,7,9,16,28,11,39,1.96
MI6162200,NORTH MUSKEGON PD,NORTH MUSKEGON PD,City,MI,2022,4103,7,0,7,1,1,2,8,1,9,2.19
OK0350000,JOHNSTON,JOHNSTON,County,OK,2022,7428,9,8,17,2,3,5,11,11,22,2.96
GA0880100,LEESBURG PD,LEESBURG PD,City,GA,2022,3529,12,0,12,1,0,1,13,0,13,3.68
AZ0040100,GLOBE PD,GLOBE PD,City,AZ,2022,7155,24,1,25,4,4,8,28,5,33,4.61
KS0490000,KIOWA CO SO GREENSBURG,KIOWA CO SO GREENSBURG,County,KS,2022,1640,6,5,11,0,4,4,6,9,15,9.15
MD0070800,WESTMINSTER PD,WESTMINSTER PD,City,MD,2022,20165,35,6,41,7,6,13,42,12,54,2.68
WA0060100,BATTLE GROUND PD,BATTLE GROUND PD,City,WA,2022,21385,21,0,21,3,5,8,24,5,29,1.36
WV0350400,WEST LIBERTY POLICE DEPARTMENT WEST LIBERTY,WEST LIBERTY POLICE DEPARTMENT WEST LIBERTY,City,WV,2022,1541,6,0,6,1,0,1,7,0,7,4.54
IA0410000,HANCOCK CO SO GARNER,HANCOCK CO SO GARNER,County,IA,2022,10232,7,1,8,1,1,2,8,2,10,0.98
NH0054400,LEBANON PD,LEBANON PD,City,NH,2022,15702,29,5,34,4,8,12,33,13,46,2.93
ID0420400,FILER PD,FILER PD,City,ID,2022,2888,5,0,5,1,0,1,6,0,6,2.08
OH0121600,,,Other,OH,2022,0,1,0,1,0,0,0,1,0,1,
CT0015200,WATERFORD PD,WATERFORD PD,City,CT,2022,19565,42,1,43,5,5,10,47,6,53,2.71
MA007029E,WESTERN NEW ENGLAND COLLEGE,WESTERN NEW ENGLAND COLLEGE,University or College,MA,2022,0,9,7,16,3,7,10,12,14,26,
UT0260100,HEBER PD,HEBER PD,City,UT,2022,17659,22,2,24,1,4,5,23,6,29,1.64
AR0580200,ATKINS PD,ATKINS PD,City,AR,2022,2864,8,0,8,0,1,1,8,1,9,3.14
MA0090200,ARLINGTON PD,ARLINGTON PD,City,MA,2022,45238,53,7,60,10,9,19,63,16,79,1.75
GA0490000,EARLY CO SO BLAKELY,EARLY CO SO BLAKELY,County,GA,2022,5024,12,8,20,2,11,13,14,19,33,6.57
CO0621700,FREDERICK,FREDERICK,City,CO,2022,16900,28,2,30,4,2,6,32,4,36,2.13
IA0490100,MAQUOKETA PD,MAQUOKETA PD,City,IA,2022,6035,9,2,11,1,5,6,10,7,17,2.82
MN0180300,,,City,MN,2022,2741,6,0,6,0,1,1,6,1,7,2.55
ME0160000,YORK CO SO ALFRED,YORK CO SO ALFRED,County,ME,2022,52625,28,0,28,2,3,5,30,3,33,0.63
ND0290000,MERCER CO SO STANTON,MERCER CO SO STANTON,County,ND,2022,3100,14,4,18,2,9,11,16,13,29,9.35
WA0180400,PORT ORCHARD PD,PORT ORCHARD PD,City,WA,2022,16351,19,0,19,4,4,8,23,4,27,1.65
CO0180500,PARKER,PARKER,City,CO,2022,61865,59,6,65,11,29,40,70,35,105,1.70
UT0183900,TAYLORSVILLE CITY POLICE DEPARTMENT,TAYLORSVILLE CITY POLICE DEPARTMENT,City,UT,2022,58059,58,1,59,5,7,12,63,8,71,1.22
AR0500100,PRESCOTT PD,PRESCOTT PD,City,AR,2022,2976,7,0,7,3,2,5,10,2,12,4.03
AL0050500,ROBERTSDALE PD,ROBERTSDALE PD,City,AL,2022,7116,20,6,26,1,5,6,21,11,32,4.50
MA0143700,PAXTON PD,PAXTON PD,City,MA,2022,5073,13,2,15,0,1,1,13,3,16,3.15
GA1100000,PAULDING CO SO DALLAS,PAULDING CO SO DALLAS,County,GA,2022,158400,140,47,187,29,63,92,169,110,279,1.76
MI8234900,DETROIT PD,DETROIT PD,City,MI,2022,626757,1761,171,1932,620,528,1148,2381,699,3080,4.91
PA0221300,PENBROOK PD HARRISBURG,PENBROOK PD HARRISBURG,City,PA,2022,3254,6,0,6,1,0,1,7,0,7,2.15
MD0160300,MD NAT CAPITAL PARK POLICE MONT CO DIV WHEATON,MD NAT CAPITAL PARK POLICE MONT CO DIV WHEATON,Other,MD,2022,0,71,10,81,19,12,31,90,22,112,
NJ0043600,WINSLOW TWP POLICE DEPARTMENT,WINSLOW TWP POLICE DEPARTMENT,City,NJ,2022,39881,74,0,74,5,6,11,79,6,85,2.13
CA010M15M,POLICE SERV COALINGA STATE HOSP MENTAL SERV,POLICE SERV COALINGA STATE HOSP MENTAL SERV,Other State Agency,CA,2022,0,212,5,217,29,12,41,241,17,258,
OR0240800,MOUNT ANGEL,MOUNT ANGEL,City,OR,2022,3403,6,0,6,0,1,1,6,1,7,2.06
PA0091200,NEWTOWN TWP PD,NEWTOWN TWP PD,City,PA,2022,23080,30,1,31,2,3,5,32,4,36,1.56
MIDI05500,LITTLE TRAVERSE BAY BANDS OF ODAWA INDIANS,LITTLE TRAVERSE BAY BANDS OF ODAWA INDIANS,Tribal,MI,2022,0,8,3,11,0,0,0,8,3,11,
PA0029100,SPRINGDALE PD,SPRINGDALE PD,City,PA,2022,3308,4,0,4,0,0,0,4,0,4,1.21
MI3849700,JACKSON PD,JACKSON PD,City,MI,2022,31206,40,3,43,6,8,14,46,11,57,1.83
SC0401200,DEPT MENTAL HEALTH OFF PUB SAFETY COLUMBIA,DEPT MENTAL HEALTH OFF PUB SAFETY COLUMBIA,Other State Agency,SC,2022,0,55,2,57,18,13,31,73,15,88,
MI6339400,FERNDALE PD,FERNDALE PD,City,MI,2022,19007,36,3,39,6,7,13,42,10,52,2.74
MO0670000,MISSISSIPPI,MISSISSIPPI,County,MO,2022,3869,7,5,12,0,5,5,7,10,17,4.39
WI0720300,WISCONSIN RAPIDS PD,WISCONSIN RAPIDS PD,City,WI,2022,18693,38,0,38,0,4,4,38,4,42,2.25
OH0180000,CUYAHOGA,CUYAHOGA,County,OH,2022,0,172,464,636,15,415,430,187,879,1066,
NJ0130500,ATLANTIC HIGHLANDS PD,ATLANTIC HIGHLANDS PD,City,NJ,2022,4416,14,0,14,1,1,2,15,1,16,3.62
OR0060000,COOS,COOS,County,OR,2022,28216,20,30,50,1,28,29,21,58,79,2.80
WA0140500,MONTESANO PD,MONTESANO PD,City,WA,2022,4196,8,0,8,0,1,1,8,1,9,2.14
OH0252100,NEW ALBANY,NEW ALBANY,City,OH,2022,10851,26,0,26,2,12,14,28,12,40,3.69
PA0101100,SLIPPERY ROCK UNIV CAMPUS PD SLIPPERY ROCK,SLIPPERY ROCK UNIV CAMPUS PD SLIPPERY ROCK,University or College,PA,2022,0,10,0,10,0,1,1,10,1,11,
NJ0128900,MIDDLESEX CNTY PROSECUTOR NEW BRUNSWICK,MIDDLESEX CNTY PROSECUTOR NEW BRUNSWICK,Other,NJ,2022,0,49,46,95,23,95,118,72,141,213,
FL0580000,SARASOTA CO SO SARASOTA,SARASOTA CO SO SARASOTA,County,FL,2022,292432,348,127,475,69,235,304,417,362,779,2.66
NC0111300,NC ARBORETUM CAMPUS POLICE DEPARTMENT,NC ARBORETUM CAMPUS POLICE DEPARTMENT,Other State Agency,NC,2022,0,3,0,3,1,0,1,4,0,4,
NH0101800,NEWPORT PD,NEWPORT PD,City,NH,2022,6411,10,2,12,1,3,4,11,5,16,2.50
TX0450300,WEIMAR PD,WEIMAR PD,City,TX,2022,2083,6,0,6,0,1,1,6,1,7,3.36
CA0150500,MCFARLAND PD,MCFARLAND PD,City,CA,2022,14755,14,1,15,1,6,7,15,7,22,1.49
CA0100800,KINGSBURG PD,KINGSBURG PD,City,CA,2022,12879,20,0,20,3,5,8,23,5,28,2.17
MS0210000,GREENE CO SO LEAKESVILLE,GREENE CO SO LEAKESVILLE,County,MS,2022,9800,8,1,9,0,9,9,8,10,18,1.84
MS0190000,FRANKLIN CO SO MEADVILLE,FRANKLIN CO SO MEADVILLE,County,MS,2022,7214,5,2,7,0,3,3,5,5,10,1.39
WI0470100,DURAND PD,DURAND PD,City,WI,2022,1879,4,4,8,0,0,0,4,4,8,4.26
PA0040000,BEAVER CO SO BEAVER,BEAVER CO SO BEAVER,County,PA,2022,0,24,0,24,3,5,8,27,5,32,
PA0153300,EAST VINCENT TWP PD SPRING CITY,EAST VINCENT TWP PD SPRING CITY,City,PA,2022,7446,7,0,7,0,0,0,7,0,7,0.94
TX2200300,BEDFORD PD,BEDFORD PD,City,TX,2022,48579,60,8,68,12,26,38,72,34,106,2.18
TX1000900,LUMBERTON PD,LUMBERTON PD,City,TX,2022,14004,18,1,19,0,2,2,18,3,21,1.50
GA0620000,GLASCOCK CO SO GIBSON,GLASCOCK CO SO GIBSON,County,GA,2022,2965,5,0,5,0,1,1,5,1,6,2.02
MI3913900,KALAMAZOO CO SO KALAMAZOO,KALAMAZOO CO SO KALAMAZOO,County,MI,2022,107618,90,49,139,12,47,59,102,96,198,1.84
MA0111000,FRANKLIN PD,FRANKLIN PD,City,MA,2022,33107,47,0,47,6,2,8,53,2,55,1.66
IL0940000,WARREN CO SO MONMOUTH,WARREN CO SO MONMOUTH,County,IL,2022,7230,18,1,19,1,2,3,19,3,22,3.04
MA0031800,SWANSEA PD,SWANSEA PD,City,MA,2022,17453,28,2,30,5,4,9,33,6,39,2.23
TN0110300,PLEASANT VIEW POLICE DEPARTMENT,PLEASANT VIEW POLICE DEPARTMENT,City,TN,2022,5379,4,0,4,1,0,1,5,0,5,0.93
NC0430100,DUNN PD,DUNN PD,City,NC,2022,8426,37,3,40,5,4,9,42,7,49,5.82
SD0460000,MEADE CO SO STURGIS,MEADE CO SO STURGIS,County,SD,2022,15557,14,9,23,3,21,24,17,30,47,3.02
AR0420000,LOGAN CO SO PARIS,LOGAN CO SO PARIS,County,AR,2022,14326,14,22,36,0,13,13,14,35,49,3.42
PA0390700,SLATINGTON PD,SLATINGTON PD,City,PA,2022,4271,7,0,7,0,0,0,7,0,7,1.64
WI0380000,MARINETTE CO SO MARINETTE,MARINETTE CO SO MARINETTE,County,WI,2022,24070,32,15,47,2,12,14,34,27,61,2.53
SD0170100,MITCHELL PD,MITCHELL PD,City,SD,2022,15579,26,0,26,0,10,10,26,10,36,2.31
TX1340100,JUNCTION PD,JUNCTION PD,City,TX,2022,2536,7,1,8,0,0,0,7,1,8,3.15
NJ0151600,LITTLE EGG HARBOR TWP PD TUCKERTON,LITTLE EGG HARBOR TWP PD TUCKERTON,City,NJ,2022,21498,41,6,47,4,11,15,45,17,62,2.88
TX1070000,HENDERSON CO SO ATHENS,HENDERSON CO SO ATHENS,County,TX,2022,53275,64,41,105,12,44,56,76,85,161,3.02
IL0160400,BARRINGTON HILLS PD BARRINGTON,BARRINGTON HILLS PD BARRINGTON,City,IL,2022,4024,16,1,17,0,3,3,16,4,20,4.97
IN0340000,HOWARD CO SO KOKOMO,HOWARD CO SO KOKOMO,County,IN,2022,22739,38,48,86,2,41,43,40,89,129,5.67
IL0560700,HUNTLEY PD,HUNTLEY PD,City,IL,2022,28223,30,5,35,5,3,8,35,8,43,1.52
GA1210300,HEPHZIBAH PD,HEPHZIBAH PD,City,GA,2022,3778,5,0,5,0,1,1,5,1,6,1.59
PA0600900,,,Other State Agency,PA,2022,0,1,0,1,0,0,0,1,0,1,
FL0490100,ST CLOUD PD,ST CLOUD PD,City,FL,2022,64799,85,10,95,11,32,43,96,42,138,2.13
SC0260700,NORTH MYRTLE BEACH PD,NORTH MYRTLE BEACH PD,City,SC,2022,19888,71,9,80,11,25,36,82,34,116,5.83
WI0490100,AMERY PD,AMERY PD,City,WI,2022,2942,4,0,4,1,1,2,5,1,6,2.04
ID0420000,TWIN FALLS CO SO TWIN FALLS,TWIN FALLS CO SO TWIN FALLS,County,ID,2022,26136,41,48,89,1,31,32,42,79,121,4.63
WV0450000,SUMMERS CO SO HINTON,SUMMERS CO SO HINTON,County,WV,2022,9662,10,0,10,0,1,1,10,1,11,1.14
OK0551700,UNIV OF CENTRAL OKLAHOMA,UNIV OF CENTRAL OKLAHOMA,University or College,OK,2022,0,12,4,16,3,3,6,15,7,22,
NY0610000,YATES CO SHERIFF'S DEPARTMENT PENN YAN,YATES CO SHERIFF'S DEPARTMENT PENN YAN,County,NY,2022,19666,22,9,31,4,8,12,26,17,43,2.19
KY0110200,JUNCTION CITY PD,JUNCTION CITY PD,City,KY,2022,2259,1,0,1,0,0,0,1,0,1,0.44
ND0410000,SARGENT CO SO FORMAN,SARGENT CO SO FORMAN,County,ND,2022,3856,5,0,5,0,1,1,5,1,6,1.56
TX0460800,BULVERDE POLICE DEPARTMENT,BULVERDE POLICE DEPARTMENT,City,TX,2022,6268,16,0,16,0,1,1,16,1,17,2.71
CADIT1600,,,Tribal,CA,2022,0,7,0,7,0,2,2,7,2,9,
NC0630400,SOUTHERN PINES PD,SOUTHERN PINES PD,City,NC,2022,16388,34,4,38,3,9,12,37,13,50,3.05
MO0111100,MO WESTERN STATE UNIVERS,MO WESTERN STATE UNIVERS,University or College,MO,2022,0,4,0,4,3,1,4,7,1,8,
UT0120100,NEPHI PD,NEPHI PD,City,UT,2022,6739,10,0,10,1,3,4,11,3,14,2.08
OKDI18000,CHICKASAW NATION,CHICKASAW NATION,Tribal,OK,2022,0,88,4,92,7,20,27,95,24,119,
WA0310600,MOUNTLAKE TERRACE PD,MOUNTLAKE TERRACE PD,City,WA,2022,21589,23,1,24,4,7,11,27,8,35,1.62
NH0085000,NORTH HAMPTON PD,NORTH HAMPTON PD,City,NH,2022,4546,9,0,9,2,1,3,11,1,12,2.64
UT0290700,WEBER STATE COLLEGE PD,WEBER STATE COLLEGE PD,University or College,UT,2022,0,10,0,10,1,2,3,11,2,13,
IL0380100,WATSEKA PD,WATSEKA PD,City,IL,2022,4587,11,0,11,0,1,1,11,1,12,2.62
IA0840100,ORANGE CITY PD,ORANGE CITY PD,City,IA,2022,6220,8,0,8,0,0,0,8,0,8,1.29
MS0760000,WASHINGTON CO SO GREENVILLE,WASHINGTON CO SO GREENVILLE,County,MS,2022,8578,32,4,36,7,9,16,39,13,52,6.06
VA1230200,VA WESTERN COMMUNITY COLLEGE PD ROANOKE,VA WESTERN COMMUNITY COLLEGE PD ROANOKE,University or College,VA,2022,0,8,8,16,0,0,0,8,8,16,
AR0720700,GREENLAND PD,GREENLAND PD,City,AR,2022,1215,3,0,3,1,0,1,4,0,4,3.29
AR0030300,GASSVILLE PD,GASSVILLE PD,City,AR,2022,2208,4,0,4,0,0,0,4,0,4,1.81
NC0510800,SELMA PD,SELMA PD,City,NC,2022,6843,19,0,19,3,1,4,22,1,23,3.36
AL0590400,ALABASTER PD,ALABASTER PD,City,AL,2022,33974,65,5,70,3,9,12,68,14,82,2.41
PA0330100,BROCKWAY PD,BROCKWAY PD,City,PA,2022,2240,1,0,1,0,0,0,1,0,1,0.45
CA0150600,RIDGECREST PD,RIDGECREST PD,City,CA,2022,28290,25,5,30,3,12,15,28,17,45,1.59
LA0310200,RUSTON PD,RUSTON PD,City,LA,2022,22435,30,1,31,5,11,16,35,12,47,2.09
OK0280000,GREER,GREER,County,OK,2022,1070,3,2,5,0,5,5,3,7,10,9.35
AL0510400,EXCEL PD,EXCEL PD,City,AL,2022,546,2,0,2,0,0,0,2,0,2,3.66
LA0050000,AVOYELLES CO SO MARKSVILLE,AVOYELLES CO SO MARKSVILLE,County,LA,2022,26182,24,27,51,3,54,57,27,81,108,4.12
IL0310400,WHITE HALL PD,WHITE HALL PD,City,IL,2022,2313,5,2,7,0,2,2,5,4,9,3.89
WV0270000,MASON CO SO POINT PLEASANT,MASON CO SO POINT PLEASANT,County,WV,2022,17941,15,0,15,0,2,2,15,2,17,0.95
PA0060100,BIRDSBORO PD,BIRDSBORO PD,City,PA,2022,5103,7,0,7,0,1,1,7,1,8,1.57
SC038NR00,DNR: ORANGEBURG COUNTY,DNR: ORANGEBURG COUNTY,Other State Agency,SC,2022,0,6,0,6,0,0,0,6,0,6,
TN0370400,CHURCH HILL PD,CHURCH HILL PD,City,TN,2022,7105,7,0,7,1,0,1,8,0,8,1.13
CO0290000,JACKSON,JACKSON,County,CO,2022,1350,3,2,5,0,2,2,3,4,7,5.19
TX1551100,ROBINSON PD,ROBINSON PD,City,TX,2022,12954,18,5,23,4,6,10,22,11,33,2.55
WA0080300,CASTLE ROCK PD,CASTLE ROCK PD,City,WA,2022,2442,5,0,5,0,1,1,5,1,6,2.46
MI2521900,ARGENTINE TOWNSHIP PD LINDEN,ARGENTINE TOWNSHIP PD LINDEN,City,MI,2022,7002,4,0,4,1,0,1,5,0,5,0.71
WA0370300,EVERSON PD,EVERSON PD,City,WA,2022,4653,7,0,7,0,1,1,7,1,8,1.72
TX1580000,MARION CO SO JEFFERSON,MARION CO SO JEFFERSON,County,TX,2022,7766,7,0,7,1,1,2,8,1,9,1.16
NV0100200,YERINGTON PAIUTE TRIBAL PD YERINGTON,YERINGTON PAIUTE TRIBAL PD YERINGTON,Tribal,NV,2022,0,2,0,2,0,0,0,2,0,2,
TN0050100,ALCOA PD,ALCOA PD,City,TN,2022,11689,41,2,43,6,5,11,47,7,54,4.62
NY0362100,HOLLEY VILLAGE PD HOLLEY,HOLLEY VILLAGE PD HOLLEY,City,NY,2022,1718,2,0,2,0,0,0,2,0,2,1.16
OR0030400,LAKE OSWEGO,LAKE OSWEGO,City,OR,2022,40044,40,7,47,7,19,26,47,26,73,1.82
CA0490400,ROHNERT PARK PD,ROHNERT PARK PD,City,CA,2022,44479,60,2,62,12,24,36,72,26,98,2.20
IN0710000,ST JOSEPH CO SO SOUTH BEND,ST JOSEPH CO SO SOUTH BEND,County,IN,2022,108880,103,116,219,9,60,69,112,176,288,2.65
AR0730800,BRADFORD PD,BRADFORD PD,City,AR,2022,681,3,0,3,0,0,0,3,0,3,4.41
NJ0021900,FORT LEE PD,FORT LEE PD,City,NJ,2022,39636,88,8,96,11,13,24,99,21,120,3.03
CA0432000,SANTA CLARA COUNTY FIRE DEPT ARSON EXPLOSIVE UN,SANTA CLARA COUNTY FIRE DEPT ARSON EXPLOSIVE UN,University or College,CA,2022,0,6,5,11,0,7,7,6,12,18,
MA0110300,BRAINTREE PD,BRAINTREE PD,City,MA,2022,38835,81,9,90,10,11,21,91,20,111,2.86
MS0750000,WARREN CO SO VICKSBURG,WARREN CO SO VICKSBURG,County,MS,2022,22201,29,1,30,4,2,6,33,3,36,1.62
KS0280000,FINNEY CO SO GARDEN CITY,FINNEY CO SO GARDEN CITY,County,KS,2022,8048,29,17,46,6,36,42,35,53,88,10.93
IL0462100,,,University or College,IL,2022,0,3,4,7,0,0,0,3,4,7,
TX1570100,MADISONVILLE PD,MADISONVILLE PD,City,TX,2022,4670,9,0,9,1,3,4,10,3,13,2.78
MT0550000,WIBAUX CO SO WIBAUX,WIBAUX CO SO WIBAUX,County,MT,2022,940,3,0,3,0,0,0,3,0,3,3.19
PA0043800,NEW SEWICKLEY TWP PD ROCHESTER,NEW SEWICKLEY TWP PD ROCHESTER,City,PA,2022,7046,12,0,12,1,1,2,13,1,14,1.99
WI0240100,BERLIN PD,BERLIN PD,City,WI,2022,5665,11,0,11,0,1,1,11,1,12,2.12
WA0270700,FIFE PD,FIFE PD,City,WA,2022,10900,27,2,29,2,6,8,29,8,37,3.39
TN0400200,PURYEAR PD,PURYEAR PD,City,TN,2022,708,1,1,2,0,0,0,1,1,2,2.82
NJ0021100,ELMWOOD PARK PD,ELMWOOD PARK PD,City,NJ,2022,21154,49,3,52,3,2,5,52,5,57,2.69
MN0370100,DAWSON PD,DAWSON PD,City,MN,2022,1590,3,0,3,0,0,0,3,0,3,1.89
NJ0080000,GLOUCESTER CO SHERIFFS OFF WOODBURY,GLOUCESTER CO SHERIFFS OFF WOODBURY,County,NJ,2022,0,84,0,84,19,10,29,103,10,113,
NC0590000,MARTIN CO SO WILLIAMSTON,MARTIN CO SO WILLIAMSTON,County,NC,2022,15383,35,3,38,4,3,7,39,6,45,2.93
NC0330200,TARBORO PD,TARBORO PD,City,NC,2022,10492,25,2,27,2,5,7,27,7,34,3.24
CA0197800,CALIFORNIA STATE POLYTECHNIC UNIV PD POMONA,CALIFORNIA STATE POLYTECHNIC UNIV PD POMONA,University or College,CA,2022,0,16,11,27,3,16,19,19,27,46,
KS0570600,MARQUETTE PD,MARQUETTE PD,City,KS,2022,589,1,0,1,0,0,0,1,0,1,1.70
NY0100000,COLUMBIA CO SHERIFF'S DEPARTMENT HUDSON,COLUMBIA CO SHERIFF'S DEPARTMENT HUDSON,County,NY,2022,46259,44,10,54,6,6,12,50,16,66,1.43
KS0070100,HIAWATHA PD,HIAWATHA PD,City,KS,2022,3239,7,0,7,1,2,3,8,2,10,3.09
TN0550100,SELMER PD,SELMER PD,City,TN,2022,4419,11,0,11,2,2,4,13,2,15,3.39
TX2205500,,,Other,TX,2022,0,4,0,4,2,0,2,6,0,6,
SC0380900,NORWAY PD,NORWAY PD,City,SC,2022,277,1,0,1,0,0,0,1,0,1,3.61
CO0630200,YUMA,YUMA,City,CO,2022,3444,7,1,8,0,1,1,7,2,9,2.61
PA0231500,LANSDOWNE PD,LANSDOWNE PD,City,PA,2022,10948,15,0,15,1,2,3,16,2,18,1.64
NC0180800,CATAWBA PD,CATAWBA PD,City,NC,2022,706,1,0,1,0,0,0,1,0,1,1.42
NC0430500,ERWIN PD,ERWIN PD,City,NC,2022,4662,8,0,8,2,1,3,10,1,11,2.36
MA0080700,GRANBY PD,GRANBY PD,City,MA,2022,6036,10,3,13,1,1,2,11,4,15,2.49
OH0080200,GEORGETOWN,GEORGETOWN,City,OH,2022,4453,7,0,7,1,0,1,8,0,8,1.80
TX1710200,SUNRAY PD,SUNRAY PD,City,TX,2022,1701,4,0,4,0,1,1,4,1,5,2.94
SD0370000,JONES CO SO MURDO,JONES CO SO MURDO,County,SD,2022,406,2,0,2,0,0,0,2,0,2,4.93
LA0340100,BASTROP PD,BASTROP PD,City,LA,2022,9291,8,0,8,7,0,7,15,0,15,1.61
IN0290100,CARMEL PD,CARMEL PD,City,IN,2022,101670,121,10,131,16,15,31,137,25,162,1.59
MS0530100,STARKVILLE PD,STARKVILLE PD,City,MS,2022,24720,50,2,52,8,9,17,58,11,69,2.79
WV0260300,GLEN DALE PD,GLEN DALE PD,City,WV,2022,1467,6,0,6,0,0,0,6,0,6,4.09
RI0041600,BURRILLVILLE PD,BURRILLVILLE PD,City,RI,2022,16246,21,4,25,4,3,7,25,7,32,1.97
MN0870100,CANBY PD,CANBY PD,City,MN,2022,1682,2,0,2,0,0,0,2,0,2,1.19
OH0181500,CLEVELAND HEIGHTS,CLEVELAND HEIGHTS,City,OH,2022,44105,80,1,81,10,4,14,90,5,95,2.15
MO0240000,CLAY,CLAY,County,MO,2022,17777,117,28,145,29,41,70,146,69,215,12.09
AL0160000,CLARKE CO SO GROVE HILL,CLARKE CO SO GROVE HILL,County,AL,2022,12307,16,15,31,0,11,11,16,26,42,3.41
TN0500800,22ND JUD DIST DRUG & VIOLENT CRIME TASK FORCE,22ND JUD DIST DRUG & VIOLENT CRIME TASK FORCE,Other,TN,2022,0,1,0,1,0,0,0,1,0,1,
WI0710900,,,City,WI,2022,18866,25,0,25,3,4,7,28,4,32,1.70
TX2460400,HUTTO PD,HUTTO PD,City,TX,2022,33891,31,1,32,5,4,9,36,5,41,1.21
GA1140100,ZEBULON PD,ZEBULON PD,City,GA,2022,1289,7,0,7,0,0,0,7,0,7,5.43
AZ0140300,SOMERTON PD,SOMERTON PD,City,AZ,2022,14480,14,1,15,2,10,12,16,11,27,1.86
TX0770100,FLOYDADA PD,FLOYDADA PD,City,TX,2022,2638,4,0,4,2,0,2,6,0,6,2.27
OR0360800,YAMHILL,YAMHILL,City,OR,2022,1165,3,2,5,0,1,1,3,3,6,5.15
MN0650300,OLIVIA PD,OLIVIA PD,City,MN,2022,2327,3,0,3,1,0,1,4,0,4,1.72
AL0430000,LEE CO SO OPELIKA,LEE CO SO OPELIKA,County,AL,2022,61048,77,42,119,11,50,61,88,92,180,2.95
AL0380600,KINSEY PD,KINSEY PD,City,AL,2022,2290,2,0,2,0,0,0,2,0,2,0.87
IN0270200,MARION PD,MARION PD,City,IN,2022,28108,53,5,58,2,7,9,55,12,67,2.38
AK0010800,SEWARD PD,SEWARD PD,City,AK,2022,2667,9,6,15,0,7,7,9,13,22,8.25
OH0540500,FORT RECOVERY,FORT RECOVERY,City,OH,2022,1475,1,0,1,0,0,0,1,0,1,0.68
WY0130400,EVANSVILLE,EVANSVILLE,City,WY,2022,2738,10,0,10,3,2,5,13,2,15,5.48
AL0390200,BRIDGEPORT PD,BRIDGEPORT PD,City,AL,2022,2256,7,0,7,0,3,3,7,3,10,4.43
LA0150000,CONCORDIA CO SO VIDALIA,CONCORDIA CO SO VIDALIA,County,LA,2022,11322,20,0,20,3,0,3,23,0,23,2.03
AL0012500,TRAFFORD,TRAFFORD,City,AL,2022,598,4,3,7,1,1,2,5,4,9,15.05
GA0440300,AVONDALE ESTATES PD,AVONDALE ESTATES PD,City,GA,2022,3440,13,0,13,0,0,0,13,0,13,3.78
IL0540000,LOGAN CO SO LINCOLN,LOGAN CO SO LINCOLN,County,IL,2022,11716,20,12,32,0,16,16,20,28,48,4.10
PA0020500,CARNEGIE POLICE DEPARTMENT,CARNEGIE POLICE DEPARTMENT,City,PA,2022,7915,11,0,11,2,1,3,13,1,14,1.77
GA1020100,FORSYTH PD,FORSYTH PD,City,GA,2022,4608,13,0,13,2,2,4,15,2,17,3.69
KY0140200,CLOVERPORT PD,CLOVERPORT PD,City,KY,2022,1136,1,0,1,0,0,0,1,0,1,0.88
NH0031400,HINSDALE PD,HINSDALE PD,City,NH,2022,4033,6,0,6,1,1,2,7,1,8,1.98
VA0690100,LURAY PD,LURAY PD,City,VA,2022,4813,13,0,13,1,1,2,14,1,15,3.12
WI0620900,ELEVA PD,ELEVA PD,City,WI,2022,691,1,1,2,0,0,0,1,1,2,2.89
OR0330000,WASCO,WASCO,County,OR,2022,10671,14,1,15,1,11,12,15,12,27,2.53
ID0220200,ST ANTHONY PD,ST ANTHONY PD,City,ID,2022,3809,4,0,4,2,0,2,6,0,6,1.58
TN0792000,W TN JUDICIAL VIOLENT CRIME AND DRUG TASK FORCE,W TN JUDICIAL VIOLENT CRIME AND DRUG TASK FORCE,Other,TN,2022,0,6,0,6,0,1,1,6,1,7,
NC0410200,GREENSBORO PD,GREENSBORO PD,City,NC,2022,298719,468,56,524,105,90,195,573,146,719,2.41
GA1210700,COUNTY MARSHALL'S OFFICE AUGUSTA,COUNTY MARSHALL'S OFFICE AUGUSTA,Other,GA,2022,0,40,2,42,11,10,21,51,12,63,
FL0550100,ST AUGUSTINE PD,ST AUGUSTINE PD,City,FL,2022,14875,48,0,48,11,5,16,59,5,64,4.30
DE001300X,AG: KENT COUNTY,AG: KENT COUNTY,Other State Agency,DE,2022,0,7,21,28,1,57,58,8,78,86,
MS0170400,HORN LAKE PD,HORN LAKE PD,City,MS,2022,26729,34,1,35,7,17,24,41,18,59,2.21
AR0660900,,,City,AR,2022,501,1,0,1,0,0,0,1,0,1,2.00
MS0510300,,,City,MS,2022,1952,7,0,7,0,1,1,7,1,8,4.10
OR0030100,CANBY,CANBY,City,OR,2022,18101,22,1,23,3,3,6,25,4,29,1.60
TX0842800,,,Other,TX,2022,0,7,2,9,2,6,8,9,8,17,
GA0990200,GREENVILLE PD,GREENVILLE PD,City,GA,2022,799,3,0,3,1,1,2,4,1,5,6.26
SC0070200,BLUFFTON PD,BLUFFTON PD,City,SC,2022,36064,42,3,45,10,5,15,52,8,60,1.66
KS0680000,NESS CO SO NESS CITY,NESS CO SO NESS CITY,County,KS,2022,2669,6,2,8,1,2,3,7,4,11,4.12
FL0531000,LAKE ALFRED PD,LAKE ALFRED PD,City,FL,2022,6613,10,2,12,1,2,3,11,4,15,2.27
SC0402600,SOUTH CAROLINA DPS TRANSPORT POLICE DIVISION,SOUTH CAROLINA DPS TRANSPORT POLICE DIVISION,Other State Agency,SC,2022,0,7,6,13,0,11,11,7,17,24,
PA0230100,ASTON TWP PD ASTON,ASTON TWP PD ASTON,City,PA,2022,16645,21,0,21,1,2,3,22,2,24,1.44
DE0020400,NEW CASTLE PD,NEW CASTLE PD,City,DE,2022,5465,15,0,15,2,0,2,17,0,17,3.11
MI2525700,BISHOP INTERNATIONAL AIRPORT AUTH DPS FLINT,BISHOP INTERNATIONAL AIRPORT AUTH DPS FLINT,Other,MI,2022,0,12,0,12,1,1,2,13,1,14,
PA0520200,MILFORD PD,MILFORD PD,City,PA,2022,1149,2,0,2,0,0,0,2,0,2,1.74
TX0140600,,,City,TX,2022,1107,3,0,3,0,0,0,3,0,3,2.71
MNDI02300,UPPER SIOUX COMMUNITY,UPPER SIOUX COMMUNITY,Tribal,MN,2022,0,4,0,4,0,0,0,4,0,4,
WI0520700,MOUNT PLEASANT VILLAGE POLICE DEPARTMENT,MOUNT PLEASANT VILLAGE POLICE DEPARTMENT,City,WI,2022,27625,47,1,48,7,5,12,54,6,60,2.17
NJ0090800,NORTH BERGEN TWP PD NORTH BERGEN,NORTH BERGEN TWP PD NORTH BERGEN,City,NJ,2022,58378,106,4,110,19,10,29,125,14,139,2.38
WI0700300,PLAINFIELD PD,PLAINFIELD PD,City,WI,2022,937,1,1,2,0,0,0,1,1,2,2.13
TN013059E,,,University or College,TN,2022,0,9,21,30,1,9,10,10,30,40,
TX1940300,CITY OF BOGATA POLICE DEPARTMENT,CITY OF BOGATA POLICE DEPARTMENT,City,TX,2022,1098,2,0,2,1,0,1,3,0,3,2.73
WA0271900,RUSTON PD,RUSTON PD,City,WA,2022,1053,6,0,6,1,0,1,7,0,7,6.65
AL0610000,TALLADEGA CO SO TALLADEGA,TALLADEGA CO SO TALLADEGA,County,AL,2022,35962,39,28,67,1,24,25,40,52,92,2.56
NC0510200,BENSON PD,BENSON PD,City,NC,2022,4246,15,0,15,3,1,4,18,1,19,4.47
TX1016700,KATY INDEPENDENT SCHOOL DISTRICT PD KATY,KATY INDEPENDENT SCHOOL DISTRICT PD KATY,Other,TX,2022,0,50,9,59,16,14,30,66,23,89,
PA0463800,UPPER PROVIDENCE TWP PD OAKS,UPPER PROVIDENCE TWP PD OAKS,City,PA,2022,24741,27,1,28,1,3,4,28,4,32,1.29
AL0600000,SUMTER CO SO LIVINGSTON,SUMTER CO SO LIVINGSTON,County,AL,2022,6279,5,0,5,0,0,0,5,0,5,0.80
FL0051600,WEST MELBOURNE PD MELBOURNE,WEST MELBOURNE PD MELBOURNE,City,FL,2022,29221,43,2,45,4,8,12,47,10,57,1.95
NY0100100,HUDSON CITY PD HUDSON,HUDSON CITY PD HUDSON,City,NY,2022,5907,21,0,21,6,0,6,27,0,27,4.57
OR0350000,WHEELER,WHEELER,County,OR,2022,1441,3,0,3,0,0,0,3,0,3,2.08
PADAA390X,,,Other,PA,2022,0,36,0,36,1,1,2,37,1,38,
TX0612900,ROANOKE POLICE DEPT,ROANOKE POLICE DEPT,City,TX,2022,10024,25,1,26,4,10,14,29,11,40,3.99
PA0220400,LOWER PAXTON TWP PD HARRISBURG,LOWER PAXTON TWP PD HARRISBURG,City,PA,2022,54552,56,2,58,4,5,9,60,7,67,1.23
MI7328800,CARROLLTON TWP PD SAGINAW,CARROLLTON TWP PD SAGINAW,City,MI,2022,5669,6,0,6,0,0,0,6,0,6,1.06
SC0401400,PUBLIC SAFETY DEPT SC STATE MUSEUM COLUMBIA,PUBLIC SAFETY DEPT SC STATE MUSEUM COLUMBIA,Other State Agency,SC,2022,0,0,2,2,1,1,2,1,3,4,
PA0462500,ROYERSFORD PD,ROYERSFORD PD,City,PA,2022,4930,8,0,8,0,1,1,8,1,9,1.83
SD0670000,ZIEBACH CO SO DUPREE,ZIEBACH CO SO DUPREE,County,SD,2022,1770,2,0,2,0,0,0,2,0,2,1.13
NJ0180200,BERNARDS TWP PD BASKING RIDGE,BERNARDS TWP PD BASKING RIDGE,City,NJ,2022,27682,35,1,36,3,2,5,38,3,41,1.48
TX0610600,LEWISVILLE PD,LEWISVILLE PD,City,TX,2022,113568,149,25,174,17,41,58,166,66,232,2.04
MI2262600,NORWAY PD,NORWAY PD,City,MI,2022,2802,6,0,6,0,0,0,6,0,6,2.14
RI0020400,WEST WARWICK,WEST WARWICK,City,RI,2022,31227,42,3,45,2,8,10,44,11,55,1.76
KS0080200,EL DORADO POLICE DEPARTMENT,EL DORADO POLICE DEPARTMENT,City,KS,2022,12821,22,0,22,2,1,3,24,1,25,1.95
NJ0120900,OLD BRIDGE TWP PD OLD BRIDGE,OLD BRIDGE TWP PD OLD BRIDGE,City,NJ,2022,67876,93,7,100,6,16,22,99,23,122,1.80
AL0150100,BUTLER PD,BUTLER PD,City,AL,2022,1846,8,0,8,0,1,1,8,1,9,4.88
MD0110100,BRUNSWICK PD,BRUNSWICK PD,City,MD,2022,8279,16,0,16,0,0,0,16,0,16,1.93
PA0010400,MC SHERRYSTOWN PD,MC SHERRYSTOWN PD,City,PA,2022,3085,4,0,4,0,0,0,4,0,4,1.30
AL0631400,COALING,COALING,City,AL,2022,1987,4,0,4,0,0,0,4,0,4,2.01
GA1290100,AMERICUS PD,AMERICUS PD,City,GA,2022,15808,29,2,31,4,6,10,33,8,41,2.59
MA0122600,WEST BRIDGEWATER PD,WEST BRIDGEWATER PD,City,MA,2022,8087,22,2,24,1,2,3,23,4,27,3.34
LA0170300,ZACHARY PD,ZACHARY PD,City,LA,2022,20344,36,1,37,7,5,12,43,6,49,2.41
VA0670100,BLACKSTONE PD,BLACKSTONE PD,City,VA,2022,3347,12,0,12,0,3,3,12,3,15,4.48
NB0140300,LAUREL PD,LAUREL PD,City,NB,2022,962,1,0,1,0,0,0,1,0,1,1.04
KY0640100,LOUISA PD,LOUISA PD,City,KY,2022,2639,5,0,5,0,0,0,5,0,5,1.89
NY0532000,WAVERLY VILLAGE PD WAVERLY,WAVERLY VILLAGE PD WAVERLY,City,NY,2022,4233,9,0,9,0,1,1,9,1,10,2.36
LA0100800,MCNEESE STATE UNIV PD LAKE CHARLES,MCNEESE STATE UNIV PD LAKE CHARLES,University or College,LA,2022,0,4,2,6,2,4,6,6,6,12,
NJ0043100,SOMERDALE PD,SOMERDALE PD,City,NJ,2022,5531,18,0,18,0,1,1,18,1,19,3.44
NJ0141800,MENDHAM PD,MENDHAM PD,City,NJ,2022,4975,12,0,12,0,1,1,12,1,13,2.61
OK0411700,WELLSTON,WELLSTON,City,OK,2022,686,3,0,3,1,0,1,4,0,4,5.83
WV0170100,BRIDGEPORT PD,BRIDGEPORT PD,City,WV,2022,9206,34,0,34,2,4,6,36,4,40,4.34
NH0091600,MILTON PD,MILTON PD,City,NH,2022,4530,2,0,2,0,1,1,2,1,3,0.66
TX0210000,BRAZOS CO SO BRYAN,BRAZOS CO SO BRYAN,County,TX,2022,31497,90,61,151,6,66,72,96,127,223,7.08
ID0190000,CUSTER CO SO CHALLIS,CUSTER CO SO CHALLIS,County,ID,2022,3609,7,0,7,1,7,8,8,7,15,4.16
MA0031600,SEEKONK PD,SEEKONK PD,City,MA,2022,15692,35,0,35,3,2,5,38,2,40,2.55
MI7969500,REESE PD,REESE PD,City,MI,2022,1251,2,0,2,0,0,0,2,0,2,1.60
MN0670000,ROCK CO SO LUVERNE,ROCK CO SO LUVERNE,County,MN,2022,9670,14,2,16,0,3,3,14,5,19,1.96
OK0300000,HARPER,HARPER,County,OK,2022,1943,4,1,5,0,3,3,4,4,8,4.12
WADI08600,,,Tribal,WA,2022,0,11,1,12,0,0,0,11,1,12,
WV0240200,WAR PD,WAR PD,City,WV,2022,642,3,0,3,0,0,0,3,0,3,4.67
KY0120100,AUGUSTA PD,AUGUSTA PD,City,KY,2022,1104,4,0,4,0,0,0,4,0,4,3.62
MI1911900,CLINTON CO SO ST JOHNS,CLINTON CO SO ST JOHNS,County,MI,2022,33427,25,26,51,1,9,10,26,35,61,1.82
NY0290700,LYNBROOK VILLAGE PD LYNBROOK,LYNBROOK VILLAGE PD LYNBROOK,City,NY,2022,20200,49,0,49,0,7,7,49,7,56,2.77
NY0465100,GLENVILLE TOWN PD,GLENVILLE TOWN PD,City,NY,2022,22061,22,1,23,4,0,4,26,1,27,1.22
WI0200400,NORTH FOND DU LAC VILLAGE PD NORTH FOND DU LAC,NORTH FOND DU LAC VILLAGE PD NORTH FOND DU LAC,City,WI,2022,5423,9,0,9,0,2,2,9,2,11,2.03
SD0450000,MARSHALL CO SO BRITTON,MARSHALL CO SO BRITTON,County,SD,2022,4336,4,2,6,0,3,3,4,5,9,2.08
AR0660300,BARLING PD,BARLING PD,City,AR,2022,4894,9,0,9,1,0,1,10,0,10,2.04
WI0540700,ORFORDVILLE POLICE DEPARTMENT,ORFORDVILLE POLICE DEPARTMENT,City,WI,2022,1469,1,0,1,0,0,0,1,0,1,0.68
MI3238700,FAIRHAVEN TOWNSHIP POLICE DEPARTMENT0,FAIRHAVEN TOWNSHIP POLICE DEPARTMENT0,City,MI,2022,1087,1,0,1,0,0,0,1,0,1,0.92
AL0190300,NEW BROCKTON PD,NEW BROCKTON PD,City,AL,2022,1453,2,0,2,0,0,0,2,0,2,1.38
OH0730200,PORTSMOUTH,PORTSMOUTH,City,OH,2022,17896,38,2,40,4,9,13,42,11,53,2.96
PA0023400,MCCANDLESS PD WEXFORD,MCCANDLESS PD WEXFORD,City,PA,2022,29001,26,0,26,1,2,3,27,2,29,1.00
WI0137400,OREGON PD,OREGON PD,City,WI,2022,11538,14,0,14,4,3,7,18,3,21,1.82
OR0050200,RAINIER,RAINIER,City,OR,2022,1912,5,0,5,0,1,1,5,1,6,3.14
GA1210000,RICHMOND CO SO AUGUSTA,RICHMOND CO SO AUGUSTA,County,GA,2022,201250,302,112,414,43,126,169,345,238,583,2.90
OR0360100,MCMINNVILLE,MCMINNVILLE,City,OR,2022,34912,36,3,39,2,5,7,38,8,46,1.32
KS0210300,CHAPMAN PD,CHAPMAN PD,City,KS,2022,1381,3,0,3,0,0,0,3,0,3,2.17
OR007SP00,SP: CROOK COUNTY,SP: CROOK COUNTY,State Police,OR,2022,0,8,0,8,0,0,0,8,0,8,
TX1960200,,,City,TX,2022,1275,2,0,2,1,0,1,3,0,3,2.35
SC0310100,BISHOPVILLE PD,BISHOPVILLE PD,City,SC,2022,2899,9,0,9,0,2,2,9,2,11,3.79
NJ0140400,CHATHAM PD,CHATHAM PD,City,NJ,2022,9307,19,3,22,1,1,2,20,4,24,2.58
MA0110200,BELLINGHAM PD,BELLINGHAM PD,City,MA,2022,16965,23,3,26,2,6,8,25,9,34,2.00
KY0190000,CAMPBELL CO SO NEWPORT,CAMPBELL CO SO NEWPORT,County,KY,2022,0,16,2,18,1,6,7,17,8,25,
GA0470500,DOUGHERTY CO BRD EDUC DEPT SAFETY & SEC ALBANY,DOUGHERTY CO BRD EDUC DEPT SAFETY & SEC ALBANY,Other,GA,2022,0,14,3,17,3,0,3,17,3,20,
NM0260100,SANTA FE POLICE DEPARTMENT,SANTA FE POLICE DEPARTMENT,City,NM,2022,88705,122,16,138,20,21,41,142,37,179,2.02
CA0560000,VENTURA CO SO VENTURA,VENTURA CO SO VENTURA,County,CA,2022,93082,641,172,813,103,287,390,744,459,1203,12.92
UT0190000,SAN JUAN CO SO MONTICELLO,SAN JUAN CO SO MONTICELLO,County,UT,2022,11093,18,13,31,2,6,8,20,19,39,3.52
IA0780000,POTTAWATTAMIE CO SO COUNCIL BLUFFS,POTTAWATTAMIE CO SO COUNCIL BLUFFS,County,IA,2022,27156,49,95,144,6,60,66,55,155,210,7.73
NJ0201000,MOUNTAINSIDE PD,MOUNTAINSIDE PD,City,NJ,2022,7019,20,4,24,2,1,3,22,5,27,3.85
IL0991100,PLAINFIELD PD,PLAINFIELD PD,City,IL,2022,46004,53,1,54,8,14,22,61,15,76,1.65
NY0280000,MONTGOMERY CO SHERIFF'S DEPARTMENT FONDA,MONTGOMERY CO SHERIFF'S DEPARTMENT FONDA,County,NY,2022,26044,31,2,33,5,18,23,36,20,56,2.15
IA0160000,CEDAR CO SO TIPTON,CEDAR CO SO TIPTON,County,IA,2022,10093,14,7,21,0,17,17,14,24,38,3.76
NY0143200,AKRON VILLAGE PD AKRON,AKRON VILLAGE PD AKRON,City,NY,2022,2889,1,0,1,0,0,0,1,0,1,0.35
FL0130300,FLORIDA CITY PD,FLORIDA CITY PD,City,FL,2022,12485,32,1,33,3,9,12,35,10,45,3.60
NC0640000,NASH CO SO NASHVILLE,NASH CO SO NASHVILLE,County,NC,2022,47289,74,12,86,10,35,45,84,47,131,2.77
FL0062000,LIGHTHOUSE POINT PD,LIGHTHOUSE POINT PD,City,FL,2022,10283,27,2,29,3,6,9,30,8,38,3.70
PA040859E,,,University or College,PA,2022,0,14,7,21,3,5,8,17,12,29,
SC0231900,BOB JONES UNIVERSITY,BOB JONES UNIVERSITY,University or College,SC,2022,0,3,0,3,0,0,0,3,0,3,
CO0300400,LAKEWOOD,LAKEWOOD,City,CO,2022,157068,230,40,270,39,76,115,269,116,385,2.45
MI0938300,ESSEXVILLE PD,ESSEXVILLE PD,City,MI,2022,3300,6,0,6,0,0,0,6,0,6,1.82
MA0050800,GLOUCESTER PD,GLOUCESTER PD,City,MA,2022,30301,57,2,59,3,5,8,60,7,67,2.21
WV0400100,HURRICANE PD,HURRICANE PD,City,WV,2022,6874,18,0,18,1,2,3,19,2,21,3.05
MO0370200,HERMANN,HERMANN,City,MO,2022,2190,5,0,5,0,5,5,5,5,10,4.57
WV0310300,STAR CITY PD,STAR CITY PD,City,WV,2022,1825,6,0,6,1,1,2,7,1,8,4.38
GA0480100,DOUGLASVILLE PD,DOUGLASVILLE PD,City,GA,2022,36331,80,4,84,16,16,32,96,20,116,3.19
SC0370500,SALEM PD,SALEM PD,City,SC,2022,121,1,0,1,0,0,0,1,0,1,8.26
TX0310800,RIO HONDO PD,RIO HONDO PD,City,TX,2022,2012,6,0,6,1,0,1,7,0,7,3.48
MA0142600,LUNENBURG PD,LUNENBURG PD,City,MA,2022,11903,19,0,19,0,1,1,19,1,20,1.68
AR0041300,CENTERTON POLICE DEPARTMENT,CENTERTON POLICE DEPARTMENT,City,AR,2022,21927,21,0,21,2,2,4,23,2,25,1.14
TN0700000,POLK CO SO BENTON,POLK CO SO BENTON,County,TN,2022,16529,27,23,50,0,15,15,27,38,65,3.93
MI6348700,HUNTINGTON WOODS PD,HUNTINGTON WOODS PD,City,MI,2022,6286,16,0,16,1,1,2,17,1,18,2.86
OH0131600,UNION TOWNSHIP,UNION TOWNSHIP,City,OH,2022,50164,47,1,48,3,13,16,50,14,64,1.28
GA0604400,OFF OF CONSUMER AFFAIRS GEORGIA CRIMINAL DIV,OFF OF CONSUMER AFFAIRS GEORGIA CRIMINAL DIV,University or College,GA,2022,0,12,10,22,3,7,10,15,17,32,
NB0320000,FRONTIER CO SO STOCKVILLE,FRONTIER CO SO STOCKVILLE,County,NB,2022,2604,4,0,4,0,4,4,4,4,8,3.07
NJ0032000,MAPLE SHADE TWP PD MAPLE SHADE,MAPLE SHADE TWP PD MAPLE SHADE,City,NJ,2022,19911,34,0,34,3,4,7,37,4,41,2.06
SD0400000,LAWRENCE CO SO DEADWOOD,LAWRENCE CO SO DEADWOOD,County,SD,2022,9053,15,7,22,3,18,21,18,25,43,4.75
TX1760000,NEWTON CO SO NEWTON,NEWTON CO SO NEWTON,County,TX,2022,10397,6,0,6,3,0,3,9,0,9,0.87
NC0050200,JEFFERSON PD,JEFFERSON PD,City,NC,2022,1523,5,0,5,0,1,1,5,1,6,3.94
MA0010400,CHATHAM PD,CHATHAM PD,City,MA,2022,6844,16,1,17,3,5,8,19,6,25,3.65
NM0200100,TUCUMCARI PD,TUCUMCARI PD,City,NM,2022,5162,9,1,10,0,1,1,9,2,11,2.13
FL0461300,,,University or College,FL,2022,0,3,0,3,1,0,1,4,0,4,
MN0560000,OTTER TAIL CO SO FERGUS FALLS,OTTER TAIL CO SO FERGUS FALLS,County,MN,2022,35803,37,27,64,2,19,21,39,46,85,2.37
GA0670900,SUWANEE PD,SUWANEE PD,City,GA,2022,22911,34,1,35,5,10,15,39,11,50,2.18
KS0390100,ANTHONY PD,ANTHONY PD,City,KS,2022,1993,4,0,4,0,1,1,4,1,5,2.51
MA0121200,KINGSTON PD,KINGSTON PD,City,MA,2022,14484,24,3,27,0,5,5,24,8,32,2.21
CA0330000,RIVERSIDE CO SO RIVERSIDE,RIVERSIDE CO SO RIVERSIDE,County,CA,2022,411496,1488,1205,2693,171,1089,1260,1659,2294,3953,9.61
NV0150000,STOREY CO SO VIRGINIA CITY,STOREY CO SO VIRGINIA CITY,County,NV,2022,4185,23,0,23,2,3,5,25,3,28,6.69
KY0590200,ELSMERE POLICE DEPARTMENT,ELSMERE POLICE DEPARTMENT,City,KY,2022,9157,15,0,15,2,0,2,17,0,17,1.86
NC0920100,RALEIGH PD,RALEIGH PD,City,NC,2022,470829,567,75,642,70,72,142,637,147,784,1.67
KS0580200,MARION PD,MARION PD,City,KS,2022,1897,5,0,5,0,0,0,5,0,5,2.64
ME0080200,DAMARISCOTTA PD,DAMARISCOTTA PD,City,ME,2022,2332,5,0,5,0,1,1,5,1,6,2.57
WI0540300,EDGERTON PD,EDGERTON PD,City,WI,2022,5954,9,0,9,1,1,2,10,1,11,1.85
UT0230200,GRANTSVILLE PD,GRANTSVILLE PD,City,UT,2022,14431,18,0,18,2,3,5,20,3,23,1.59
NY0333200,SKANEATELES VILLAGE PD SKANEATELES,SKANEATELES VILLAGE PD SKANEATELES,City,NY,2022,2546,4,0,4,0,1,1,4,1,5,1.96
WI0600400,ELKHART LAKE PD,ELKHART LAKE PD,City,WI,2022,957,3,0,3,0,1,1,3,1,4,4.18
MS0610000,RANKIN CO SO BRANDON,RANKIN CO SO BRANDON,County,MS,2022,81788,104,60,164,6,51,57,110,111,221,2.70
NC0660300,GASTON PD,GASTON PD,City,NC,2022,973,1,0,1,0,0,0,1,0,1,1.03
MA0010200,BOURNE PD BUZZARDS BAY,BOURNE PD BUZZARDS BAY,City,MA,2022,21127,34,1,35,6,7,13,40,8,48,2.27
OH0040800,ORWELL,ORWELL,City,OH,2022,1530,3,0,3,2,0,2,5,0,5,3.27
CT0019000,CENTRAL CONN STATE UNIVERSITY NEW BRITAIN,CENTRAL CONN STATE UNIVERSITY NEW BRITAIN,University or College,CT,2022,0,14,2,16,3,5,8,17,7,24,
MO0390700,FAIR GROVE,FAIR GROVE,City,MO,2022,1619,4,0,4,2,0,2,6,0,6,3.71
NC0740900,EAST CAROLINA UNIVERSITY POLICE GREENVILLE,EAST CAROLINA UNIVERSITY POLICE GREENVILLE,University or College,NC,2022,0,38,3,41,12,10,22,50,13,63,
CT0014400,TRUMBULL PD,TRUMBULL PD,City,CT,2022,37192,59,3,62,8,7,15,67,10,77,2.07
AL0090100,UNION SPRINGS PD,UNION SPRINGS PD,City,AL,2022,3301,8,2,10,0,7,7,8,9,17,5.15
MI8269300,REDFORD TWP PD REDFORD,REDFORD TWP PD REDFORD,City,MI,2022,48267,45,3,48,7,8,15,52,11,63,1.31
FL0050600,INDIAN HARBOUR BEACH PD,INDIAN HARBOUR BEACH PD,City,FL,2022,8950,18,3,21,2,6,8,20,9,29,3.24
OH0400400,OAK HILL,OAK HILL,City,OH,2022,1399,4,0,4,0,0,0,4,0,4,2.86
MA0052000,MIDDLETON PD,MIDDLETON PD,City,MA,2022,9790,14,0,14,3,1,4,17,1,18,1.84
PA0210600,LOWER ALLEN TWP PD CAMP HILL,LOWER ALLEN TWP PD CAMP HILL,City,PA,2022,20288,22,1,23,4,2,6,26,3,29,1.43
MN0273000,MEDINA PD HAMEL,MEDINA PD HAMEL,City,MN,2022,6753,11,0,11,0,1,1,11,1,12,1.78
MT0450300,THOMPSON FALLS PD,THOMPSON FALLS PD,City,MT,2022,1447,4,0,4,0,0,0,4,0,4,2.76
CA0101500,SELMA PD,SELMA PD,City,CA,2022,24595,27,2,29,2,11,13,29,13,42,1.71
NC001069E,ELON UNIVERSITY,ELON UNIVERSITY,University or College,NC,2022,0,15,12,27,2,7,9,17,19,36,
WA0210300,MORTON PD,MORTON PD,City,WA,2022,1083,3,0,3,1,0,1,4,0,4,3.69
PA0154400,VALLEY TWP PD COATESVILLE,VALLEY TWP PD COATESVILLE,City,PA,2022,7935,9,0,9,1,0,1,10,0,10,1.26
MN0080200,SLEEPY EYE PD,SLEEPY EYE PD,City,MN,2022,3411,5,0,5,2,0,2,7,0,7,2.05
SC0162600,STP: DARLINGTON COUNTY,STP: DARLINGTON COUNTY,Other State Agency,SC,2022,0,1,0,1,0,0,0,1,0,1,
CA0271200,MARINA PD,MARINA PD,City,CA,2022,22651,24,0,24,5,8,13,29,8,37,1.63
WI0460600,SAUKVILLE PD,SAUKVILLE PD,City,WI,2022,4283,11,0,11,0,2,2,11,2,13,3.04
WI0221400,UNIVERSITY OF WI PLATTEVILLE POLICE DEPT,UNIVERSITY OF WI PLATTEVILLE POLICE DEPT,University or College,WI,2022,0,7,0,7,1,1,2,8,1,9,
NC0430600,ST PARK RANGER RAVEN ROCK ST PARK LILLINGTON,ST PARK RANGER RAVEN ROCK ST PARK LILLINGTON,Other State Agency,NC,2022,0,2,1,3,1,1,2,3,2,5,
OH0762500,UNIONTOWN,UNIONTOWN,City,OH,2022,3304,9,5,14,1,0,1,10,5,15,4.54
WI0240300,MARKESAN PD,MARKESAN PD,City,WI,2022,1386,4,0,4,0,0,0,4,0,4,2.89
AR0680200,HARDY POLICE DEPARTMENT HARDY,HARDY POLICE DEPARTMENT HARDY,City,AR,2022,766,3,0,3,1,0,1,4,0,4,5.22
TX2120900,UNIV OF TEXAS AT TYLER PD TYLER,UNIV OF TEXAS AT TYLER PD TYLER,University or College,TX,2022,0,8,12,20,3,5,8,11,17,28,
NH0023200,TUFTONBORO PD,TUFTONBORO PD,City,NH,2022,2614,3,0,3,1,0,1,4,0,4,1.53
AL0030000,MONTGOMERY CO SO MONTGOMERY,MONTGOMERY CO SO MONTGOMERY,County,AL,2022,29930,105,10,115,13,32,45,118,42,160,5.35
NY0356900,WOODBURY TOWN PD HIGHLAND MILLS,WOODBURY TOWN PD HIGHLAND MILLS,City,NY,2022,11705,19,2,21,1,2,3,20,4,24,2.05
MD0040400,MORGAN STATE UNIV PD BALTIMORE,MORGAN STATE UNIV PD BALTIMORE,University or College,MD,2022,0,30,0,30,3,0,3,33,0,33,
NJ0151400,LAKEWOOD TOWNSHIP PD,LAKEWOOD TOWNSHIP PD,City,NJ,2022,141190,146,4,150,9,29,38,155,33,188,1.33
MI5515500,MENOMINEE CO SO MENOMINEE,MENOMINEE CO SO MENOMINEE,County,MI,2022,14862,25,0,25,10,1,11,35,1,36,2.42
IL0250000,EFFINGHAM CO SO EFFINGHAM,EFFINGHAM CO SO EFFINGHAM,County,IL,2022,18283,19,14,33,1,13,14,20,27,47,2.57
PA0380600,SOUTH LEBANON TWP PD LEBANON,SOUTH LEBANON TWP PD LEBANON,City,PA,2022,10481,9,0,9,0,1,1,9,1,10,0.95
WI0540200,JANESVILLE PD,JANESVILLE PD,City,WI,2022,66242,93,0,93,11,13,24,104,13,117,1.77
ME0060700,WINSLOW PD,WINSLOW PD,City,ME,2022,7970,11,0,11,1,1,2,12,1,13,1.63
OH0770000,SUMMIT,SUMMIT,County,OH,2022,50834,231,6,237,52,53,105,283,59,342,6.73
NC0910500,ST PARK RANGER KERR LAKE ST REC AREA HENDERSON,ST PARK RANGER KERR LAKE ST REC AREA HENDERSON,Other State Agency,NC,2022,0,6,10,16,2,4,6,8,14,22,
LA0570000,VERMILION COUNTY SHERIFFS OFFICE ABBEVILLE,VERMILION COUNTY SHERIFFS OFFICE ABBEVILLE,County,LA,2022,37355,95,4,99,15,20,35,110,24,134,3.59
MADI01000,WAMPANOAG TRIBE GAY HEAD,WAMPANOAG TRIBE GAY HEAD,Tribal,MA,2022,0,2,0,2,0,0,0,2,0,2,
OK0720000,TULSA,TULSA,County,OK,2022,38151,186,180,366,33,169,202,219,349,568,14.89
OK0680600,,,City,OK,2022,250,2,0,2,0,0,0,2,0,2,8.00
MS0080000,CARROLL CO SO CARROLLTON,CARROLL CO SO CARROLLTON,County,MS,2022,9056,8,0,8,1,1,2,9,1,10,1.10
OH0471400,,,City,OH,2022,4444,15,0,15,1,5,6,16,5,21,4.73
GA0360000,COLUMBIA CO SO APPLING,COLUMBIA CO SO APPLING,County,GA,2022,141826,178,42,220,25,85,110,203,127,330,2.33
WV0520700,LAW ENF DIV DEPT NATRL RESRCS NEW MARTINSVILLE,LAW ENF DIV DEPT NATRL RESRCS NEW MARTINSVILLE,Other State Agency,WV,2022,0,1,0,1,0,0,0,1,0,1,
TN0400100,PARIS PD,PARIS PD,City,TN,2022,10371,21,3,24,6,9,15,27,12,39,3.76
MT0150000,FLATHEAD CO SO KALISPELL,FLATHEAD CO SO KALISPELL,County,MT,2022,69631,53,30,83,4,21,25,57,51,108,1.55
KY0220000,CARTER CO SO GRAYSON,CARTER CO SO GRAYSON,County,KY,2022,20991,10,0,10,1,3,4,11,3,14,0.67
AL0051300,SPANISH FORT POLICE DEPARTMENT,SPANISH FORT POLICE DEPARTMENT,City,AL,2022,10689,27,0,27,1,4,5,28,4,32,2.99
MO0540200,CONCORDIA,CONCORDIA,City,MO,2022,2331,9,0,9,0,0,0,9,0,9,3.86
NC0630300,ROBBINS PD,ROBBINS PD,City,NC,2022,1220,5,0,5,0,0,0,5,0,5,4.10
IL0620000,MARSHALL CO SO LACON,MARSHALL CO SO LACON,County,IL,2022,6158,9,4,13,0,5,5,9,9,18,2.92
MO0830200,PLATTE CITY,PLATTE CITY,City,MO,2022,4775,9,0,9,1,0,1,10,0,10,2.09
PA0211000,SHIREMANSTOWN PD,SHIREMANSTOWN PD,City,PA,2022,1648,2,0,2,0,0,0,2,0,2,1.21
WA0341900,EVERGREEN STATE COLLEGE POLICE SERVICES,EVERGREEN STATE COLLEGE POLICE SERVICES,University or College,WA,2022,0,5,2,7,0,4,4,5,6,11,
NC0760300,LIBERTY PD,LIBERTY PD,City,NC,2022,2686,10,0,10,0,1,1,10,1,11,4.10
SC043FC00,FC: SUMTER COUNTY,FC: SUMTER COUNTY,Other State Agency,SC,2022,0,1,0,1,0,0,0,1,0,1,
IA0690100,RED OAK PD,RED OAK PD,City,IA,2022,5568,13,0,13,0,2,2,13,2,15,2.69
MOSPD0000,ST. LOUIS,ST. LOUIS,City,MO,2022,286053,845,121,966,165,226,391,1010,347,1357,4.74
GA1130000,PIERCE CO SO BLACKSHEAR,PIERCE CO SO BLACKSHEAR,County,GA,2022,15954,25,15,40,1,16,17,26,31,57,3.57
KS0760000,PRATT CO SO PRATT,PRATT CO SO PRATT,County,KS,2022,2630,10,5,15,0,2,2,10,7,17,6.46
IA0080100,BOONE PD,BOONE PD,City,IA,2022,12491,15,0,15,1,1,2,16,1,17,1.36
MI3787000,CENTRAL MICHIGAN UNIV PD MT PLEASANT,CENTRAL MICHIGAN UNIV PD MT PLEASANT,University or College,MI,2022,0,19,1,20,3,6,9,22,7,29,
MNMHP0900,DPS-SP DISTRICT 3200 THIEF RIVER FALLS,DPS-SP DISTRICT 3200 THIEF RIVER FALLS,State Police,MN,2022,0,28,0,28,1,1,2,29,1,30,
PA0633300,SOUTH STRABANE TWP PD WASHINGTON,SOUTH STRABANE TWP PD WASHINGTON,City,PA,2022,9654,19,0,19,1,1,2,20,1,21,2.18
CO0550000,SAGUACHE,SAGUACHE,County,CO,2022,4670,12,0,12,3,7,10,15,7,22,4.71
TX0840200,DICKINSON PD,DICKINSON PD,City,TX,2022,21936,28,2,30,4,14,18,32,16,48,2.19
NJ0021600,ENGLEWOOD CLIFFS PD,ENGLEWOOD CLIFFS PD,City,NJ,2022,5352,24,0,24,0,1,1,24,1,25,4.67
KS0390200,ATTICA PD,ATTICA PD,City,KS,2022,493,1,0,1,0,0,0,1,0,1,2.03
NY0357600,CRAWFORD TOWN,CRAWFORD TOWN,City,NY,2022,9179,8,0,8,3,1,4,11,1,12,1.31
NH0087400,WINDHAM PD,WINDHAM PD,City,NH,2022,15994,16,1,17,2,6,8,18,7,25,1.56
NJ0158900,OCEAN CO PROSECUTOR TOMS RIVER,OCEAN CO PROSECUTOR TOMS RIVER,Other,NJ,2022,0,48,32,80,18,78,96,66,110,176,
SD0280000,HAMLIN CO SO HAYTI,HAMLIN CO SO HAYTI,County,SD,2022,5768,6,0,6,0,0,0,6,0,6,1.04
OK0580200,MIAMI,MIAMI,City,OK,2022,12904,29,1,30,1,10,11,30,11,41,3.18
WV0330200,PAW PAW PD,PAW PAW PD,City,WV,2022,413,1,0,1,0,0,0,1,0,1,2.42
NC0650800,ST PARK RANGERST PARK CAROLINA BEACH,ST PARK RANGERST PARK CAROLINA BEACH,Other State Agency,NC,2022,0,3,0,3,1,0,1,4,0,4,
WI0500200,PLOVER PD,PLOVER PD,City,WI,2022,13850,19,0,19,2,3,5,21,3,24,1.73
TX2200200,AZLE PD,AZLE PD,City,TX,2022,13615,29,0,29,2,13,15,31,13,44,3.23
TX0470000,COMANCHE CO SO COMANCHE,COMANCHE CO SO COMANCHE,County,TX,2022,7450,9,9,18,0,14,14,9,23,32,4.30
AR0210000,DESHA CO SO ARKANSAS CITY,DESHA CO SO ARKANSAS CITY,County,AR,2022,3389,6,0,6,0,1,1,6,1,7,2.07
MS0180700,,,University or College,MS,2022,0,3,0,3,1,0,1,4,0,4,
SC0381100,SANTEE PD,SANTEE PD,City,SC,2022,780,6,0,6,0,0,0,6,0,6,7.69
AL0460400,,,City,AL,2022,566,1,0,1,0,0,0,1,0,1,1.77
IL0491900,ROUND LAKE PARK PD ROUND LAKE,ROUND LAKE PARK PD ROUND LAKE,City,IL,2022,7699,10,2,12,2,1,3,12,3,15,1.95
MI8158400,MILAN PD,MILAN PD,City,MI,2022,5994,13,1,14,1,1,2,14,2,16,2.67
NY0320100,ROME CITY PD ROME,ROME CITY PD ROME,City,NY,2022,31834,62,0,62,11,2,13,73,2,75,2.36
MA0141800,HARDWICK PD,HARDWICK PD,City,MA,2022,2672,7,0,7,0,0,0,7,0,7,2.62
AR0030400,LAKEVIEW POLICE DEPARTMENT LAKEVIEW,LAKEVIEW POLICE DEPARTMENT LAKEVIEW,City,AR,2022,784,2,0,2,0,0,0,2,0,2,2.55
NY0310000,NIAGARA CO SHERIFF'S DEPARTMENT LOCKPORT,NIAGARA CO SHERIFF'S DEPARTMENT LOCKPORT,County,NY,2022,84375,97,25,122,13,38,51,110,63,173,2.05
WV0250200,MANNINGTON PD,MANNINGTON PD,City,WV,2022,1934,2,0,2,0,0,0,2,0,2,1.03
MN0350000,KITTSON CO SO HALLOCK,KITTSON CO SO HALLOCK,County,MN,2022,3239,5,1,6,0,5,5,5,6,11,3.40
DE0012000,ST FIRE MARSHAL DOVER,ST FIRE MARSHAL DOVER,Other State Agency,DE,2022,0,18,14,32,1,17,18,19,31,50,
MI7617600,SANILAC CO SO SANDUSKY,SANILAC CO SO SANDUSKY,County,MI,2022,30846,24,18,42,2,14,16,26,32,58,1.88
NJ0160400,HAWTHORNE PD,HAWTHORNE PD,City,NJ,2022,19163,34,1,35,2,5,7,36,6,42,2.19
WV0251100,BARRACKVILLE POLICE DEPARTMENT BARRACKVILLE,BARRACKVILLE POLICE DEPARTMENT BARRACKVILLE,City,WV,2022,1203,1,0,1,0,0,0,1,0,1,0.83
NC0830000,SCOTLAND CO SO LAURINBURG,SCOTLAND CO SO LAURINBURG,County,NC,2022,18466,31,14,45,5,14,19,36,28,64,3.47
AZDI06900,YAVAPAI APACHE NATION PD,YAVAPAI APACHE NATION PD,Tribal,AZ,2022,0,11,1,12,2,2,4,13,3,16,
AZ0020700,HUACHUCA CITY PD,HUACHUCA CITY PD,City,AZ,2022,1622,3,1,4,1,1,2,4,2,6,3.70
PA0041600,NEW BRIGHTON PD,NEW BRIGHTON PD,City,PA,2022,8617,10,0,10,0,0,0,10,0,10,1.16
WA0130700,GRAND COULEE PD,GRAND COULEE PD,City,WA,2022,1919,8,0,8,0,0,0,8,0,8,4.17
NC0160800,DIV MARINE FISHERIES ENFORCE UNIT MOREHEAD CITY,DIV MARINE FISHERIES ENFORCE UNIT MOREHEAD CITY,Other State Agency,NC,2022,0,46,1,47,3,8,11,49,9,58,
NJ0111700,STATE ENV PROTECT DIV FISH & GAME TRENTON,STATE ENV PROTECT DIV FISH & GAME TRENTON,Other State Agency,NJ,2022,0,45,0,45,7,3,10,52,3,55,
CA0400800,ATASCADERO PD,ATASCADERO PD,City,CA,2022,29679,28,4,32,3,6,9,31,10,41,1.38
GA0690000,HALL CO SO GAINESVILLE,HALL CO SO GAINESVILLE,County,GA,2022,147182,233,64,297,38,75,113,271,139,410,2.79
SD0050100,BROOKINGS PD,BROOKINGS PD,City,SD,2022,23725,34,3,37,1,12,13,35,15,50,2.11
NC0320400,ST PARK RANGER ENO RIVER STATE PARK DURHAM,ST PARK RANGER ENO RIVER STATE PARK DURHAM,Other State Agency,NC,2022,0,3,4,7,2,0,2,5,4,9,
OH0410000,JEFFERSON,JEFFERSON,County,OH,2022,18014,33,15,48,3,21,24,36,36,72,4.00
MT0120000,DEER LODGE CO SO ANACONDA,DEER LODGE CO SO ANACONDA,County,MT,2022,9570,19,0,19,2,0,2,21,0,21,2.19
SC0262600,STATE TRANSPORT POLICE,STATE TRANSPORT POLICE,Other State Agency,SC,2022,0,2,0,2,0,0,0,2,0,2,
TX0152000,JUDSON INDEP SCHOOL DISTRICT POLICE DEPT BEXAR,JUDSON INDEP SCHOOL DISTRICT POLICE DEPT BEXAR,Other,TX,2022,0,22,0,22,3,1,4,25,1,26,
WV0280800,LAW ENF DIV DEPT NATRL RESOURCES PRINCETON,LAW ENF DIV DEPT NATRL RESOURCES PRINCETON,Other State Agency,WV,2022,0,2,0,2,0,0,0,2,0,2,
AL0410100,FLORENCE PD,FLORENCE PD,City,AL,2022,40063,105,5,110,6,27,33,111,32,143,3.57
UT0182800,GRANITE SCHOOL DISTRICT POLICE SALT LAKE CITY,GRANITE SCHOOL DISTRICT POLICE SALT LAKE CITY,Other,UT,2022,0,21,2,23,1,6,7,22,8,30,
WI0380400,,,City,WI,2022,724,0,0,0,1,0,1,1,0,1,1.38
VA0110000,BLAND CO SO BLAND,BLAND CO SO BLAND,County,VA,2022,6121,13,4,17,1,5,6,14,9,23,3.76
NJ0023800,NEW MILFORD PD,NEW MILFORD PD,City,NJ,2022,16897,35,1,36,2,4,6,37,5,42,2.49
SC0320600,CHAPIN POLICE DEPARTMENT,CHAPIN POLICE DEPARTMENT,City,SC,2022,1876,7,0,7,0,0,0,7,0,7,3.73
SC0170200,LAKEVIEW PD,LAKEVIEW PD,City,SC,2022,744,3,0,3,1,0,1,4,0,4,5.38
KY0150500,HILLVIEW CITY PD SHEPHERDSVILLE,HILLVIEW CITY PD SHEPHERDSVILLE,City,KY,2022,8721,21,0,21,0,1,1,21,1,22,2.52
TX0920800,,,University or College,TX,2022,0,3,0,3,1,1,2,4,1,5,
WI0620700,OSSEO PD,OSSEO PD,City,WI,2022,1778,3,0,3,1,0,1,4,0,4,2.25
TX0203200,ALVIN INDEPENDENT SCHOOL DISTRICT POLICE DEPT,ALVIN INDEPENDENT SCHOOL DISTRICT POLICE DEPT,Other,TX,2022,0,30,4,34,10,6,16,40,10,50,
CO0600200,CRIPPLE CREEK,CRIPPLE CREEK,City,CO,2022,1146,5,2,7,1,6,7,6,8,14,12.22
LA0200000,EVANGELINE CO SO VILLE PLATTE,EVANGELINE CO SO VILLE PLATTE,County,LA,2022,21360,37,2,39,10,21,31,47,23,70,3.28
NJ0110700,LAWRENCE TOWNSHIP PD LAWRENCEVILLE,LAWRENCE TOWNSHIP PD LAWRENCEVILLE,City,NJ,2022,32949,55,3,58,5,3,8,60,6,66,2.00
MA0070900,HOLLAND,HOLLAND,City,MA,2022,2585,2,0,2,0,0,0,2,0,2,0.77
AR0680400,CHEROKEE VILLAGE POLICE DEPARTMENT,CHEROKEE VILLAGE POLICE DEPARTMENT,City,AR,2022,4944,7,1,8,0,0,0,7,1,8,1.62
MS0710100,IUKA PD,IUKA PD,City,MS,2022,3051,8,1,9,1,2,3,9,3,12,3.93
PA0024300,STOWE TWP PD MC KEES ROCKS,STOWE TWP PD MC KEES ROCKS,City,PA,2022,6258,11,0,11,0,0,0,11,0,11,1.76
AR0590000,PRAIRIE CO SO DES ARC,PRAIRIE CO SO DES ARC,County,AR,2022,4777,8,7,15,0,13,13,8,20,28,5.86
TX2480000,WINKLER CO SO KERMIT,WINKLER CO SO KERMIT,County,TX,2022,545,10,6,16,2,10,12,12,16,28,51.38
IL0370200,ANNAWAN PD,ANNAWAN PD,City,IL,2022,874,1,0,1,0,0,0,1,0,1,1.14
CA0198200,CALIFORNIA STATE UNIVE PD LONG BEACH,CALIFORNIA STATE UNIVE PD LONG BEACH,University or College,CA,2022,0,17,5,22,4,9,13,21,14,35,
NC0460100,AHOSKIE PD,AHOSKIE PD,City,NC,2022,4830,14,0,14,4,2,6,18,2,20,4.14
WI0370100,ROTHSCHILD PD,ROTHSCHILD PD,City,WI,2022,5522,11,0,11,1,2,3,12,2,14,2.54
MN0700900,PRIOR LAKE PD,PRIOR LAKE PD,City,MN,2022,28559,30,0,30,2,4,6,32,4,36,1.26
NH0070000,SO MERRIMACK COUNTY CONCORD,SO MERRIMACK COUNTY CONCORD,County,NH,2022,0,11,22,33,2,9,11,13,31,44,
NH0072400,FRANKLIN PD,FRANKLIN PD,City,NH,2022,8850,15,1,16,4,6,10,19,7,26,2.94
PA0080400,TOWANDA PD,TOWANDA PD,City,PA,2022,2786,6,0,6,0,0,0,6,0,6,2.15
WY0010200,UNIVERSITY PD,UNIVERSITY PD,University or College,WY,2022,0,13,9,22,2,2,4,15,11,26,
OK0402600,SHADY POINT,SHADY POINT,City,OK,2022,990,2,0,2,0,0,0,2,0,2,2.02
CO0622800,SEVERANCE,SEVERANCE,City,CO,2022,11574,5,0,5,3,2,5,8,2,10,0.86
GA0750400,LOCUST GROVE PD,LOCUST GROVE PD,City,GA,2022,10394,26,0,26,1,4,5,27,4,31,2.98
NY0030100,BINGHAMTON CITY PD BINGHAMTON,BINGHAMTON CITY PD BINGHAMTON,City,NY,2022,47259,112,3,115,12,8,20,124,11,135,2.86
TX0260100,CALDWELL PD,CALDWELL PD,City,TX,2022,4249,9,0,9,0,1,1,9,1,10,2.35
MD0040600,SHERIFF OFFICE BALTIMORE CITY,SHERIFF OFFICE BALTIMORE CITY,City,MD,2022,0,88,9,97,21,35,56,109,44,153,
NC0100200,SHALLOTTE PD,SHALLOTTE PD,City,NC,2022,4453,13,0,13,3,1,4,16,1,17,3.82
IA0850000,STORY CO SO NEVADA,STORY CO SO NEVADA,County,IA,2022,18358,5,26,31,29,27,56,34,53,87,4.74
NC0970000,WILKES CO SO WILKESBORO,WILKES CO SO WILKESBORO,County,NC,2022,58205,73,38,111,7,24,31,80,62,142,2.44
KS0610000,MIAMI CO SO PAOLA,MIAMI CO SO PAOLA,County,KS,2022,16477,35,9,44,3,16,19,38,25,63,3.82
CA0211000,SAUSALITO PD,SAUSALITO PD,City,CA,2022,7152,15,0,15,3,6,9,18,6,24,3.36
KS0570100,MCPHERSON PD,MCPHERSON PD,City,KS,2022,13853,27,0,27,7,5,12,34,5,39,2.82
ND0340300,,,City,ND,2022,737,1,0,1,0,0,0,1,0,1,1.36
MS0580000,PONTOTOC CO SO PONTOTOC,PONTOTOC CO SO PONTOTOC,County,MS,2022,25879,20,5,25,2,10,12,22,15,37,1.43
AR0230100,CONWAY PD,CONWAY PD,City,AR,2022,66487,105,9,114,18,29,47,123,38,161,2.42
LA0090800,,,City,LA,2022,212,1,0,1,0,0,0,1,0,1,4.72
TX1170500,STINNETT,STINNETT,City,TX,2022,1639,2,0,2,0,0,0,2,0,2,1.22
NJ0143900,WHARTON PD,WHARTON PD,City,NJ,2022,7225,24,0,24,0,2,2,24,2,26,3.60
NC0660000,NORTHAMPTON CO SO JACKSON,NORTHAMPTON CO SO JACKSON,County,NC,2022,12545,28,8,36,7,15,22,35,23,58,4.62
TX1260500,JOSHUA PD,JOSHUA PD,City,TX,2022,8256,12,0,12,4,1,5,16,1,17,2.06
CA0010200,ALBANY PD,ALBANY PD,City,CA,2022,19011,21,2,23,1,9,10,22,11,33,1.74
CA0550000,TUOLUMNE CO SO SONORA,TUOLUMNE CO SO SONORA,County,CA,2022,51144,53,27,80,4,35,39,57,62,119,2.33
OK0370000,KINGFISHER,KINGFISHER,County,OK,2022,6767,13,11,24,0,7,7,13,18,31,4.58
NB0910000,WEBSTER CO SO RED CLOUD,WEBSTER CO SO RED CLOUD,County,NB,2022,3438,5,0,5,1,5,6,6,5,11,3.20
TN0560000,MACON CO SO LAFAYETTE,MACON CO SO LAFAYETTE,County,TN,2022,19386,32,19,51,1,16,17,33,35,68,3.51
WI0540100,BELOIT PD,BELOIT PD,City,WI,2022,36784,59,3,62,10,9,19,69,12,81,2.20
CA0010000,ALAMEDA CO SO OAKLAND,ALAMEDA CO SO OAKLAND,County,CA,2022,146620,934,198,1132,128,364,492,1062,562,1624,11.08
GA1240100,SYLVANIA PD,SYLVANIA PD,City,GA,2022,2663,9,0,9,0,3,3,9,3,12,4.51
MO0955700,PAGEDALE,PAGEDALE,City,MO,2022,2527,22,0,22,0,1,1,22,1,23,9.10
TX0200500,FREEPORT PD,FREEPORT PD,City,TX,2022,10500,22,2,24,6,11,17,28,13,41,3.90
WI0280700,WATERLOO PD,WATERLOO PD,City,WI,2022,3475,6,0,6,0,1,1,6,1,7,2.01
KS0790100,BELLEVILLE PD,BELLEVILLE PD,City,KS,2022,2015,3,0,3,2,0,2,5,0,5,2.48
WV0270300,MASON PD,MASON PD,City,WV,2022,846,5,0,5,0,1,1,5,1,6,7.09
TX1400300,LITTLEFIELD PD,LITTLEFIELD PD,City,TX,2022,5814,12,0,12,0,7,7,12,7,19,3.27
MI2595000,MOTT COMM COLL CAMPUS SECRTY SVCS FLINT,MOTT COMM COLL CAMPUS SECRTY SVCS FLINT,University or College,MI,2022,0,18,2,20,3,8,11,21,10,31,
KS0750000,POTTAWATOMIE CO SO WESTMORELAND,POTTAWATOMIE CO SO WESTMORELAND,County,KS,2022,16684,25,2,27,2,13,15,27,15,42,2.52
PA0671500,NORTHERN YORK CO REGIONAL PD DOVER,NORTHERN YORK CO REGIONAL PD DOVER,City,PA,2022,89256,58,0,58,4,5,9,62,5,67,0.75
ME0120000,SAGADAHOC CO SO BATH,SAGADAHOC CO SO BATH,County,ME,2022,13241,18,0,18,0,2,2,18,2,20,1.51
MN0691700,HERMANTOWN PD,HERMANTOWN PD,City,MN,2022,10218,14,0,14,2,3,5,16,3,19,1.86
TX2201300,GRAPEVINE PD,GRAPEVINE PD,City,TX,2022,50988,85,15,100,10,34,44,95,49,144,2.82
NC0230800,ST PARK RANGER CROWDERS MTN ST P KINGS MOUNTAIN,ST PARK RANGER CROWDERS MTN ST P KINGS MOUNTAIN,Other State Agency,NC,2022,0,5,3,8,0,2,2,5,5,10,
FL0110000,COLLIER CO SO NAPLES,COLLIER CO SO NAPLES,County,FL,2022,363680,499,123,622,79,270,349,578,393,971,2.67
KSKHP1000,,,State Police,KS,2022,0,19,0,19,0,1,1,19,1,20,
MI3875500,SPRING ARBOR TOWNSHIP PD SPRING ARBOR,SPRING ARBOR TOWNSHIP PD SPRING ARBOR,City,MI,2022,8426,2,0,2,0,0,0,2,0,2,0.24
KY0030100,LAWRENCEBURG PD,LAWRENCEBURG PD,City,KY,2022,11855,14,0,14,1,7,8,15,7,22,1.86
TX1261200,VENUS,VENUS,City,TX,2022,7843,12,0,12,4,0,4,16,0,16,2.04
WI0681800,BROOKFIELD TWP PD WAUKESHA,BROOKFIELD TWP PD WAUKESHA,City,WI,2022,6429,13,0,13,3,1,4,16,1,17,2.64
MD0172100,PRINCE GEORGES COUNTY POLICE DEPARTMENT,PRINCE GEORGES COUNTY POLICE DEPARTMENT,County,MD,2022,729194,1237,72,1309,207,152,359,1444,224,1668,2.29
AL0420200,TOWN CREEK PD,TOWN CREEK PD,City,AL,2022,1052,3,0,3,0,0,0,3,0,3,2.85
AL0281100,FYFFE PD,FYFFE PD,City,AL,2022,963,5,0,5,0,0,0,5,0,5,5.19
IL0870000,SHELBY CO SO SHELBYVILLE,SHELBY CO SO SHELBYVILLE,County,IL,2022,13162,12,9,21,1,10,11,13,19,32,2.43
MN0430700,WINSTED PD,WINSTED PD,City,MN,2022,2197,3,0,3,1,0,1,4,0,4,1.82
MO0100000,BOONE,BOONE,County,MO,2022,47491,48,8,56,2,15,17,50,23,73,1.54
OH0350100,NAPOLEON,NAPOLEON,City,OH,2022,8744,15,1,16,0,5,5,15,6,21,2.40
IA0080000,BOONE CO SO BOONE,BOONE CO SO BOONE,County,IA,2022,12291,12,7,19,0,9,9,12,16,28,2.28
OR0020200,PHILOMATH,PHILOMATH,City,OR,2022,5881,8,0,8,0,1,1,8,1,9,1.53
LA0600000,WEBSTER CO SO MINDEN,WEBSTER CO SO MINDEN,County,LA,2022,17120,14,0,14,5,0,5,19,0,19,1.11
MN0810300,WASECA PD,WASECA PD,City,MN,2022,9253,11,0,11,5,2,7,16,2,18,1.95
AZ0130700,PRESCOTT PD,PRESCOTT PD,City,AZ,2022,47878,67,3,70,5,14,19,72,17,89,1.86
NC0470000,HOKE CO SO RAEFORD,HOKE CO SO RAEFORD,County,NC,2022,49558,55,23,78,13,26,39,68,49,117,2.36
MNDI07000,FOND DU LAC TRIBAL,FOND DU LAC TRIBAL,Tribal,MN,2022,0,18,0,18,2,2,4,20,2,22,
LA0020000,ALLEN CO SO OBERLIN,ALLEN CO SO OBERLIN,County,LA,2022,12273,24,51,75,2,47,49,26,98,124,10.10
NC0010300,GRAHAM PD,GRAHAM PD,City,NC,2022,17377,34,1,35,8,3,11,42,4,46,2.65
MO0670400,BERTRAND,BERTRAND,City,MO,2022,719,1,0,1,0,0,0,1,0,1,1.39
IL0169900,ROSEMONT DEPT OF PUBLIC SAFETY ROSEMONT,ROSEMONT DEPT OF PUBLIC SAFETY ROSEMONT,City,IL,2022,3779,76,8,84,3,8,11,79,16,95,25.14
TN0950200,WATERTOWN PD,WATERTOWN PD,City,TN,2022,1556,6,1,7,0,0,0,6,1,7,4.50
NY0040000,CATTARAUGUS CO SHERIFF'S DEPT LITTLE VALLEY,CATTARAUGUS CO SHERIFF'S DEPT LITTLE VALLEY,County,NY,2022,48863,45,8,53,9,19,28,54,27,81,1.66
NC0740800,WINTERVILLE PD,WINTERVILLE PD,City,NC,2022,10725,19,3,22,3,0,3,22,3,25,2.33
FL0133900,MICCOSUKEE PUBLIC SAFETY DEPT MIAMI,MICCOSUKEE PUBLIC SAFETY DEPT MIAMI,Tribal,FL,2022,0,47,5,52,3,8,11,50,13,63,
IA0260000,DAVIS CO SO BLOOMFIELD,DAVIS CO SO BLOOMFIELD,County,IA,2022,6481,6,0,6,0,1,1,6,1,7,1.08
IA0070300,WATERLOO PD,WATERLOO PD,City,IA,2022,66504,105,0,105,15,9,24,120,9,129,1.94
FL0501300,GULF STEAM PD DELRAY BEACH,GULF STEAM PD DELRAY BEACH,City,FL,2022,950,11,0,11,0,0,0,11,0,11,11.58
GA0610000,GILMER CO SO ELLIJAY,GILMER CO SO ELLIJAY,County,GA,2022,29750,54,15,69,9,23,32,63,38,101,3.39
MT0250200,EAST HELENA PD,EAST HELENA PD,City,MT,2022,1973,5,0,5,0,1,1,5,1,6,3.04
NH0047000,WHITEFIELD PD,WHITEFIELD PD,City,NH,2022,2563,5,0,5,1,1,2,6,1,7,2.73
WI0020000,ASHLAND CO SO ASHLAND,ASHLAND CO SO ASHLAND,County,WI,2022,8244,21,10,31,2,15,17,23,25,48,5.82
NC0610000,MITCHELL CO SO BAKERSVILLE,MITCHELL CO SO BAKERSVILLE,County,NC,2022,12436,18,0,18,2,1,3,20,1,21,1.69
GA0360200,HARLEM PD,HARLEM PD,City,GA,2022,4130,7,0,7,0,1,1,7,1,8,1.94
PA0115300,CRYOLE TOWNSHIP POLICE DEPARTMENT SUMMERHILL,CRYOLE TOWNSHIP POLICE DEPARTMENT SUMMERHILL,City,PA,2022,2280,1,0,1,0,0,0,1,0,1,0.44
KS0120000,CHEYENNE CO SO ST FRANCIS,CHEYENNE CO SO ST FRANCIS,County,KS,2022,2649,6,0,6,0,1,1,6,1,7,2.64
TX0520100,CRANE PD,CRANE PD,City,TX,2022,3485,8,1,9,2,4,6,10,5,15,4.30
CA0101300,SANGER PD,SANGER PD,City,CA,2022,26806,35,3,38,3,3,6,38,6,44,1.64
TX1090000,HILL CO SO HILLSBORO,HILL CO SO HILLSBORO,County,TX,2022,23637,28,15,43,4,27,31,32,42,74,3.13
NM0050100,CLOVIS PD,CLOVIS PD,City,NM,2022,37734,53,10,63,5,11,16,58,21,79,2.09
AR0380200,HOXIE PD,HOXIE PD,City,AR,2022,2710,4,0,4,0,0,0,4,0,4,1.48
WV0190400,HARPERS FERRY PD,HARPERS FERRY PD,City,WV,2022,1298,3,0,3,0,0,0,3,0,3,2.31
FL0522900,UNIV OF SOUTH FLORIDA PD ST PETE,UNIV OF SOUTH FLORIDA PD ST PETE,University or College,FL,2022,0,13,3,16,1,3,4,14,6,20,
MD0041000,COPPIN STATE COLLEGE PD BALTIMORE,COPPIN STATE COLLEGE PD BALTIMORE,University or College,MD,2022,0,11,1,12,0,10,10,11,11,22,
WI0710100,MENASHA PD,MENASHA PD,City,WI,2022,17971,27,0,27,5,7,12,32,7,39,2.17
WA0360000,WALLA WALLA CO SO WALLA WALLA,WALLA WALLA CO SO WALLA WALLA,County,WA,2022,19198,27,5,32,2,4,6,29,9,38,1.98
VA0260000,DICKENSON CO SO CLINTWOOD,DICKENSON CO SO CLINTWOOD,County,VA,2022,11494,22,4,26,1,10,11,23,14,37,3.22
IL1010600,ROSCOE PD,ROSCOE PD,City,IL,2022,10815,12,0,12,3,1,4,15,1,16,1.48
OH0410500,WINTERSVILLE,WINTERSVILLE,City,OH,2022,3724,8,0,8,0,1,1,8,1,9,2.42
OR0260300,PORT OF PORTLAND,PORT OF PORTLAND,Other,OR,2022,0,40,7,47,7,12,19,47,19,66,
TX2340300,GRAND SALINE POLICE DEPT,GRAND SALINE POLICE DEPT,City,TX,2022,3236,8,0,8,1,1,2,9,1,10,3.09
TX0750800,FLATONIA PD,FLATONIA PD,City,TX,2022,1348,5,0,5,1,0,1,6,0,6,4.45
IL0390300,SOUTHERN ILL UNIV PD CARBONDALE,SOUTHERN ILL UNIV PD CARBONDALE,University or College,IL,2022,0,26,6,32,5,8,13,31,14,45,
MA0040700,WEST TISBURY PD,WEST TISBURY PD,City,MA,2022,3757,10,0,10,0,1,1,10,1,11,2.93
PA0235500,,,University or College,PA,2022,0,4,1,5,1,0,1,5,1,6,
AR0190000,CROSS CO SO WYNNE,CROSS CO SO WYNNE,County,AR,2022,7060,18,21,39,0,8,8,18,29,47,6.66
TN0090200,BRUCETON PD,BRUCETON PD,City,TN,2022,1496,5,0,5,0,0,0,5,0,5,3.34
MD0060000,CAROLINE CO SO DENTON,CAROLINE CO SO DENTON,County,MD,2022,22308,33,1,34,4,3,7,37,4,41,1.84
VA0510100,KILMARNOCK PD,KILMARNOCK PD,City,VA,2022,1419,3,0,3,3,0,3,6,0,6,4.23
MN0270300,BROOKLYN PARK PD,BROOKLYN PARK PD,City,MN,2022,82682,86,15,101,12,36,48,98,51,149,1.80
MA0140500,BERLIN PD,BERLIN PD,City,MA,2022,4137,8,0,8,2,1,3,10,1,11,2.66
KY0310000,EDMONSON CO SO BROWNSVILLE,EDMONSON CO SO BROWNSVILLE,County,KY,2022,11501,4,2,6,0,0,0,4,2,6,0.52
IN0540000,MONTGOMERY CO SO CRAWFORDSVILLE,MONTGOMERY CO SO CRAWFORDSVILLE,County,IN,2022,21780,24,30,54,2,19,21,26,49,75,3.44
FL0101200,,,Other,FL,2022,0,37,0,37,8,1,9,45,1,46,
IN0690100,BATESVILLE PD,BATESVILLE PD,City,IN,2022,7308,11,1,12,2,4,6,13,5,18,2.46
TN0830900,VOLUNTEER ST COMM COLLEGE SAFETY & SEC GALLATIN,VOLUNTEER ST COMM COLLEGE SAFETY & SEC GALLATIN,University or College,TN,2022,0,7,1,8,2,1,3,9,2,11,
WVWSP2900,STATE POLICE MORGANTOWN,STATE POLICE MORGANTOWN,State Police,WV,2022,0,13,0,13,1,2,3,14,2,16,
NJ013559E,MONMOUTH UNIVERSITY,MONMOUTH UNIVERSITY,University or College,NJ,2022,0,12,8,20,2,6,8,14,14,28,
AR0720500,FARMINGTON PD,FARMINGTON PD,City,AR,2022,8862,19,0,19,1,0,1,20,0,20,2.26
MNDI00500,LEECH LAKE BAND OF OJIBWE,LEECH LAKE BAND OF OJIBWE,Tribal,MN,2022,0,23,6,29,2,16,18,25,22,47,
NY0352200,CORNWALL ON HUDSON VILLAGE POLICE DEPARTMENT,CORNWALL ON HUDSON VILLAGE POLICE DEPARTMENT,City,NY,2022,3056,3,0,3,0,0,0,3,0,3,0.98
AL0380100,DOTHAN PD,DOTHAN PD,City,AL,2022,71196,163,26,189,16,50,66,179,76,255,3.58
AZ0109700,UNIVERSITY OF ARIZONA PD TUCSON,UNIVERSITY OF ARIZONA PD TUCSON,University or College,AZ,2022,0,51,15,66,10,24,34,61,39,100,
NJ0150300,BEACH HAVEN PD,BEACH HAVEN PD,City,NJ,2022,1082,9,0,9,3,1,4,12,1,13,12.01
PA0630400,PETERS TWP PD MCMURRAY,PETERS TWP PD MCMURRAY,City,PA,2022,23148,22,0,22,3,1,4,25,1,26,1.12
IA0030500,,,City,IA,2022,945,3,0,3,0,0,0,3,0,3,3.17
TX2380000,WARD CO SO MONAHANS,WARD CO SO MONAHANS,County,TX,2022,3630,19,8,27,1,16,17,20,24,44,12.12
PA0191500,LOCUST TWP PD CATAWISSA,LOCUST TWP PD CATAWISSA,City,PA,2022,2024,6,0,6,0,0,0,6,0,6,2.96
IL0223000,WILLOWBROOK PD,WILLOWBROOK PD,City,IL,2022,9037,20,0,20,4,2,6,24,2,26,2.88
MA0030800,FALL RIVER PD,FALL RIVER PD,City,MA,2022,94339,201,22,223,19,22,41,220,44,264,2.80
PA0650700,MONESSEN PD,MONESSEN PD,City,PA,2022,6768,11,0,11,2,1,3,13,1,14,2.07
SC040219E,COLUMBIA COLLEGE,COLUMBIA COLLEGE,University or College,SC,2022,0,8,1,9,1,1,2,9,2,11,
MO0500700,ARNOLD,ARNOLD,City,MO,2022,20794,50,0,50,4,7,11,54,7,61,2.93
NC0790700,STONEVILLE PD,STONEVILLE PD,City,NC,2022,1318,4,0,4,0,0,0,4,0,4,3.03
VA0220100,BERRYVILLE PD,BERRYVILLE PD,City,VA,2022,4588,9,0,9,0,1,1,9,1,10,2.18
TX2202500,CITY OF SANSOM PARK PD FORT WORTH,CITY OF SANSOM PARK PD FORT WORTH,City,TX,2022,5336,6,4,10,5,3,8,11,7,18,3.37
WV0360000,PENDLETON CO SO FRANKLIN,PENDLETON CO SO FRANKLIN,County,WV,2022,6146,4,1,5,0,0,0,4,1,5,0.81
NY0542500,CAYUGA HEIGHTS VILLAGE PD CAYUGA HEIGHTS,CAYUGA HEIGHTS VILLAGE PD CAYUGA HEIGHTS,City,NY,2022,3977,6,0,6,1,1,2,7,1,8,2.01
TX2510000,YOAKUM CO SO PLAINS,YOAKUM CO SO PLAINS,County,TX,2022,3245,16,0,16,5,1,6,21,1,22,6.78
IL1011200,ROCK VALLEY COLLEGE PD ROCKFORD,ROCK VALLEY COLLEGE PD ROCKFORD,University or College,IL,2022,0,8,1,9,1,2,3,9,3,12,
IL0990400,CREST HILL PD JOLIET,CREST HILL PD JOLIET,City,IL,2022,20197,28,0,28,4,2,6,32,2,34,1.68
OH0312000,LOVELAND,LOVELAND,City,OH,2022,13095,16,1,17,4,3,7,20,4,24,1.83
AZ0076200,,,University or College,AZ,2022,0,64,3,67,5,9,14,69,12,81,
NY244UK00,SUNY A&T COL: CANTON,SUNY A&T COL: CANTON,University or College,NY,2022,0,9,0,9,1,0,1,10,0,10,
OH0451100,PATASKALA,PATASKALA,City,OH,2022,18283,21,0,21,2,1,3,23,1,24,1.31
CT0006200,HAMDEN PD,HAMDEN PD,City,CT,2022,60831,73,7,80,12,18,30,85,25,110,1.81
KS0461700,SPRING HILL PD,SPRING HILL PD,City,KS,2022,9024,12,0,12,3,1,4,15,1,16,1.77
OK0241000,,,City,OK,2022,710,1,0,1,0,0,0,1,0,1,1.41
PA0045100,SHIPPINGPORT PD,SHIPPINGPORT PD,City,PA,2022,156,2,0,2,0,0,0,2,0,2,12.82
WI0410600,GLENDALE PD,GLENDALE PD,City,WI,2022,13004,37,37,74,4,10,14,41,47,88,6.77
TX1110100,GRANBURY PD,GRANBURY PD,City,TX,2022,12132,41,2,43,1,5,6,42,7,49,4.04
OKDI15000,COMANCHE NATION,COMANCHE NATION,Tribal,OK,2022,0,15,0,15,4,8,12,19,8,27,
OK0510700,FORT GIBSON,FORT GIBSON,City,OK,2022,3818,10,0,10,3,1,4,13,1,14,3.67
ME0161100,NORTH BERWICK PD,NORTH BERWICK PD,City,ME,2022,5163,8,0,8,1,1,2,9,1,10,1.94
MA0113800,,,University or College,MA,2022,0,6,0,6,2,0,2,8,0,8,
IL0100700,UNIV ILLINOIS PD CHAMPAIGN,UNIV ILLINOIS PD CHAMPAIGN,University or College,IL,2022,0,48,30,78,18,13,31,66,43,109,
MO1150300,MOUNTAIN GROVE,MOUNTAIN GROVE,City,MO,2022,4530,15,0,15,0,0,0,15,0,15,3.31
CA0370200,CHULA VISTA PD,CHULA VISTA PD,City,CA,2022,277976,202,26,228,50,70,120,252,96,348,1.25
AL0540100,ALICEVILLE PD,ALICEVILLE PD,City,AL,2022,2081,2,0,2,0,0,0,2,0,2,0.96
TX2140000,STARR CO SO RIO GRANDE CITY,STARR CO SO RIO GRANDE CITY,County,TX,2022,38202,38,42,80,7,26,33,45,68,113,2.96
SC0420300,DUNCAN PD,DUNCAN PD,City,SC,2022,4241,14,0,14,6,1,7,20,1,21,4.95
TX2371200,,,Other,TX,2022,0,3,0,3,1,1,2,4,1,5,
NY0122400,HANCOCK VILLAGE PD HANCOCK,HANCOCK VILLAGE PD HANCOCK,City,NY,2022,914,0,0,0,1,0,1,1,0,1,1.09
TX0190000,BOWIE CO SO TEXARKANA,BOWIE CO SO TEXARKANA,County,TX,2022,37821,31,1,32,4,6,10,35,7,42,1.11
LA0060100,DE RIDDER PD,DE RIDDER PD,City,LA,2022,9674,25,0,25,3,5,8,28,5,33,3.41
NH0051400,BRISTOL PD,BRISTOL PD,City,NH,2022,3303,9,0,9,0,1,1,9,1,10,3.03
NH0055000,LITTLETON PD,LITTLETON PD,City,NH,2022,6058,12,0,12,1,2,3,13,2,15,2.48
OK0620100,ADA,ADA,City,OK,2022,16946,29,1,30,3,2,5,32,3,35,2.07
NJ0026700,WESTWOOD PD,WESTWOOD PD,City,NJ,2022,11149,27,2,29,1,3,4,28,5,33,2.96
MO0481100,SUGAR CREEK,SUGAR CREEK,City,MO,2022,3177,15,0,15,2,4,6,17,4,21,6.61
CA0020000,ALPINE CO SO MARKLEEVILLE,ALPINE CO SO MARKLEEVILLE,County,CA,2022,1274,12,0,12,0,3,3,12,3,15,11.77
MA0070600,EAST LONGMEADOW PD,EAST LONGMEADOW PD,City,MA,2022,16458,26,0,26,1,3,4,27,3,30,1.82
PA0130000,CARBON CO SO JIM THORPE,CARBON CO SO JIM THORPE,County,PA,2022,0,12,1,13,5,3,8,17,4,21,
TX1390200,PARIS POLICE DEPART,PARIS POLICE DEPART,City,TX,2022,24392,42,3,45,1,22,23,43,25,68,2.79
FL0400100,MADISON PD,MADISON PD,City,FL,2022,2993,13,0,13,1,1,2,14,1,15,5.01
OK0700200,HOOKER,HOOKER,City,OK,2022,1705,4,0,4,0,2,2,4,2,6,3.52
AL0210000,CONECUH CO SO EVERGREEN,CONECUH CO SO EVERGREEN,County,AL,2022,7130,10,19,29,0,9,9,10,28,38,5.33
ID0010300,MERIDIAN PD,MERIDIAN PD,City,ID,2022,132522,122,10,132,10,28,38,132,38,170,1.28
OH0313100,SHARONVILLE,SHARONVILLE,City,OH,2022,13879,37,2,39,2,8,10,39,10,49,3.53
WA0140200,ELMA PD,ELMA PD,City,WA,2022,3509,6,0,6,1,2,3,7,2,9,2.56
MT0270200,EUREKA PD,EUREKA PD,City,MT,2022,1489,3,0,3,0,0,0,3,0,3,2.01
AL0012200,ADAMSVILLE PD,ADAMSVILLE PD,City,AL,2022,4233,13,3,16,0,7,7,13,10,23,5.43
UT0200000,SANPETE CO SO MANTI,SANPETE CO SO MANTI,County,UT,2022,11121,27,22,49,2,12,14,29,34,63,5.66
NC0790000,ROCKINGHAM CO SO WENTWORTH,ROCKINGHAM CO SO WENTWORTH,County,NC,2022,56314,76,21,97,13,20,33,89,41,130,2.31
MD0220000,WASHINGTON CO SO HAGERSTOWN,WASHINGTON CO SO HAGERSTOWN,County,MD,2022,103431,95,109,204,8,43,51,103,152,255,2.47
NJ0061400,VINELAND PD,VINELAND PD,City,NJ,2022,61110,128,4,132,13,24,37,141,28,169,2.77
OH0050200,GLOUSTER,GLOUSTER,City,OH,2022,1611,2,0,2,0,0,0,2,0,2,1.24
CA0560800,VENTURA PD,VENTURA PD,City,CA,2022,109439,114,11,125,17,38,55,131,49,180,1.64
WA0290200,MOUNT VERNON POLICE DEPARTMENT,MOUNT VERNON POLICE DEPARTMENT,City,WA,2022,35511,35,1,36,4,13,17,39,14,53,1.49
AK0011800,NORTH SLOPE BOROUGH PD,NORTH SLOPE BOROUGH PD,City,AK,2022,10959,37,11,48,3,18,21,40,29,69,6.30
NJ0192200,VERNON TWP PD VERNON,VERNON TWP PD VERNON,City,NJ,2022,22623,31,3,34,1,6,7,32,9,41,1.81
GA1060400,COLUMBUS COLLEGE CAMPUS SAFETY SEC PD COLUMBUS,COLUMBUS COLLEGE CAMPUS SAFETY SEC PD COLUMBUS,University or College,GA,2022,0,18,2,20,6,4,10,24,6,30,
NJ0025700,SADDLE BROOK PD,SADDLE BROOK PD,City,NJ,2022,14408,28,1,29,2,2,4,30,3,33,2.29
OH0040000,ASHTABULA,ASHTABULA,County,OH,2022,50240,38,26,64,1,24,25,39,50,89,1.77
TX1440100,GIDDINGS PD,GIDDINGS PD,City,TX,2022,5144,15,2,17,1,4,5,16,6,22,4.28
TN0090300,MC KENZIE PD,MC KENZIE PD,City,TN,2022,5451,11,1,12,0,4,4,11,5,16,2.94
OK0402300,POCOLA,POCOLA,City,OK,2022,4402,8,1,9,1,4,5,9,5,14,3.18
FL0480000,ORANGE CO SO ORLANDO,ORANGE CO SO ORLANDO,County,FL,2022,905855,1365,164,1529,237,440,677,1602,604,2206,2.44
MA0031500,REHOBOTH PD,REHOBOTH PD,City,MA,2022,12936,25,2,27,2,6,8,27,8,35,2.71
NY0592500,DOBBS FERRY VILLAGE PD,DOBBS FERRY VILLAGE PD,City,NY,2022,11361,25,2,27,1,0,1,26,2,28,2.46
MT0440000,ROSEBUD CO SO FORSYTH,ROSEBUD CO SO FORSYTH,County,MT,2022,5945,13,6,19,1,6,7,14,12,26,4.37
SD0330000,HUTCHINSON CO SO OLIVET,HUTCHINSON CO SO OLIVET,County,SD,2022,3425,3,0,3,0,1,1,3,1,4,1.17
NH0021400,EFFINGHAM PD,EFFINGHAM PD,City,NH,2022,1781,2,0,2,0,0,0,2,0,2,1.12
MDMSP0000,MD STATE POLICE PIKESVILLE,MD STATE POLICE PIKESVILLE,State Police,MD,2022,0,1344,370,1714,110,362,472,1454,732,2186,
WA0090200,EAST WENATCHEE PD,EAST WENATCHEE PD,City,WA,2022,14243,21,0,21,1,4,5,22,4,26,1.83
KS0810200,KS STATE UNIV PD MANHATTAN,KS STATE UNIV PD MANHATTAN,University or College,KS,2022,0,14,6,20,2,4,6,16,10,26,
OK0730300,COWETA,COWETA,City,OK,2022,10623,15,1,16,0,6,6,15,7,22,2.07
KS0050400,CLAFLIN PD,CLAFLIN PD,City,KS,2022,549,1,0,1,0,0,0,1,0,1,1.82
MS0170000,DE SOTO CO SO HERNANDO,DE SOTO CO SO HERNANDO,County,MS,2022,48717,148,72,220,13,62,75,161,134,295,6.06
GA0605400,ATLANTA PUBLIC SCHOOLS POLICE DEPARTMENT,ATLANTA PUBLIC SCHOOLS POLICE DEPARTMENT,Other,GA,2022,0,62,0,62,32,1,33,94,1,95,
TX0920500,LONGVIEW PD,LONGVIEW PD,City,TX,2022,81811,135,6,141,20,38,58,155,44,199,2.43
VTVSP0300,STATE POLICE RUTLAND,STATE POLICE RUTLAND,State Police,VT,2022,25060,20,0,20,0,2,2,20,2,22,0.88
CA0440400,SCOTTS VALLEY PD,SCOTTS VALLEY PD,City,CA,2022,12196,14,1,15,2,8,10,16,9,25,2.05
FL0500600,PALM BEACH PD,PALM BEACH PD,City,FL,2022,9222,58,9,67,7,17,24,65,26,91,9.87
MS0590000,PRENTISS CO SO BOONEVILLE,PRENTISS CO SO BOONEVILLE,County,MS,2022,14474,18,8,26,1,9,10,19,17,36,2.49
GA0870100,DUBLIN PD,DUBLIN PD,City,GA,2022,16111,41,1,42,8,6,14,49,7,56,3.48
TN0570100,JACKSON PD,JACKSON PD,City,TN,2022,68059,184,6,190,18,34,52,202,40,242,3.56
AZ0109800,PIMA COUNTY COMMUNITY COLLEGE,PIMA COUNTY COMMUNITY COLLEGE,University or College,AZ,2022,0,21,8,29,5,15,20,26,23,49,
PA0060500,FLEETWOOD PD,FLEETWOOD PD,City,PA,2022,4047,6,0,6,2,1,3,8,1,9,2.22
MO0540600,ODESSA,ODESSA,City,MO,2022,5546,12,0,12,0,2,2,12,2,14,2.52
NY0296300,LAKE SUCCESS VILLAGE PD LAKE SUCCESS,LAKE SUCCESS VILLAGE PD LAKE SUCCESS,City,NY,2022,2808,18,0,18,1,3,4,19,3,22,7.83
NY0060100,DUNKIRK CITY PD DUNKIRK,DUNKIRK CITY PD DUNKIRK,City,NY,2022,12530,35,0,35,2,1,3,37,1,38,3.03
UT0251400,MAPLETON PD,MAPLETON PD,City,UT,2022,13415,10,0,10,1,1,2,11,1,12,0.89
GA0850000,LAMAR CO SO BARNESVILLE,LAMAR CO SO BARNESVILLE,County,GA,2022,12460,26,3,29,6,18,24,32,21,53,4.25
TX0201800,BRAZORIA PD,BRAZORIA PD,City,TX,2022,2823,5,1,6,3,6,9,8,7,15,5.31
NJ0170800,PENNS GROVE PD,PENNS GROVE PD,City,NJ,2022,4821,14,0,14,0,1,1,14,1,15,3.11
KY1030200,MOREHEAD STATE UNIV POLICE DEPT MOREHEAD,MOREHEAD STATE UNIV POLICE DEPT MOREHEAD,University or College,KY,2022,0,9,4,13,2,2,4,11,6,17,
PA0630000,WASHINGTON CO SO WASHINGTON,WASHINGTON CO SO WASHINGTON,County,PA,2022,0,35,0,35,2,3,5,37,3,40,
CA0320000,PLUMAS CO SO QUINCY,PLUMAS CO SO QUINCY,County,CA,2022,20084,29,8,37,1,15,16,30,23,53,2.64
PA0065900,PENN STATE UNIVERSITY BERKS CAMPUS PD READING,PENN STATE UNIVERSITY BERKS CAMPUS PD READING,University or College,PA,2022,0,8,0,8,1,1,2,9,1,10,
TX1084100,,,University or College,TX,2022,0,39,18,57,7,15,22,46,33,79,
TX0290000,CALHOUN CO SO PORT LAVACA,CALHOUN CO SO PORT LAVACA,County,TX,2022,6919,21,12,33,5,25,30,26,37,63,9.11
SC012NR00,DNR: CHESTER COUNTY,DNR: CHESTER COUNTY,Other State Agency,SC,2022,0,4,0,4,0,0,0,4,0,4,
IL0165700,LA GRANGE PD,LA GRANGE PD,City,IL,2022,15699,19,3,22,5,3,8,24,6,30,1.91
LA0361200,SOUTHERN UNIV PD NEW ORLEANS,SOUTHERN UNIV PD NEW ORLEANS,University or College,LA,2022,0,9,0,9,4,0,4,13,0,13,
IA0820500,BLUE GRASS,BLUE GRASS,City,IA,2022,1666,5,0,5,0,0,0,5,0,5,3.00
NY262UN00,SUNY: MARITIME COLLEGE,SUNY: MARITIME COLLEGE,University or College,NY,2022,0,9,3,12,2,1,3,11,4,15,
PA0101000,PENN TWP PD BUTLER,PENN TWP PD BUTLER,City,PA,2022,4875,2,0,2,2,1,3,4,1,5,1.03
OH0490200,WEST JEFFERSON,WEST JEFFERSON,City,OH,2022,4293,12,2,14,3,3,6,15,5,20,4.66
AL0390000,JACKSON CO SO SCOTTSBORO,JACKSON CO SO SCOTTSBORO,County,AL,2022,29307,32,25,57,0,25,25,32,50,82,2.80
WI0720400,,,City,WI,2022,1748,3,0,3,0,0,0,3,0,3,1.72
TX2140300,ROMA PD,ROMA PD,City,TX,2022,11547,24,5,29,2,4,6,26,9,35,3.03
PA0223200,HARRISBURG INTERNATIONAL AIRPORT PD MIDDLETOWN,HARRISBURG INTERNATIONAL AIRPORT PD MIDDLETOWN,Other,PA,2022,0,11,4,15,0,0,0,11,4,15,
CO0590300,SILVERTHORNE,SILVERTHORNE,City,CO,2022,4870,12,0,12,5,2,7,17,2,19,3.90
MN0273700,WEST HENNEPIN PUBLIC SAFETY DEPT MAPLE PLAIN,WEST HENNEPIN PUBLIC SAFETY DEPT MAPLE PLAIN,City,MN,2022,5311,9,0,9,0,2,2,9,2,11,2.07
TN0290000,GRAINGER CO SO RUTLEDGE,GRAINGER CO SO RUTLEDGE,County,TN,2022,17701,21,13,34,0,1,1,21,14,35,1.98
MA0071000,HOLYOKE PD,HOLYOKE PD,City,MA,2022,37945,93,5,98,16,20,36,109,25,134,3.53
KY0670200,JENKINS PD,JENKINS PD,City,KY,2022,1855,2,0,2,0,0,0,2,0,2,1.08
NJ0021500,ENGLEWOOD PD,ENGLEWOOD PD,City,NJ,2022,28975,75,11,86,10,9,19,85,20,105,3.62
NC0260400,FAYETTEVILLE ST UNIV SEC POLICE FAYETTEVILLE,FAYETTEVILLE ST UNIV SEC POLICE FAYETTEVILLE,University or College,NC,2022,0,13,8,21,2,12,14,15,20,35,
MA0010500,DENNIS PD,DENNIS PD,City,MA,2022,15200,41,2,43,5,8,13,46,10,56,3.68
CA0309700,UNIVERSITY OF CALIFORNIA PD IRVINE,UNIVERSITY OF CALIFORNIA PD IRVINE,University or College,CA,2022,0,34,40,74,11,24,35,45,64,109,
CA0360800,REDLANDS PD,REDLANDS PD,City,CA,2022,73554,70,13,83,7,27,34,77,40,117,1.59
IL0163400,FLOSSMOOR PD,FLOSSMOOR PD,City,IL,2022,9281,17,0,17,1,5,6,18,5,23,2.48
NC0310400,KENANSVILLE PD,KENANSVILLE PD,City,NC,2022,687,1,0,1,0,0,0,1,0,1,1.46
MA0051800,MERRIMAC PD,MERRIMAC PD,City,MA,2022,6726,8,1,9,1,3,4,9,4,13,1.93
KY1000000,PULASKI CO SO SOMERSET,PULASKI CO SO SOMERSET,County,KY,2022,51093,34,3,37,1,5,6,35,8,43,0.84
IL0165100,HOMETOWN PD,HOMETOWN PD,City,IL,2022,4157,4,0,4,0,1,1,4,1,5,1.20
RI0050400,WESTERLY PD,WESTERLY PD,City,RI,2022,23563,47,14,61,3,12,15,50,26,76,3.23
GA1150200,ROCKMART PD,ROCKMART PD,City,GA,2022,4877,18,0,18,3,2,5,21,2,23,4.72
WY0210000,UINTA CO SO EVANSTON,UINTA CO SO EVANSTON,County,WY,2022,8979,14,13,27,2,15,17,16,28,44,4.90
WI0470200,PEPIN PD,PEPIN PD,City,WI,2022,735,1,0,1,0,0,0,1,0,1,1.36
UT0060800,SUNSET PD CLEARFIELD,SUNSET PD CLEARFIELD,City,UT,2022,5557,6,0,6,1,1,2,7,1,8,1.44
TX015349E,ST MARYS UNIVERSITY POLICE DEPARTMENT,ST MARYS UNIVERSITY POLICE DEPARTMENT,University or College,TX,2022,0,15,0,15,1,3,4,16,3,19,
OH0840100,BELPRE,BELPRE,City,OH,2022,6649,8,3,11,0,1,1,8,4,12,1.80
MI1711700,CHIPPEWA CO SO SAULT STE MARIE,CHIPPEWA CO SO SAULT STE MARIE,County,MI,2022,17489,15,18,33,3,4,7,18,22,40,2.29
VA0600300,CHRISTIANSBURG,CHRISTIANSBURG,City,VA,2022,21746,55,0,55,6,6,12,61,6,67,3.08
PA0465900,TOWAMENCIN TOWNSHIP POLICE DEPART KULPSVILLE,TOWAMENCIN TOWNSHIP POLICE DEPART KULPSVILLE,City,PA,2022,17985,24,0,24,1,2,3,25,2,27,1.50
CT0006000,GUILFORD PD,GUILFORD PD,City,CT,2022,22022,27,2,29,9,5,14,36,7,43,1.95
GA0081100,,,University or College,GA,2022,0,5,0,5,0,0,0,5,0,5,
PA0407500,SPR: FRANCES SLOCUM,SPR: FRANCES SLOCUM,Other State Agency,PA,2022,0,3,0,3,0,0,0,3,0,3,
SC0460400,YORK PD,YORK PD,City,SC,2022,8699,29,0,29,4,6,10,33,6,39,4.48
OH0254000,SHARON TOWNSHIP,SHARON TOWNSHIP,City,OH,2022,2331,7,0,7,1,0,1,8,0,8,3.43
AZ0080400,LAKE HAVASU CITY PD,LAKE HAVASU CITY PD,City,AZ,2022,59166,69,12,81,5,30,35,74,42,116,1.96
NC0490000,IREDELL CO SO STATESVILLE,IREDELL CO SO STATESVILLE,County,NC,2022,110861,156,48,204,22,49,71,178,97,275,2.48
MN0640200,REDWOOD FALLS PD,REDWOOD FALLS PD,City,MN,2022,5090,12,0,12,1,2,3,13,2,15,2.95
PA0152700,WESTTOWN-EAST GOSHEN REGIONAL POLICE DEPT,WESTTOWN-EAST GOSHEN REGIONAL POLICE DEPT,City,PA,2022,32631,31,0,31,3,5,8,34,5,39,1.20
VA1020000,CHARLOTTESVILLE PD,CHARLOTTESVILLE PD,City,VA,2022,45089,71,11,82,10,17,27,81,28,109,2.42
KY0730700,MCCRACKEN CO PUB SCHOOL DEPT OF PUB SAFETY,MCCRACKEN CO PUB SCHOOL DEPT OF PUB SAFETY,Other,KY,2022,0,8,0,8,0,0,0,8,0,8,
GA1560200,ROCHELLE,ROCHELLE,City,GA,2022,1167,5,0,5,1,1,2,6,1,7,6.00
NC0760700,SEAGROVE PD,SEAGROVE PD,City,NC,2022,238,2,0,2,0,0,0,2,0,2,8.40
IL0900900,PEKIN PD,PEKIN PD,City,IL,2022,31252,50,2,52,5,7,12,55,9,64,2.05
NY0124200,COLCHESTER TOWN PD DOWNSVILLE,COLCHESTER TOWN PD DOWNSVILLE,City,NY,2022,1809,2,0,2,0,0,0,2,0,2,1.11
TN0910200,CLIFTON PD,CLIFTON PD,City,TN,2022,2614,5,0,5,0,0,0,5,0,5,1.91
TX1990300,HEATH DEPARTMENT OF PUBLIC SAFETY,HEATH DEPARTMENT OF PUBLIC SAFETY,City,TX,2022,10661,27,0,27,1,1,2,28,1,29,2.72
MA009639E,MASS INSTITUTE OF TECHNOLOGY CAMPUS POLICE,MASS INSTITUTE OF TECHNOLOGY CAMPUS POLICE,University or College,MA,2022,0,49,0,49,10,2,12,59,2,61,
TX1550200,BEVERLY HILLS DPS POLICE,BEVERLY HILLS DPS POLICE,City,TX,2022,1867,8,1,9,0,2,2,8,3,11,5.89
MI6363600,ORCHARD LAKE PD,ORCHARD LAKE PD,City,MI,2022,2211,9,0,9,1,0,1,10,0,10,4.52
TX2202800,WESTWORTH PD,WESTWORTH PD,City,TX,2022,2614,14,1,15,0,3,3,14,4,18,6.89
WV0180100,RAVENSWOOD PD,RAVENSWOOD PD,City,WV,2022,3838,10,1,11,0,0,0,10,1,11,2.87
TX0613100,TROPHY CLUB DEPARTMENT OF PUBLIC SAFETY,TROPHY CLUB DEPARTMENT OF PUBLIC SAFETY,City,TX,2022,13794,19,2,21,2,2,4,21,4,25,1.81
MA0050900,GROVELAND PD,GROVELAND PD,City,MA,2022,6763,11,1,12,2,3,5,13,4,17,2.51
CA0410200,BELMONT,BELMONT,City,CA,2022,26277,27,4,31,4,7,11,31,11,42,1.60
FL0531300,LAKE WALES PD,LAKE WALES PD,City,FL,2022,16793,38,1,39,7,6,13,45,7,52,3.10
ID0390000,POWER CO SO AMERICAN FALLS,POWER CO SO AMERICAN FALLS,County,ID,2022,3292,9,4,13,7,3,10,16,7,23,6.99
IN0430600,,,City,IN,2022,993,4,1,5,0,0,0,4,1,5,5.04
OK0490000,MAYES,MAYES,County,OK,2022,23402,28,15,43,3,14,17,31,29,60,2.56
MT0150200,WHITEFISH PD,WHITEFISH PD,City,MT,2022,9189,16,1,17,1,2,3,17,3,20,2.18
ID0180000,CLEARWATER CO SO OROFINO,CLEARWATER CO SO OROFINO,County,ID,2022,5654,14,5,19,1,7,8,15,12,27,4.78
LA0200100,BASILE PD,BASILE PD,City,LA,2022,1192,5,0,5,1,0,1,6,0,6,5.03
NC0420700,WELDON PD,WELDON PD,City,NC,2022,1414,5,0,5,1,0,1,6,0,6,4.24
WV0060400,MARSHALL UNIV SECURITY POLICE HUNTINGTON,MARSHALL UNIV SECURITY POLICE HUNTINGTON,University or College,WV,2022,0,20,1,21,0,3,3,20,4,24,
NJ0030700,CHESTERFIELD TWP PD BORDENTOWN,CHESTERFIELD TWP PD BORDENTOWN,City,NJ,2022,9599,12,0,12,0,1,1,12,1,13,1.35
TX1120200,SULPHUR SPRINGS PD,SULPHUR SPRINGS PD,City,TX,2022,16128,29,1,30,0,9,9,29,10,39,2.42
OK0511200,PORUM,PORUM,City,OK,2022,608,4,0,4,0,1,1,4,1,5,8.22
WA0170100,AUBURN PD,AUBURN PD,City,WA,2022,84279,89,6,95,13,14,27,102,20,122,1.45
TX2201400,HALTOM CITY PD,HALTOM CITY PD,City,TX,2022,45488,59,0,59,10,5,15,69,5,74,1.63
CT0018300,"DEPT OF ENVIRONMENTAL PROTECTION, HARTFORD","DEPT OF ENVIRONMENTAL PROTECTION, HARTFORD",Other State Agency,CT,2022,0,35,4,39,9,5,14,44,9,53,
ME0040200,JAY PD,JAY PD,City,ME,2022,4706,7,0,7,0,1,1,7,1,8,1.70
PA0411500,OLD LYCOMING TOWNSHIP PD WILLIAMSPORT,OLD LYCOMING TOWNSHIP PD WILLIAMSPORT,City,PA,2022,4963,7,1,8,2,0,2,9,1,10,2.01
NC0610100,SPRUCE PINE PD,SPRUCE PINE PD,City,NC,2022,2227,11,0,11,0,0,0,11,0,11,4.94
NJ0211900,PHILLIPSBURG PD,PHILLIPSBURG PD,City,NJ,2022,15374,38,0,38,0,1,1,38,1,39,2.54
MD0060500,RIDGELY PD,RIDGELY PD,City,MD,2022,1620,3,0,3,1,0,1,4,0,4,2.47
UT0252100,UTAH CO PROSECUTORS OFF INVESTIGATIONS DIVISION,UTAH CO PROSECUTORS OFF INVESTIGATIONS DIVISION,Other,UT,2022,0,6,1,7,1,1,2,7,2,9,
GA1090000,OGLETHORPE CO SO LEXINGTON,OGLETHORPE CO SO LEXINGTON,County,GA,2022,15473,25,2,27,5,7,12,30,9,39,2.52
MO0530000,LACLEDE,LACLEDE,County,MO,2022,21002,25,22,47,1,18,19,26,40,66,3.14
NH0073200,HOPKINTON PD,HOPKINTON PD,City,NH,2022,6079,7,0,7,0,1,1,7,1,8,1.32
PA0365900,,,Other State Agency,PA,2022,0,0,0,0,1,0,1,1,0,1,
OK0070000,BRYAN,BRYAN,County,OK,2022,22138,20,10,30,3,13,16,23,23,46,2.08
AR0390100,MARIANNA PD,MARIANNA PD,City,AR,2022,3635,9,0,9,1,12,13,10,12,22,6.05
IL0220400,CAROL STREAM PD,CAROL STREAM PD,City,IL,2022,38920,54,6,60,10,10,20,64,16,80,2.06
MS0230300,WAVELAND PD,WAVELAND PD,City,MS,2022,6920,16,0,16,5,1,6,21,1,22,3.18
DE0031500,MILLSBORO PD,MILLSBORO PD,City,DE,2022,7386,18,0,18,0,2,2,18,2,20,2.71
IA0720000,OSCEOLA CO SO SIBLEY,OSCEOLA CO SO SIBLEY,County,IA,2022,6134,9,1,10,0,4,4,9,5,14,2.28
IN0140100,WASHINGTON PD,WASHINGTON PD,City,IN,2022,12090,18,0,18,1,2,3,19,2,21,1.74
VA0520200,PENNINGTON GAP PD,PENNINGTON GAP PD,City,VA,2022,1595,5,0,5,0,0,0,5,0,5,3.13
TN0270100,HUMBOLDT PD,HUMBOLDT PD,City,TN,2022,7831,22,1,23,2,3,5,24,4,28,3.58
MO0740200,MARYVILLE,MARYVILLE,City,MO,2022,10791,17,3,20,3,6,9,20,9,29,2.69
PA0041400,HOPEWELL TWP PD ALIQUIPPA,HOPEWELL TWP PD ALIQUIPPA,City,PA,2022,13372,14,0,14,2,1,3,16,1,17,1.27
SD0060000,BROWN CO SO ABERDEEN,BROWN CO SO ABERDEEN,County,SD,2022,8658,17,29,46,2,38,40,19,67,86,9.93
TX2200400,BENBROOK POLICE DEPT,BENBROOK POLICE DEPT,City,TX,2022,24739,31,0,31,3,10,13,34,10,44,1.78
PA0631000,BENTLEYVILLE PD,BENTLEYVILLE PD,City,PA,2022,2325,2,0,2,0,0,0,2,0,2,0.86
OK0320000,HUGHES,HUGHES,County,OK,2022,6087,7,2,9,2,6,8,9,8,17,2.79
AL0280600,MENTONE PD,MENTONE PD,City,AL,2022,322,2,0,2,0,0,0,2,0,2,6.21
MT0260000,LIBERTY CO SO CHESTER,LIBERTY CO SO CHESTER,County,MT,2022,1932,5,0,5,0,4,4,5,4,9,4.66
NC035069P,LAKE ROYALE,LAKE ROYALE,City,NC,2022,2561,7,0,7,1,0,1,8,0,8,3.12
TX2020000,SABINE CO SO HEMPHILL,SABINE CO SO HEMPHILL,County,TX,2022,8333,10,5,15,0,5,5,10,10,20,2.40
MO1060000,SULLIVAN,SULLIVAN,County,MO,2022,4101,4,0,4,0,0,0,4,0,4,0.98
OK0490100,CHOUTEAU,CHOUTEAU,City,OK,2022,2095,5,6,11,2,1,3,7,7,14,6.68
MI3013000,HILLSDALE CO SO HILLSDALE,HILLSDALE CO SO HILLSDALE,County,MI,2022,28119,18,8,26,4,8,12,22,16,38,1.35
MA0122300,ROCKLAND PD,ROCKLAND PD,City,MA,2022,18549,24,1,25,1,2,3,25,3,28,1.51
VA0840000,SCOTT CO SO GATE CITY,SCOTT CO SO GATE CITY,County,VA,2022,18123,34,4,38,5,3,8,39,7,46,2.54
OK0560400,BEGGS,BEGGS,City,OK,2022,1178,2,4,6,0,3,3,2,7,9,7.64
NM0070400,NEW MEXICO STATE UNIVERSITY POLICE DEPARTMENT,NEW MEXICO STATE UNIVERSITY POLICE DEPARTMENT,University or College,NM,2022,0,15,10,25,2,17,19,17,27,44,
IL0161300,BROOKFIELD PD,BROOKFIELD PD,City,IL,2022,18722,27,0,27,1,1,2,28,1,29,1.55
KS0880000,SEWARD CO SO LIBERAL,SEWARD CO SO LIBERAL,County,KS,2022,2133,16,0,16,1,8,9,17,8,25,11.72
MO0300100,BUFFALO,BUFFALO,City,MO,2022,3370,7,0,7,0,1,1,7,1,8,2.37
TX2490900,,,City,TX,2022,1538,5,0,5,0,1,1,5,1,6,3.90
SC034SP00,HP: MARION COUNTY,HP: MARION COUNTY,State Police,SC,2022,0,7,0,7,0,0,0,7,0,7,
FL0350400,FRUITLAND PARK PD,FRUITLAND PARK PD,City,FL,2022,8821,16,0,16,5,1,6,21,1,22,2.49
ND0300000,MORTON CO SO MANDAN,MORTON CO SO MANDAN,County,ND,2022,9578,32,2,34,3,5,8,35,7,42,4.39
CO0622300,,,City,CO,2022,529,3,0,3,1,0,1,4,0,4,7.56
NM0090100,SILVER CITY PD,SILVER CITY PD,City,NM,2022,9468,28,1,29,2,4,6,30,5,35,3.70
AL0270200,WALLACE COMM COL: SELMA,WALLACE COMM COL: SELMA,University or College,AL,2022,0,1,2,3,0,0,0,1,2,3,
IL0810800,ROCK ISLAND PD,ROCK ISLAND PD,City,IL,2022,36235,63,6,69,6,20,26,69,26,95,2.62
FL0130900,MIAMI SPRINGS PD,MIAMI SPRINGS PD,City,FL,2022,13215,40,1,41,5,9,14,45,10,55,4.16
WI0650600,,,City,WI,2022,2734,8,0,8,0,0,0,8,0,8,2.93
FL0481000,EDGEWOOD PD ORLANDO,EDGEWOOD PD ORLANDO,City,FL,2022,2641,8,0,8,2,3,5,10,3,13,4.92
AL0070400,WOODSTOCK POLICE DEPARTMENT,WOODSTOCK POLICE DEPARTMENT,City,AL,2022,1691,5,0,5,0,0,0,5,0,5,2.96
IA0630200,PELLA PD,PELLA PD,City,IA,2022,10729,17,0,17,1,6,7,18,6,24,2.24
SC0321700,DEPT OF PUBLIC SAFETY LEXINGTON CO MED CENTER,DEPT OF PUBLIC SAFETY LEXINGTON CO MED CENTER,Other,SC,2022,0,24,25,49,2,11,13,26,36,62,
LA0110000,CALDWELL CO SO COLUMBIA,CALDWELL CO SO COLUMBIA,County,LA,2022,9509,15,1,16,4,8,12,19,9,28,2.94
MO0480700,LAKE LOTAWANA,LAKE LOTAWANA,City,MO,2022,2350,7,0,7,2,0,2,9,0,9,3.83
NJ0134000,RED BANK PD,RED BANK PD,City,NJ,2022,12927,35,4,39,3,3,6,38,7,45,3.48
ME0120500,PHIPPSBURG PD PHIPPSBURG,PHIPPSBURG PD PHIPPSBURG,City,ME,2022,2200,1,0,1,0,0,0,1,0,1,0.45
MN0490300,,,City,MN,2022,1407,2,0,2,0,0,0,2,0,2,1.42
WI0090100,CHIPPEWA FALLS PD,CHIPPEWA FALLS PD,City,WI,2022,14832,21,0,21,3,3,6,24,3,27,1.82
NY0200000,HAMILTON CO SHERIFF'S DEPARTMENT LAKE PLEASANT,HAMILTON CO SHERIFF'S DEPARTMENT LAKE PLEASANT,County,NY,2022,4830,6,0,6,0,1,1,6,1,7,1.45
TX2100000,SHELBY COUNTY SHERIFFS OFFICE,SHELBY COUNTY SHERIFFS OFFICE,County,TX,2022,16998,11,10,21,4,11,15,15,21,36,2.12
MI3356300,MASON PD,MASON PD,City,MI,2022,8195,11,0,11,0,1,1,11,1,12,1.46
FL0360500,FL DEPT LAW ENFORCEMENT FORT MYERS,FL DEPT LAW ENFORCEMENT FORT MYERS,Other State Agency,FL,2022,0,32,7,39,3,40,43,35,47,82,
MI2540100,FLUSHING TWP PD FLUSHING,FLUSHING TWP PD FLUSHING,City,MI,2022,10586,9,0,9,2,0,2,11,0,11,1.04
NH0102800,WASHINGTON PD,WASHINGTON PD,City,NH,2022,1221,1,0,1,0,0,0,1,0,1,0.82
AR0020000,ASHLEY CO SO HAMBURG,ASHLEY CO SO HAMBURG,County,AR,2022,11382,16,8,24,1,7,8,17,15,32,2.81
KS0230100,LAWRENCE PD,LAWRENCE PD,City,KS,2022,95580,125,7,132,20,23,43,145,30,175,1.83
OR0360000,YAMHILL,YAMHILL,County,OR,2022,44538,38,29,67,2,21,23,40,50,90,2.02
MI4143600,GRAND RAPIDS PD,GRAND RAPIDS PD,City,MI,2022,196662,237,55,292,40,59,99,277,114,391,1.99
NC0660200,CONWAY PD,CONWAY PD,City,NC,2022,726,2,0,2,0,0,0,2,0,2,2.75
MI5915900,MONTCALM CO SO STANTON,MONTCALM CO SO STANTON,County,MI,2022,53555,23,21,44,1,6,7,24,27,51,0.95
NY0395000,CARMEL TOWN PD CARMEL,CARMEL TOWN PD CARMEL,City,NY,2022,33868,29,2,31,3,5,8,32,7,39,1.15
NY0192100,CATSKILL VILLAGE PD CATSKILL,CATSKILL VILLAGE PD CATSKILL,City,NY,2022,3884,14,1,15,0,1,1,14,2,16,4.12
MO0320000,DE KALB,DE KALB,County,MO,2022,7102,9,0,9,4,7,11,13,7,20,2.82
MI3313300,INGHAM CO SO MASON,INGHAM CO SO MASON,County,MI,2022,64546,59,56,115,12,34,46,71,90,161,2.49
NB0400100,GRAND ISLAND PD,GRAND ISLAND PD,City,NB,2022,51733,68,5,73,5,15,20,73,20,93,1.80
PA0410200,MONTOURSVILLE PD,MONTOURSVILLE PD,City,PA,2022,4694,6,1,7,0,0,0,6,1,7,1.49
MD0180000,QUEEN ANNES CO SO CENTREVILLE,QUEEN ANNES CO SO CENTREVILLE,County,MD,2022,46918,58,1,59,5,7,12,63,8,71,1.51
WI0330300,DARLINGTON PD,DARLINGTON PD,City,WI,2022,2458,5,0,5,0,0,0,5,0,5,2.03
TX0203500,ISD: COLUMBIA-BRAZORIA,ISD: COLUMBIA-BRAZORIA,Other,TX,2022,0,4,0,4,2,0,2,6,0,6,
NC0980600,STANTONSBURG PD,STANTONSBURG PD,City,NC,2022,743,3,0,3,0,0,0,3,0,3,4.04
SD0630100,BERESFORD PD,BERESFORD PD,City,SD,2022,2112,5,0,5,0,0,0,5,0,5,2.37
UT0201200,,,City,UT,2022,998,1,0,1,0,0,0,1,0,1,1.00
ND0060100,BOWMAN PD,BOWMAN PD,City,ND,2022,1394,4,0,4,0,0,0,4,0,4,2.87
OH0314600,HAMILTON COUNTY PARK DIS,HAMILTON COUNTY PARK DIS,Other,OH,2022,0,28,1,29,5,1,6,33,2,35,
TX1520800,WOLFFORTH PD,WOLFFORTH PD,City,TX,2022,6482,15,0,15,0,1,1,15,1,16,2.47
MA0120500,DUXBURY PD,DUXBURY PD,City,MA,2022,16861,28,0,28,3,2,5,31,2,33,1.96
NC0700200,ELIZABETH CITY STATE UNIV POLICE ELIZABETH CITY,ELIZABETH CITY STATE UNIV POLICE ELIZABETH CITY,University or College,NC,2022,0,8,6,14,5,3,8,13,9,22,
WI0090500,LAKE HALLIE POLICE DEPARTMENT CHIPPEWA FALLS,LAKE HALLIE POLICE DEPARTMENT CHIPPEWA FALLS,City,WI,2022,7352,9,0,9,2,2,4,11,2,13,1.77
KS0781100,,,Other,KS,2022,0,1,0,1,0,0,0,1,0,1,
OR0220400,SWEET HOME,SWEET HOME,City,OR,2022,10055,13,1,14,1,6,7,14,7,21,2.09
IA0170200,MASON CITY PD,MASON CITY PD,City,IA,2022,27032,35,2,37,3,5,8,38,7,45,1.66
NJ0031000,DELRAN TWP PD DELRAN,DELRAN TWP PD DELRAN,City,NJ,2022,17822,27,0,27,1,4,5,28,4,32,1.80
OK0550600,OKLAHOMA CITY,OKLAHOMA CITY,City,OK,2022,692726,961,70,1031,128,216,344,1089,286,1375,1.98
SC0160100,DARLINGTON PD,DARLINGTON PD,City,SC,2022,6051,19,0,19,3,2,5,22,2,24,3.97
GA0580000,FORSYTH CO SO CUMMING,FORSYTH CO SO CUMMING,County,GA,2022,261284,305,19,324,58,66,124,363,85,448,1.71
NY0130100,BEACON CITY PD BEACON,BEACON CITY PD BEACON,City,NY,2022,13729,30,1,31,2,3,5,32,4,36,2.62
OK0380100,HOBART,HOBART,City,OK,2022,3344,7,4,11,0,3,3,7,7,14,4.19
KS0460600,OVERLAND PARK PD,OVERLAND PARK PD,City,KS,2022,196626,206,16,222,40,51,91,246,67,313,1.59
NC0810400,LAKE LURE PD,LAKE LURE PD,City,NC,2022,1375,8,0,8,1,1,2,9,1,10,7.27
ND0510300,BURLINGTON PD,BURLINGTON PD,City,ND,2022,1255,2,0,2,0,0,0,2,0,2,1.59
NY0515900,SOUTHOLD TOWN PD PECONIC,SOUTHOLD TOWN PD PECONIC,City,NY,2022,21347,46,7,53,9,11,20,55,18,73,3.42
MO0955500,OLIVETTE,OLIVETTE,City,MO,2022,8387,20,0,20,3,1,4,23,1,24,2.86
VA0970000,WYTHE CO SO WYTHEVILLE,WYTHE CO SO WYTHEVILLE,County,VA,2022,18453,51,0,51,5,9,14,56,9,65,3.52
WV0202200,STATE FIRE MARSH OFF ARS DIV AREA 2 CHARLESTON,STATE FIRE MARSH OFF ARS DIV AREA 2 CHARLESTON,Other State Agency,WV,2022,0,31,1,32,0,15,15,31,16,47,
MN0720100,,,City,MN,2022,2284,2,0,2,0,1,1,2,1,3,1.31
NB0170100,SIDNEY PD,SIDNEY PD,City,NB,2022,6469,10,0,10,1,2,3,11,2,13,2.01
NJ0071900,SOUTH ORANGE PD,SOUTH ORANGE PD,City,NJ,2022,18029,42,4,46,3,2,5,45,6,51,2.83
WI0690200,NEW LONDON PD,NEW LONDON PD,City,WI,2022,7286,16,0,16,1,2,3,17,2,19,2.61
UT0030100,LOGAN PD,LOGAN PD,City,UT,2022,56267,46,5,51,6,24,30,52,29,81,1.44
MI3629500,CASPIAN GAASTRA PUBLIC SAFETY AUTHORITY,CASPIAN GAASTRA PUBLIC SAFETY AUTHORITY,City,MI,2022,1119,1,0,1,0,0,0,1,0,1,0.89
MN0420200,TRACY PD,TRACY PD,City,MN,2022,2069,3,0,3,0,0,0,3,0,3,1.45
IL0225000,NAPERVILLE PARK DISTRICT,NAPERVILLE PARK DISTRICT,Other,IL,2022,0,3,1,4,0,1,1,3,2,5,
MN0110800,,,City,MN,2022,1108,2,0,2,0,0,0,2,0,2,1.81
PA0353000,GREENFIELD TWP PD GREENFIELD TWP,GREENFIELD TWP PD GREENFIELD TWP,City,PA,2022,2273,2,0,2,0,0,0,2,0,2,0.88
WI0680100,BROOKFIELD PD,BROOKFIELD PD,City,WI,2022,41489,66,0,66,11,13,24,77,13,90,2.17
NJ0143400,ROCKAWAY PD,ROCKAWAY PD,City,NJ,2022,6589,17,1,18,0,0,0,17,1,18,2.73
UT0182100,ALTA PD,ALTA PD,City,UT,2022,217,4,2,6,0,2,2,4,4,8,36.87
UT0290000,WEBER CO SO OGDEN,WEBER CO SO OGDEN,County,UT,2022,76818,190,23,213,34,65,99,224,88,312,4.06
MI5859000,MONROE PD,MONROE PD,City,MI,2022,20266,32,1,33,4,4,8,36,5,41,2.02
TX1750300,,,City,TX,2022,1259,4,0,4,0,1,1,4,1,5,3.97
KS0871500,MAIZE PD,MAIZE PD,City,KS,2022,6275,16,0,16,3,1,4,19,1,20,3.19
AR0080100,BERRYVILLE PD,BERRYVILLE PD,City,AR,2022,5727,13,0,13,1,1,2,14,1,15,2.62
GA0780200,JEFFERSON PD,JEFFERSON PD,City,GA,2022,14664,23,0,23,2,2,4,25,2,27,1.84
SC0230600,TRAVELERS REST PD,TRAVELERS REST PD,City,SC,2022,7836,17,0,17,3,6,9,20,6,26,3.32
TX1611100,,,Other,TX,2022,0,1,0,1,0,0,0,1,0,1,
IN0190100,HUNTINGBURG PD,HUNTINGBURG PD,City,IN,2022,6459,14,0,14,0,1,1,14,1,15,2.32
GA0530100,SWAINSBORO,SWAINSBORO,City,GA,2022,7426,18,0,18,5,2,7,23,2,25,3.37
PA0234400,DELAWARE CO PARK POLICE MEDIA,DELAWARE CO PARK POLICE MEDIA,Other,PA,2022,0,62,0,62,7,2,9,69,2,71,
IL0452100,GILBERTS PD,GILBERTS PD,City,IL,2022,8339,8,1,9,1,0,1,9,1,10,1.20
MN0310300,GRAND RAPIDS PD,GRAND RAPIDS PD,City,MN,2022,11388,17,1,18,2,1,3,19,2,21,1.84
AL0320000,FAYETTE CO SO FAYETTE,FAYETTE CO SO FAYETTE,County,AL,2022,10010,9,5,14,1,5,6,10,10,20,2.00
PA0095100,TINICUM TOWNSHIP PD PIPERSVILLE,TINICUM TOWNSHIP PD PIPERSVILLE,City,PA,2022,3817,3,0,3,1,0,1,4,0,4,1.05
PA0360100,COLUMBIA PD,COLUMBIA PD,City,PA,2022,10116,16,2,18,2,1,3,18,3,21,2.08
NH0085200,NORTHWOOD PD,NORTHWOOD PD,City,NH,2022,4670,6,0,6,0,1,1,6,1,7,1.50
AK0011200,VALDEZ PD,VALDEZ PD,City,AK,2022,3839,11,0,11,0,0,0,11,0,11,2.87
KY0900100,BARDSTOWN PD,BARDSTOWN PD,City,KY,2022,13712,27,0,27,4,3,7,31,3,34,2.48
FL0180000,FLAGLER CO SO BUNNELL,FLAGLER CO SO BUNNELL,County,FL,2022,118614,159,29,188,23,57,80,182,86,268,2.26
CA0049700,CSU CHICO POLICE DEPARTMENT,CSU CHICO POLICE DEPARTMENT,University or College,CA,2022,0,11,1,12,3,7,10,14,8,22,
AZ0050000,GRAHAM CO SO SAFFORD,GRAHAM CO SO SAFFORD,County,AZ,2022,20665,20,28,48,2,25,27,22,53,75,3.63
MN0180100,BRAINERD PD,BRAINERD PD,City,MN,2022,14398,23,1,24,2,5,7,25,6,31,2.15
AK0015200,SAND POINT PD SAND POINT,SAND POINT PD SAND POINT,City,AK,2022,768,3,1,4,0,1,1,3,2,5,6.51
AR0350100,PINE BLUFF PD,PINE BLUFF PD,City,AR,2022,39549,59,5,64,27,14,41,86,19,105,2.65
KS0050300,HOISINGTON PD,HOISINGTON PD,City,KS,2022,2629,6,0,6,0,1,1,6,1,7,2.66
IL0160200,ARLINGTON HEIGHTS PD,ARLINGTON HEIGHTS PD,City,IL,2022,74648,96,15,111,12,13,25,108,28,136,1.82
NJ0080400,ELK TWP POLICE DEPARTMENT,ELK TWP POLICE DEPARTMENT,City,NJ,2022,4441,13,1,14,0,0,0,13,1,14,3.15
NC0840000,STANLY CO SO ALBEMARLE,STANLY CO SO ALBEMARLE,County,NC,2022,34672,56,17,73,6,20,26,62,37,99,2.86
TX0030400,LUFKIN PD,LUFKIN PD,City,TX,2022,34063,65,2,67,3,15,18,68,17,85,2.50
PA0010100,GETTYSBURG PD,GETTYSBURG PD,City,PA,2022,7407,12,0,12,0,1,1,12,1,13,1.76
AR0680300,ASH FLAT POLICE DEPARTMENT ASH FLAT,ASH FLAT POLICE DEPARTMENT ASH FLAT,City,AR,2022,1128,5,0,5,0,0,0,5,0,5,4.43
WV0230300,CHAPMANVILLE PD,CHAPMANVILLE PD,City,WV,2022,980,6,0,6,0,0,0,6,0,6,6.12
OK0661600,,,City,OK,2022,388,1,0,1,0,0,0,1,0,1,2.58
UT0291100,PLEASANT VIEW PD,PLEASANT VIEW PD,City,UT,2022,11234,11,0,11,1,2,3,12,2,14,1.25
ME0161800,BUXTON POLICE DEPARTMENT,BUXTON POLICE DEPARTMENT,City,ME,2022,8528,8,4,12,2,2,4,10,6,16,1.88
TN0150000,COCKE CO SO NEWPORT,COCKE CO SO NEWPORT,County,TN,2022,29948,41,27,68,3,16,19,44,43,87,2.91
PA0660500,COUNTY DET: WYOMING CNTY,COUNTY DET: WYOMING CNTY,Other,PA,2022,0,4,0,4,0,0,0,4,0,4,
WV0330000,MORGAN,MORGAN,County,WV,2022,16228,13,0,13,0,1,1,13,1,14,0.86
OH0210800,GENOA TOWNSHIP,GENOA TOWNSHIP,City,OH,2022,26447,24,0,24,4,2,6,28,2,30,1.13
NJ0024900,RIDGEFIELD PD,RIDGEFIELD PD,City,NJ,2022,11368,26,0,26,1,2,3,27,2,29,2.55
IA0580000,LOUISA CO SO WAPELLO,LOUISA CO SO WAPELLO,County,IA,2022,10701,13,5,18,1,11,12,14,16,30,2.80
NY0442000,CANTON VILLAGE PD CANTON,CANTON VILLAGE PD CANTON,City,NY,2022,7046,8,0,8,1,1,2,9,1,10,1.42
WY0120000,LINCOLN CO SO KEMMERER,LINCOLN CO SO KEMMERER,County,WY,2022,14536,21,11,32,1,16,17,22,27,49,3.37
GA1070000,NEWTON CO SO COVINGTON,NEWTON CO SO COVINGTON,County,GA,2022,99706,115,38,153,34,52,86,149,90,239,2.40
TN0260100,SEWANEE PD,SEWANEE PD,University or College,TN,2022,0,8,0,8,2,3,5,10,3,13,
CT0011700,REDDING POLICE DEPARTMENT,REDDING POLICE DEPARTMENT,City,CT,2022,8732,13,5,18,3,1,4,16,6,22,2.52
MI8121800,ANN ARBOR PD,ANN ARBOR PD,City,MI,2022,120549,81,9,90,30,19,49,111,28,139,1.15
MN0270700,SOUTH LAKE MINNETONKA PD,SOUTH LAKE MINNETONKA PD,City,MN,2022,12391,15,1,16,1,2,3,16,3,19,1.53
MA0031100,NEW BEDFORD PD,NEW BEDFORD PD,City,MA,2022,101402,209,12,221,15,27,42,224,39,263,2.59
WI0520300,CALEDONIA PD,CALEDONIA PD,City,WI,2022,25165,33,0,33,3,1,4,36,1,37,1.47
CO0260100,GUNNISON,GUNNISON,City,CO,2022,6914,13,2,15,1,4,5,14,6,20,2.89
NY0260100,ONEIDA CITY PD ONEIDA,ONEIDA CITY PD ONEIDA,City,NY,2022,10268,27,1,28,1,3,4,28,4,32,3.12
WV0180200,RIPLEY PD,RIPLEY PD,City,WV,2022,3061,10,0,10,0,1,1,10,1,11,3.59
NH0082800,HAMPSTEAD,HAMPSTEAD,City,NH,2022,9058,10,0,10,0,0,0,10,0,10,1.10
MN0130900,LAKES AREA POLICE DEPARTMENT,LAKES AREA POLICE DEPARTMENT,City,MN,2022,10739,11,0,11,2,2,4,13,2,15,1.40
OH0150100,COLUMBIANA,COLUMBIANA,City,OH,2022,6806,14,1,15,1,3,4,15,4,19,2.79
MD0010200,CUMBERLAND PD,CUMBERLAND PD,City,MD,2022,18647,40,1,41,6,2,8,46,3,49,2.63
TN0870300,PLAINVIEW POLICE DEPARTMENT,PLAINVIEW POLICE DEPARTMENT,City,TN,2022,2118,2,0,2,0,0,0,2,0,2,0.94
PA0402700,WILKES-BARRE TWP PD WILKES-BARRE,WILKES-BARRE TWP PD WILKES-BARRE,City,PA,2022,3216,15,0,15,1,1,2,16,1,17,5.29
TX0750300,SCHULENBURG PD,SCHULENBURG PD,City,TX,2022,2742,7,0,7,1,2,3,8,2,10,3.65
CO0430100,MONTROSE,MONTROSE,City,CO,2022,20944,33,7,40,7,12,19,40,19,59,2.82
TX2210100,ABILENE POLICE DEPT,ABILENE POLICE DEPT,City,TX,2022,125186,198,18,216,17,45,62,215,63,278,2.22
MS0670000,SUNFLOWER CO SO INDIANOLA,SUNFLOWER CO SO INDIANOLA,County,MS,2022,7909,12,20,32,2,23,25,14,43,57,7.21
MA0050400,BOXFORD PD,BOXFORD PD,City,MA,2022,8134,9,0,9,3,0,3,12,0,12,1.48
MI6316300,OAKLAND CO SO PONTIAC,OAKLAND CO SO PONTIAC,County,MI,2022,21899,818,50,868,132,142,274,950,192,1142,52.15
OK0050300,SAYRE,SAYRE,City,OK,2022,4363,5,1,6,0,5,5,5,6,11,2.52
GA0671000,GWINNETT CO PUBLIC SCHOOL POLICE LAWRENCEVILLE,GWINNETT CO PUBLIC SCHOOL POLICE LAWRENCEVILLE,Other,GA,2022,0,76,1,77,23,10,33,99,11,110,
TN0130000,CLAIBORNE CO SO TAZEWELL,CLAIBORNE CO SO TAZEWELL,County,TN,2022,27426,40,18,58,4,18,22,44,36,80,2.92
NJ0110400,HIGHTSTOWN PD,HIGHTSTOWN PD,City,NJ,2022,5859,12,0,12,1,1,2,13,1,14,2.39
NC0151000,PARK RANGERS DISMAL SWAMP STATE PARK,PARK RANGERS DISMAL SWAMP STATE PARK,Other State Agency,NC,2022,0,2,1,3,1,1,2,3,2,5,
PAPSP0000,SP HDQ HARRISBURG,SP HDQ HARRISBURG,State Police,PA,2022,0,4393,760,5153,344,953,1297,4737,1713,6450,
LA0560100,FARMERVILLE PD,FARMERVILLE PD,City,LA,2022,3308,8,0,8,4,0,4,12,0,12,3.63
MI8283100,WOODHAVEN PD WOODHAVEN,WOODHAVEN PD WOODHAVEN,City,MI,2022,12745,25,0,25,2,1,3,27,1,28,2.20
DE0032400,TOWN OF DEWEY BEACH PD DEWEY BEACH,TOWN OF DEWEY BEACH PD DEWEY BEACH,City,DE,2022,384,9,0,9,0,2,2,9,2,11,28.65
VA1300100,COL WILLIAM AND MARY CAMPUS POLICE WILLIAMSBURG,COL WILLIAM AND MARY CAMPUS POLICE WILLIAMSBURG,University or College,VA,2022,0,14,1,15,7,3,10,21,4,25,
AK0012100,HAINES PD,HAINES PD,City,AK,2022,2058,5,0,5,0,3,3,5,3,8,3.89
RI0040300,CUMBERLAND PD,CUMBERLAND PD,City,RI,2022,36345,38,5,43,3,6,9,41,11,52,1.43
TX1700100,CONROE PD,CONROE PD,City,TX,2022,98623,133,9,142,13,36,49,146,45,191,1.94
VA0230000,CRAIG CO SO NEW CASTLE,CRAIG CO SO NEW CASTLE,County,VA,2022,4867,7,0,7,0,5,5,7,5,12,2.47
AL0033200,,,Other State Agency,AL,2022,0,85,13,98,8,15,23,93,28,121,
NB0210000,CUSTER CO SO BROKEN BOW,CUSTER CO SO BROKEN BOW,County,NB,2022,6987,7,0,7,1,1,2,8,1,9,1.29
PA0026000,CHURCHILL PD PITTSBURGH,CHURCHILL PD PITTSBURGH,City,PA,2022,3070,8,0,8,1,0,1,9,0,9,2.93
WI0240400,PRINCETON,PRINCETON,City,WI,2022,1280,4,0,4,0,0,0,4,0,4,3.13
TX1960000,REFUGIO CO SO REFUGIO,REFUGIO CO SO REFUGIO,County,TX,2022,2665,15,11,26,2,18,20,17,29,46,17.26
WV0020200,LAW ENF DIV DEPT NATRL RESOURCES MARTINSBURG,LAW ENF DIV DEPT NATRL RESOURCES MARTINSBURG,Other State Agency,WV,2022,0,2,0,2,0,0,0,2,0,2,
GA0600200,EAST POINT PD,EAST POINT PD,City,GA,2022,38080,65,8,73,29,30,59,94,38,132,3.47
CT0009500,NEW LONDON PD,NEW LONDON PD,City,CT,2022,27667,56,3,59,8,14,22,64,17,81,2.93
NJ0111200,ROBBINSVILLE TWP POLICE DEPARTMENT,ROBBINSVILLE TWP POLICE DEPARTMENT,City,NJ,2022,15303,27,2,29,1,6,7,28,8,36,2.35
AL0281000,CROSSVILLE PD,CROSSVILLE PD,City,AL,2022,1810,5,0,5,0,0,0,5,0,5,2.76
FL0380400,WILLISTON PD,WILLISTON PD,City,FL,2022,3140,8,1,9,3,5,8,11,6,17,5.41
TX2010300,OVERTON PD,OVERTON PD,City,TX,2022,2294,5,1,6,1,1,2,6,2,8,3.49
IL0562600,PRAIRIE GROVE CRYSTAL LAKE,PRAIRIE GROVE CRYSTAL LAKE,City,IL,2022,1963,2,0,2,0,0,0,2,0,2,1.02
MI3222800,BAD AXE PD,BAD AXE PD,City,MI,2022,3014,7,1,8,0,0,0,7,1,8,2.65
OR006SP00,SP: COOS COUNTY,SP: COOS COUNTY,State Police,OR,2022,0,20,1,21,0,1,1,20,2,22,
TX0890100,GONZALES POLICE DEPARTMENT,GONZALES POLICE DEPARTMENT,City,TX,2022,7089,17,3,20,2,4,6,19,7,26,3.67
WA0310400,LYNNWOOD PD,LYNNWOOD PD,City,WA,2022,42764,56,21,77,8,14,22,64,35,99,2.32
MA013529E,,,Other,MA,2022,0,23,110,133,5,16,21,28,126,154,
IA0140000,CARROLL CO SO CARROLL,CARROLL CO SO CARROLL,County,IA,2022,10505,9,0,9,1,2,3,10,2,12,1.14
TX2120500,WHITEHOUSE PD,WHITEHOUSE PD,City,TX,2022,9175,13,1,14,0,1,1,13,2,15,1.63
GA0447200,BROOKHAVEN,BROOKHAVEN,City,GA,2022,55614,63,0,63,12,9,21,75,9,84,1.51
UT0250500,PLEASANT GROVE PD,PLEASANT GROVE PD,City,UT,2022,38095,25,0,25,3,4,7,28,4,32,0.84
NY0082400,NORWICH CITY PD NORWICH,NORWICH CITY PD NORWICH,City,NY,2022,6716,20,0,20,1,0,1,21,0,21,3.13
MN0770200,STAPLES PD,STAPLES PD,City,MN,2022,2971,6,0,6,1,1,2,7,1,8,2.69
NJ0081000,MANTUA TWP PD MANTUA,MANTUA TWP PD MANTUA,City,NJ,2022,15522,26,0,26,1,2,3,27,2,29,1.87
PA0420500,FOSTER TWP PD BRADFORD,FOSTER TWP PD BRADFORD,City,PA,2022,3906,5,0,5,0,0,0,5,0,5,1.28
AL0060400,LOUISVILLE PD,LOUISVILLE PD,City,AL,2022,387,2,0,2,0,0,0,2,0,2,5.17
KS0340100,ULYSSES PD,ULYSSES PD,City,KS,2022,5764,10,0,10,0,1,1,10,1,11,1.91
TN0360100,SAVANNAH PD,SAVANNAH PD,City,TN,2022,7207,18,0,18,1,2,3,19,2,21,2.91
TX2400000,WEBB,WEBB,County,TX,2022,8945,131,132,263,13,58,71,144,190,334,37.34
OK0081100,,,City,OK,2022,855,1,0,1,1,0,1,2,0,2,2.34
AL0240000,CRENSHAW CO SO LUVERNE,CRENSHAW CO SO LUVERNE,County,AL,2022,9601,8,8,16,0,9,9,8,17,25,2.60
AR0590100,HAZEN PD,HAZEN PD,City,AR,2022,1418,6,0,6,0,0,0,6,0,6,4.23
TX0910500,VAN ALSTYNE PD,VAN ALSTYNE PD,City,TX,2022,6023,12,0,12,2,6,8,14,6,20,3.32
CA0290800,TRUCKEE POLICE DEPARTMENT,TRUCKEE POLICE DEPARTMENT,City,CA,2022,17486,21,1,22,1,9,10,22,10,32,1.83
IL0570400,HEYWORTH,HEYWORTH,City,IL,2022,2762,3,0,3,0,0,0,3,0,3,1.09
CT0004300,EAST HARTFORD PD,EAST HARTFORD PD,City,CT,2022,50579,101,11,112,16,24,40,117,35,152,3.01
PA0530400,SHINGLEHOUSE PD,SHINGLEHOUSE PD,City,PA,2022,1089,1,0,1,0,0,0,1,0,1,0.92
TN0240300,ROSSVILLE PD,ROSSVILLE PD,City,TN,2022,1146,6,0,6,2,0,2,8,0,8,6.98
GA1460100,LAFAYETTE PD,LAFAYETTE PD,City,GA,2022,7022,19,2,21,3,2,5,22,4,26,3.70
OK0070100,DURANT,DURANT,City,OK,2022,19481,34,1,35,0,4,4,34,5,39,2.00
MA0094100,STOW PD,STOW PD,City,MA,2022,6989,10,2,12,1,1,2,11,3,14,2.00
TX0790000,FORT BEND CO SO RICHMOND,FORT BEND CO SO RICHMOND,County,TX,2022,564087,431,79,510,101,132,233,532,211,743,1.32
TX1016200,,,Other,TX,2022,0,33,3,36,10,3,13,43,6,49,
TX1590000,MARTIN CO SO STANTON,MARTIN CO SO STANTON,County,TX,2022,2532,8,4,12,1,4,5,9,8,17,6.71
PA0631500,CECIL TWP PD CECIL,CECIL TWP PD CECIL,City,PA,2022,14866,25,0,25,0,1,1,25,1,26,1.75
GA0447100,DUNWOODY POLICE DEPARTMENT,DUNWOODY POLICE DEPARTMENT,City,GA,2022,50271,47,0,47,6,12,18,53,12,65,1.29
AL0630300,UNIVERSITY OF ALABAMA PD UNIVERSITY,UNIVERSITY OF ALABAMA PD UNIVERSITY,University or College,AL,2022,0,54,29,83,13,25,38,67,54,121,
VA1140000,LYNCHBURG PD,LYNCHBURG PD,City,VA,2022,79421,114,23,137,26,22,48,140,45,185,2.33
MS0370300,,,City,MS,2022,1929,5,0,5,1,0,1,6,0,6,3.11
OK055025C,,,Other State Agency,OK,2022,0,65,1,66,1,5,6,66,6,72,
NB0860000,THOMAS CO SO THEDFORD,THOMAS CO SO THEDFORD,County,NB,2022,676,1,1,2,0,0,0,1,1,2,2.96
FL0062400,OAKLAND PARK PD,OAKLAND PARK PD,City,FL,2022,43209,72,1,73,13,8,21,85,9,94,2.18
NY0490000,SENECA CO SHERIFF'S DEPARTMENT WATERLOO,SENECA CO SHERIFF'S DEPARTMENT WATERLOO,County,NY,2022,19554,33,0,33,2,0,2,35,0,35,1.79
ID0420200,TWIN FALLS PD,TWIN FALLS PD,City,ID,2022,54648,64,2,66,10,23,33,74,25,99,1.81
GA060369E,SPELMAN COLLEGE DEPT OF PUBLIC SAFETY ATLANTA,SPELMAN COLLEGE DEPT OF PUBLIC SAFETY ATLANTA,University or College,GA,2022,0,18,6,24,6,3,9,24,9,33,
NC0320000,DURHAM CO SO DURHAM,DURHAM CO SO DURHAM,County,NC,2022,37455,150,98,248,23,90,113,173,188,361,9.64
CT0015100,WATERBURY PD,WATERBURY PD,City,CT,2022,113464,226,20,246,22,29,51,248,49,297,2.62
TX0340300,LINDEN PD,LINDEN PD,City,TX,2022,1788,4,0,4,0,1,1,4,1,5,2.80
NH0083800,LONDONDERRY PD,LONDONDERRY PD,City,NH,2022,26340,50,2,52,7,12,19,57,14,71,2.70
OH0450300,GRANVILLE,GRANVILLE,City,OH,2022,5741,10,1,11,1,2,3,11,3,14,2.44
PA0671100,SPR: GUIFFORD PINCHOT,SPR: GUIFFORD PINCHOT,Other State Agency,PA,2022,0,2,0,2,1,1,2,3,1,4,
NM0210000,RIO ARRIBA CO SO TIERRA AMARILLA,RIO ARRIBA CO SO TIERRA AMARILLA,County,NM,2022,32990,22,0,22,1,3,4,23,3,26,0.79
SD0620200,CENTERVILLE PD,CENTERVILLE PD,City,SD,2022,929,2,0,2,0,0,0,2,0,2,2.15
PA0674100,PENN TWP PD HANOVER,PENN TWP PD HANOVER,City,PA,2022,17972,21,0,21,3,2,5,24,2,26,1.45
MI5074000,SHELBY TWP PD UTICA,SHELBY TWP PD UTICA,City,MI,2022,79391,69,6,75,7,14,21,76,20,96,1.21
NJ0012200,VENTNOR CITY PD,VENTNOR CITY PD,City,NJ,2022,9226,32,7,39,3,4,7,35,11,46,4.99
NM0220000,ROOSEVELT CO SO PORTALES,ROOSEVELT CO SO PORTALES,County,NM,2022,6937,9,1,10,1,3,4,10,4,14,2.02
NY214UC00,SUNY COLLEGE: BUFFALO,SUNY COLLEGE: BUFFALO,University or College,NY,2022,0,23,3,26,6,3,9,29,6,35,
CO0490000,PITKIN,PITKIN,County,CO,2022,6226,20,23,43,3,8,11,23,31,54,8.67
VA0940500,,,University or College,VA,2022,0,2,0,2,0,0,0,2,0,2,
AL0281400,IDER PD,IDER PD,City,AL,2022,743,3,0,3,0,4,4,3,4,7,9.42
ID0140500,,,City,ID,2022,10845,8,0,8,2,1,3,10,1,11,1.01
PA0022H9E,,,University or College,PA,2022,0,8,2,10,3,1,4,11,3,14,
WI0600000,SHEBOYGAN CO SO SHEBOYGAN,SHEBOYGAN CO SO SHEBOYGAN,County,WI,2022,46608,59,65,124,6,52,58,65,117,182,3.90
NY0352600,MONROE VILLAGE PD MONROE,MONROE VILLAGE PD MONROE,City,NY,2022,9552,17,0,17,2,3,5,19,3,22,2.30
TN0290300,BEAN STATION POLICE DEPARTMENT,BEAN STATION POLICE DEPARTMENT,City,TN,2022,2983,4,4,8,0,0,0,4,4,8,2.68
IL0100500,TOLONO PD,TOLONO PD,City,IL,2022,3489,4,0,4,0,0,0,4,0,4,1.15
GA0609900,,,University or College,GA,2022,0,1,1,2,1,1,2,2,2,4,
NY0212500,DOLGEVILLE VILLAGE PD DOLGEVILLE,DOLGEVILLE VILLAGE PD DOLGEVILLE,City,NY,2022,2028,3,0,3,1,0,1,4,0,4,1.97
MD0171300,GLEN ARDEN PD LANHAM,GLEN ARDEN PD LANHAM,City,MD,2022,6247,18,0,18,1,2,3,19,2,21,3.36
WA0050100,PORT ANGELES PD,PORT ANGELES PD,City,WA,2022,20290,27,7,34,5,17,22,32,24,56,2.76
PA0222300,STATE CAPITOL POLICE HARRISBURG,STATE CAPITOL POLICE HARRISBURG,Other State Agency,PA,2022,0,81,12,93,4,6,10,85,18,103,
MS0620100,FOREST PD,FOREST PD,City,MS,2022,5262,11,0,11,0,4,4,11,4,15,2.85
PA0650600,LOWER BURRELL PD,LOWER BURRELL PD,City,PA,2022,11576,17,0,17,0,1,1,17,1,18,1.55
FL0440100,KEY WEST PD,KEY WEST PD,City,FL,2022,26169,78,7,85,11,18,29,89,25,114,4.36
KY0690000,LINCOLN CO SO STANFORD,LINCOLN CO SO STANFORD,County,KY,2022,19453,6,1,7,0,0,0,6,1,7,0.36
TN0830400,HENDERSONVILLE PD,HENDERSONVILLE PD,City,TN,2022,62475,123,5,128,13,11,24,136,16,152,2.43
WI0140500,MAYVILLE PD,MAYVILLE PD,City,WI,2022,5124,9,0,9,0,1,1,9,1,10,1.95
IL0990100,BEECHER PD,BEECHER PD,City,IL,2022,4675,11,0,11,0,1,1,11,1,12,2.57
UT0130200,KANAB PD,KANAB PD,City,UT,2022,5324,8,0,8,0,1,1,8,1,9,1.69
KS0891700,SEAMAN SCHOOL DISTRICT 345 SECURITY DIV TOPEKA,SEAMAN SCHOOL DISTRICT 345 SECURITY DIV TOPEKA,Other,KS,2022,0,4,0,4,0,0,0,4,0,4,
NC0660400,JACKSON PD,JACKSON PD,City,NC,2022,413,1,0,1,0,0,0,1,0,1,2.42
WA0340800,TENINO PD,TENINO PD,City,WA,2022,2042,5,0,5,0,1,1,5,1,6,2.94
PA0362900,QUARRYVILLE PD,QUARRYVILLE PD,City,PA,2022,2876,5,0,5,1,0,1,6,0,6,2.09
GA0710200,TALLAPOOSA PD,TALLAPOOSA PD,City,GA,2022,3273,11,0,11,0,2,2,11,2,13,3.97
AK0011300,BETHEL PD,BETHEL PD,City,AK,2022,6267,15,6,21,1,4,5,16,10,26,4.15
SD0410200,LENNOX PD,LENNOX PD,City,SD,2022,2385,4,0,4,1,0,1,5,0,5,2.10
ID0260000,JEFFERSON CO SO RIGBY,JEFFERSON CO SO RIGBY,County,ID,2022,27676,22,16,38,1,21,22,23,37,60,2.17
MD0070100,HAMPSTEAD PD,HAMPSTEAD PD,City,MD,2022,6342,7,0,7,2,1,3,9,1,10,1.58
SC0290000,LANCASTER CO SO LANCASTER,LANCASTER CO SO LANCASTER,County,SC,2022,96088,114,24,138,21,36,57,135,60,195,2.03
UT0250000,UTAH CO SO PROVO,UTAH CO SO PROVO,County,UT,2022,82546,163,153,316,15,90,105,178,243,421,5.10
FL0500200,BOCA RATON PD,BOCA RATON PD,City,FL,2022,95335,155,26,181,41,73,114,196,99,295,3.09
NJ0100000,HUNTERDON CO SHERIFFS OFF FLEMINGTON,HUNTERDON CO SHERIFFS OFF FLEMINGTON,County,NJ,2022,0,35,0,35,5,5,10,40,5,45,
TX0840500,HITCHCOCK PD,HITCHCOCK PD,City,TX,2022,7502,14,0,14,4,1,5,18,1,19,2.53
TX1013600,,,University or College,TX,2022,0,25,2,27,10,8,18,35,10,45,
NJ0025800,SADDLE RIVER PD,SADDLE RIVER PD,City,NJ,2022,3338,17,5,22,2,0,2,19,5,24,7.19
AR0160400,BAY PD,BAY PD,City,AR,2022,1825,5,0,5,0,0,0,5,0,5,2.74
OK0101100,LONE GROVE,LONE GROVE,City,OK,2022,5109,6,0,6,0,2,2,6,2,8,1.57
NC0670700,ST PARK RANGER HAMMOCKS BEACHST PARK SWANSBORO,ST PARK RANGER HAMMOCKS BEACHST PARK SWANSBORO,Other State Agency,NC,2022,0,3,0,3,2,0,2,5,0,5,
MO0130300,HAMILTON,HAMILTON,City,MO,2022,1693,3,0,3,2,0,2,5,0,5,2.95
IL0450700,GENEVA PD,GENEVA PD,City,IL,2022,21152,30,2,32,5,7,12,35,9,44,2.08
AR0200100,FORDYCE PD,FORDYCE PD,City,AR,2022,3254,6,0,6,1,3,4,7,3,10,3.07
SC0408E00,BENEDICT COLLEGE,BENEDICT COLLEGE,University or College,SC,2022,0,11,0,11,3,3,6,14,3,17,
GA0470300,ALBANY STATE COLLEGE SECURITY POLICE ALBANY,ALBANY STATE COLLEGE SECURITY POLICE ALBANY,University or College,GA,2022,0,13,5,18,7,6,13,20,11,31,
WI0350200,TOMAHAWK POLICE DEPARTMENT,TOMAHAWK POLICE DEPARTMENT,City,WI,2022,3432,8,0,8,1,1,2,9,1,10,2.91
AR0150400,MENIFEE,MENIFEE,City,AR,2022,281,2,0,2,0,0,0,2,0,2,7.12
LA0530800,TICKFAW PD,TICKFAW PD,City,LA,2022,651,5,0,5,1,0,1,6,0,6,9.22
MA0122900,BRIDGEWATER ST COLL CAMPUS POLICE BRIDGEWATER,BRIDGEWATER ST COLL CAMPUS POLICE BRIDGEWATER,University or College,MA,2022,0,19,1,20,2,6,8,21,7,28,
TN0850000,METROPOLITAN HARTSVILLE TROUSDALE CO SO DEPT,METROPOLITAN HARTSVILLE TROUSDALE CO SO DEPT,County,TN,2022,12455,19,2,21,1,5,6,20,7,27,2.17
KY1190000,WOLFE CO SO CAMPTON,WOLFE CO SO CAMPTON,County,KY,2022,6458,1,0,1,0,1,1,1,1,2,0.31
MO0630400,VIENNA,VIENNA,City,MO,2022,527,2,0,2,1,0,1,3,0,3,5.69
NJ0210700,GREENWICH TWP PD STEWARTSVILLE,GREENWICH TWP PD STEWARTSVILLE,City,NJ,2022,5490,12,0,12,0,0,0,12,0,12,2.19
IL0500300,MARSEILLES PD,MARSEILLES PD,City,IL,2022,4785,9,0,9,0,1,1,9,1,10,2.09
PA0310100,HUNTINGDON PD,HUNTINGDON PD,City,PA,2022,6859,12,0,12,0,1,1,12,1,13,1.90
TX2202700,WESTOVER HILLS PD FORT WORTH,WESTOVER HILLS PD FORT WORTH,City,TX,2022,638,9,2,11,1,3,4,10,5,15,23.51
WA0391100,SELAH PD,SELAH PD,City,WA,2022,8258,16,1,17,0,2,2,16,3,19,2.30
MO0400000,GRUNDY,GRUNDY,County,MO,2022,4123,6,4,10,0,6,6,6,10,16,3.88
TX1130100,CROCKETT PD,CROCKETT PD,City,TX,2022,6428,11,0,11,2,1,3,13,1,14,2.18
MT0390100,DEER LODGE PD,DEER LODGE PD,City,MT,2022,2949,6,0,6,0,0,0,6,0,6,2.03
NJ0191800,SPARTA TWP PD SPARTA,SPARTA TWP PD SPARTA,City,NJ,2022,20348,31,6,37,2,7,9,33,13,46,2.26
IA0150100,ATLANTIC PD,ATLANTIC PD,City,IA,2022,6726,11,0,11,1,1,2,12,1,13,1.93
SD0100000,CAMPBELL CO SO MOUND CITY,CAMPBELL CO SO MOUND CITY,County,SD,2022,1395,3,0,3,0,0,0,3,0,3,2.15
WV0390200,TERRA ALTA PD,TERRA ALTA PD,City,WV,2022,1505,1,0,1,0,0,0,1,0,1,0.66
VA0490000,KING GEORGE CO SO KING GEORGE,KING GEORGE CO SO KING GEORGE,County,VA,2022,28287,33,3,36,8,19,27,41,22,63,2.23
MN0520000,NICOLLET CO SO ST PETER,NICOLLET CO SO ST PETER,County,MN,2022,8186,14,10,24,2,14,16,16,24,40,4.89
OK0681200,MULDROW,MULDROW,City,OK,2022,3350,7,0,7,1,5,6,8,5,13,3.88
PA0221000,HIGHSPIRE POLICE DEPARTMENT,HIGHSPIRE POLICE DEPARTMENT,City,PA,2022,2720,5,0,5,0,0,0,5,0,5,1.84
NM0140100,RUIDOSO PD,RUIDOSO PD,City,NM,2022,7846,20,7,27,0,6,6,20,13,33,4.21
TX1291300,,,Other,TX,2022,0,4,0,4,2,0,2,6,0,6,
IL0168400,PALATINE PD,PALATINE PD,City,IL,2022,65078,97,14,111,12,13,25,109,27,136,2.09
KS0230000,DOUGLAS CO SO LAWRENCE,DOUGLAS CO SO LAWRENCE,County,KS,2022,13053,63,41,104,13,31,44,76,72,148,11.34
MI8270000,RIVER ROUGE PD,RIVER ROUGE PD,City,MI,2022,7028,16,3,19,1,4,5,17,7,24,3.41
IL0440100,VIENNA PD,VIENNA PD,City,IL,2022,1491,1,0,1,2,0,2,3,0,3,2.01
TN0380000,HAYWOOD CO SO BROWNSVILLE,HAYWOOD CO SO BROWNSVILLE,County,TN,2022,8065,18,9,27,2,13,15,20,22,42,5.21
PA0092100,WARMINSTER TWP PD WARMINSTER,WARMINSTER TWP PD WARMINSTER,City,PA,2022,33413,36,2,38,4,2,6,40,4,44,1.32
MI5084900,CLINTON TWP PD MOUNT CLEMENS,CLINTON TWP PD MOUNT CLEMENS,City,MI,2022,99274,87,2,89,7,9,16,94,11,105,1.06
WI0530000,RICHLAND CO SO RICHLAND CENTER,RICHLAND CO SO RICHLAND CENTER,County,WI,2022,12132,21,0,21,9,0,9,30,0,30,2.47
OK0661500,VERDIGRIS,VERDIGRIS,City,OK,2022,5605,8,0,8,0,1,1,8,1,9,1.61
WVWSP3800,STATE POLICE POINT PLEASANT,STATE POLICE POINT PLEASANT,State Police,WV,2022,0,8,0,8,0,1,1,8,1,9,
WI041249E,,,University or College,WI,2022,0,35,5,40,9,12,21,44,17,61,
KS1030200,NEODESHA PD,NEODESHA PD,City,KS,2022,2233,8,1,9,0,1,1,8,2,10,4.48
OK0251000,PAOLI,PAOLI,City,OK,2022,586,1,0,1,0,0,0,1,0,1,1.71
PA0620100,WARREN PD,WARREN PD,City,PA,2022,9159,15,0,15,1,2,3,16,2,18,1.97
PA0460400,BRYN ATHYN PD,BRYN ATHYN PD,City,PA,2022,1264,4,0,4,0,0,0,4,0,4,3.16
NC0120400,GLEN ALPINE PD,GLEN ALPINE PD,City,NC,2022,1524,4,0,4,0,0,0,4,0,4,2.62
CO0030900,ARAPAHOE COMM COLLEGE,ARAPAHOE COMM COLLEGE,University or College,CO,2022,0,7,0,7,0,1,1,7,1,8,
TN019580X,,,Other State Agency,TN,2022,0,6,0,6,0,0,0,6,0,6,
NJ0033000,PEMBERTON TWP PD BROWNS MILLS,PEMBERTON TWP PD BROWNS MILLS,City,NJ,2022,26759,40,1,41,6,4,10,46,5,51,1.91
IL0222100,WHEATON PD,WHEATON PD,City,IL,2022,52663,53,7,60,14,8,22,67,15,82,1.56
CA0431700,CALIFORNIA STATE UNIV PD SAN JOSE,CALIFORNIA STATE UNIV PD SAN JOSE,University or College,CA,2022,0,15,25,40,4,17,21,19,42,61,
VA1180000,NORTON PD,NORTON PD,City,VA,2022,3666,16,1,17,1,9,10,17,10,27,7.36
OK0140400,NOBLE,NOBLE,City,OK,2022,7746,12,2,14,1,4,5,13,6,19,2.45
GA0930200,NORTH GEORGIA COLL - DEPT PUB SAF DAHLONEGA,NORTH GEORGIA COLL - DEPT PUB SAF DAHLONEGA,University or College,GA,2022,0,30,4,34,5,7,12,35,11,46,
NC0300000,DAVIE CO SO MOCKSVILLE,DAVIE CO SO MOCKSVILLE,County,NC,2022,43516,68,21,89,11,18,29,79,39,118,2.71
MI6816800,OSCODA CO SO MIO,OSCODA CO SO MIO,County,MI,2022,8389,12,2,14,0,4,4,12,6,18,2.15
TX2300200,GILMER PD,GILMER PD,City,TX,2022,4997,14,0,14,1,4,5,15,4,19,3.80
WV0171400,HARRISON CO DRUG & VCTF,HARRISON CO DRUG & VCTF,Other,WV,2022,0,7,0,7,0,0,0,7,0,7,
PA0633200,SMITH TWP PD SLOVAN,SMITH TWP PD SLOVAN,City,PA,2022,4192,5,0,5,0,0,0,5,0,5,1.19
MN0820600,STILLWATER PD,STILLWATER PD,City,MN,2022,19388,20,2,22,4,3,7,24,5,29,1.50
KS0460800,ROELAND PARK PD ROELAND PARK,ROELAND PARK PD ROELAND PARK,City,KS,2022,6762,13,0,13,2,1,3,15,1,16,2.37
OR0130000,HARNEY,HARNEY,County,OR,2022,3174,13,0,13,1,5,6,14,5,19,5.99
ME0031500,WINDHAM PD,WINDHAM PD,City,ME,2022,19048,25,0,25,2,3,5,27,3,30,1.57
GA1070200,OXFORD PD,OXFORD PD,City,GA,2022,2275,2,0,2,0,0,0,2,0,2,0.88
IL0600500,EDWARDSVILLE PD,EDWARDSVILLE PD,City,IL,2022,25117,40,7,47,5,10,15,45,17,62,2.47
CO0320100,BURLINGTON,BURLINGTON,City,CO,2022,3043,6,1,7,0,1,1,6,2,8,2.63
MA0135400,,,University or College,MA,2022,0,4,1,5,2,4,6,6,5,11,
NY0170200,JOHNSTOWN CITY PD JOHNSTOWN,JOHNSTOWN CITY PD JOHNSTOWN,City,NY,2022,8139,22,0,22,2,1,3,24,1,25,3.07
NV0020300,HENDERSON PD,HENDERSON PD,City,NV,2022,325332,404,48,452,67,148,215,471,196,667,2.05
GA1500100,SANDERSVILLE PD,SANDERSVILLE PD,City,GA,2022,5540,17,0,17,2,2,4,19,2,21,3.79
AZ0030000,COCONINO CO SO FLAGSTAFF,COCONINO CO SO FLAGSTAFF,County,AZ,2022,53115,62,62,124,5,65,70,67,127,194,3.65
IL0540200,LINCOLN PD,LINCOLN PD,City,IL,2022,13119,25,0,25,1,2,3,26,2,28,2.13
FL0030700,LYNN HAVEN PD,LYNN HAVEN PD,City,FL,2022,19377,34,2,36,4,8,12,38,10,48,2.48
OK0760200,WAYNOKA,WAYNOKA,City,OK,2022,716,2,0,2,1,1,2,3,1,4,5.59
OR0330100,THE DALLES,THE DALLES,City,OR,2022,16100,23,1,24,2,3,5,25,4,29,1.80
KS0990000,WABAUNSEE CO SO ALMA,WABAUNSEE CO SO ALMA,County,KS,2022,5826,9,1,10,2,5,7,11,6,17,2.92
NH0075000,WARNER PD,WARNER PD,City,NH,2022,2969,2,0,2,0,1,1,2,1,3,1.01
NJ0100900,FLEMINGTON PD,FLEMINGTON PD,City,NJ,2022,4923,16,0,16,1,0,1,17,0,17,3.45
CO0020100,ALAMOSA,ALAMOSA,City,CO,2022,9874,22,4,26,3,2,5,25,6,31,3.14
SD0330200,PARKSTON PD,PARKSTON PD,City,SD,2022,1536,2,0,2,0,0,0,2,0,2,1.30
NJ0032400,MOUNT HOLLY TWP PD MOUNT HOLLY,MOUNT HOLLY TWP PD MOUNT HOLLY,City,NJ,2022,9968,21,0,21,2,3,5,23,3,26,2.61
NJ0121400,NEW BRUNSWICK PD,NEW BRUNSWICK PD,City,NJ,2022,55971,127,9,136,8,11,19,135,20,155,2.77
IA0770700,JOHNSTON PD,JOHNSTON PD,City,IA,2022,24295,27,4,31,5,3,8,32,7,39,1.61
MA0090500,AYER PD,AYER PD,City,MA,2022,8368,16,5,21,3,7,10,19,12,31,3.70
PA051189E,,,University or College,PA,2022,0,47,10,57,2,18,20,49,28,77,
FL0501800,JUPITER INLET COLONY PD JUPITER,JUPITER INLET COLONY PD JUPITER,City,FL,2022,400,13,0,13,0,0,0,13,0,13,32.50
MA0022200,PITTSFIELD PD,PITTSFIELD PD,City,MA,2022,43496,82,14,96,9,8,17,91,22,113,2.60
IL0167200,MOUNT PROSPECT PD,MOUNT PROSPECT PD,City,IL,2022,54477,70,3,73,13,8,21,83,11,94,1.73
WI0412000,ST FAIR PK PD MILWAUKEE,ST FAIR PK PD MILWAUKEE,Other State Agency,WI,2022,0,4,0,4,0,1,1,4,1,5,
OH0210700,SUNBURY,SUNBURY,City,OH,2022,8030,12,0,12,3,1,4,15,1,16,1.99
KS0570000,MCPHERSON CO SO MCPHERSON,MCPHERSON CO SO MCPHERSON,County,KS,2022,7432,18,0,18,0,3,3,18,3,21,2.83
CA0410000,SAN MATEO CO SO REDWOOD CITY,SAN MATEO CO SO REDWOOD CITY,County,CA,2022,126104,275,206,481,25,170,195,300,376,676,5.36
NY0052100,WEEDSPORT VILLAGE PD WEEDSPORT,WEEDSPORT VILLAGE PD WEEDSPORT,City,NY,2022,1790,0,0,0,1,0,1,1,0,1,0.56
PA0431100,SHENANGO TWP PD WEST MIDDLESEX,SHENANGO TWP PD WEST MIDDLESEX,City,PA,2022,3487,11,0,11,0,0,0,11,0,11,3.15
TX1690100,BOWIE PD,BOWIE PD,City,TX,2022,5659,14,1,15,0,6,6,14,7,21,3.71
CA0580200,WHEATLAND PD,WHEATLAND PD,City,CA,2022,3804,8,0,8,0,0,0,8,0,8,2.10
NV0131300,,,Other State Agency,NV,2022,0,7,0,7,0,1,1,7,1,8,
VA0770000,PULASKI CO SO PULASKI,PULASKI CO SO PULASKI,County,VA,2022,22295,52,0,52,3,3,6,55,3,58,2.60
MN0640000,REDWOOD CO SO REDWOOD FALLS,REDWOOD CO SO REDWOOD FALLS,County,MN,2022,7859,14,8,22,1,10,11,15,18,33,4.20
MD0220300,HAGERSTOWN PD,HAGERSTOWN PD,City,MD,2022,43548,74,4,78,4,15,19,78,19,97,2.23
AL0670000,WINSTON CO SO DOUBLE SPRINGS,WINSTON CO SO DOUBLE SPRINGS,County,AL,2022,16886,10,5,15,0,10,10,10,15,25,1.48
MA0051300,LAWRENCE PD,LAWRENCE PD,City,MA,2022,88422,146,4,150,16,14,30,162,18,180,2.04
NC0400000,GREENE CO SO SNOW HILL,GREENE CO SO SNOW HILL,County,NC,2022,18957,15,0,15,5,3,8,20,3,23,1.21
FL0660100,DE FUNIAK SPRINGS PD,DE FUNIAK SPRINGS PD,City,FL,2022,6620,21,1,22,1,7,8,22,8,30,4.53
MT0110100,GLENDIVE PD,GLENDIVE PD,City,MT,2022,4860,4,0,4,1,2,3,5,2,7,1.44
GA1160000,PULASKI CO SO HAWKINSVILLE,PULASKI CO SO HAWKINSVILLE,County,GA,2022,10005,9,4,13,1,9,10,10,13,23,2.30
MN0700000,SCOTT CO SO SHAKOPEE,SCOTT CO SO SHAKOPEE,County,MN,2022,24324,48,45,93,4,50,54,52,95,147,6.04
AK0011700,PALMER PD,PALMER PD,City,AK,2022,6305,15,0,15,0,8,8,15,8,23,3.65
NH0022200,MADISON PD,MADISON PD,City,NH,2022,2717,4,0,4,0,0,0,4,0,4,1.47
CA0411300,REDWOOD CITY PD,REDWOOD CITY PD,City,CA,2022,79182,78,4,82,9,25,34,87,29,116,1.46
NY0010200,COHOES CITY PD COHOES,COHOES CITY PD COHOES,City,NY,2022,17890,30,0,30,2,2,4,32,2,34,1.90
SC0420000,SPARTANBURG CO SO SPARTANBURG,SPARTANBURG CO SO SPARTANBURG,County,SC,2022,264198,283,4,287,47,28,75,330,32,362,1.37
SC020SP00,HP: FAIRFIELD COUNTY,HP: FAIRFIELD COUNTY,State Police,SC,2022,0,7,1,8,0,2,2,7,3,10,
TN0170200,BELLS POLICE DEPARTMENT,BELLS POLICE DEPARTMENT,City,TN,2022,2501,5,0,5,0,0,0,5,0,5,2.00
VA0920600,,,University or College,VA,2022,0,2,0,2,0,0,0,2,0,2,
AR0430400,LONOKE PD,LONOKE PD,City,AR,2022,4128,12,0,12,1,1,2,13,1,14,3.39
IN0300100,GREENFIELD PD,GREENFIELD PD,City,IN,2022,24596,39,1,40,3,2,5,42,3,45,1.83
CA0011600,UPRR: ALAMEDA COUNTY,UPRR: ALAMEDA COUNTY,Other,CA,2022,0,41,0,41,1,0,1,42,0,42,
CO0440100,BRUSH,BRUSH,City,CO,2022,5262,8,0,8,2,3,5,10,3,13,2.47
SC032289E,,,Other,SC,2022,0,2,0,2,0,0,0,2,0,2,
PA0251900,PA STATE UNIV BEHREND COLL DEPT SAFETY SEC ERIE,PA STATE UNIV BEHREND COLL DEPT SAFETY SEC ERIE,University or College,PA,2022,0,7,0,7,3,1,4,10,1,11,
WI0300200,TWIN LAKES PD,TWIN LAKES PD,City,WI,2022,6448,12,1,13,1,4,5,13,5,18,2.79
SC0190100,EDGEFIELD PD,EDGEFIELD PD,City,SC,2022,2416,12,0,12,0,0,0,12,0,12,4.97
OH0180600,BEREA,BEREA,City,OH,2022,18736,30,1,31,2,2,4,32,3,35,1.87
TX1080000,HIDALGO CO SO EDINBURG,HIDALGO CO SO EDINBURG,County,TX,2022,262967,270,363,633,25,192,217,295,555,850,3.23
DE0011800,STATE CAPITOL POLICE DOVER,STATE CAPITOL POLICE DOVER,Other State Agency,DE,2022,0,56,11,67,9,4,13,65,15,80,
VA0290500,NORTHERN VA COMM COLL ANNANDALE CAMPUS PD,NORTHERN VA COMM COLL ANNANDALE CAMPUS PD,University or College,VA,2022,0,35,10,45,8,6,14,43,16,59,
NH0081200,DANVILLE PD,DANVILLE PD,City,NH,2022,4596,4,0,4,1,0,1,5,0,5,1.09
VA0800200,VINTON PD,VINTON PD,City,VA,2022,7996,23,0,23,1,2,3,24,2,26,3.25
CA0190R00,PASADENA AREA COMM COLLEGE PD PASADENA,PASADENA AREA COMM COLLEGE PD PASADENA,University or College,CA,2022,0,10,1,11,0,4,4,10,5,15,
FL0502700,PALM SPRINGS PD,PALM SPRINGS PD,City,FL,2022,26593,36,5,41,4,14,18,40,19,59,2.22
FL0338000,JEFFERSON FL FISH/WILDLIFE CONSERVATION COMM,JEFFERSON FL FISH/WILDLIFE CONSERVATION COMM,Other State Agency,FL,2022,0,24,5,29,2,9,11,26,14,40,
GA1540200,HELEN PD,HELEN PD,City,GA,2022,555,11,0,11,3,1,4,14,1,15,27.03
MN0810000,WASECA,WASECA,County,MN,2022,6135,13,13,26,1,5,6,14,18,32,5.22
TX1810000,ORANGE CO SO ORANGE,ORANGE CO SO ORANGE,County,TX,2022,41031,56,30,86,7,38,45,63,68,131,3.19
KS0070000,BROWN CO SO HIAWATHA,BROWN CO SO HIAWATHA,County,KS,2022,4693,8,4,12,0,9,9,8,13,21,4.47
TX0840700,LA MARQUE PD,LA MARQUE PD,City,TX,2022,19068,29,1,30,7,11,18,36,12,48,2.52
NC0310500,ROSE HILL PD,ROSE HILL PD,City,NC,2022,1356,5,0,5,0,0,0,5,0,5,3.69
PA0011300,READING TOWNSHIP,READING TOWNSHIP,City,PA,2022,5816,2,0,2,0,0,0,2,0,2,0.34
MD0100100,CAMBRIDGE PD,CAMBRIDGE PD,City,MD,2022,13072,29,1,30,3,3,6,32,4,36,2.75
OK0270600,,,City,OK,2022,882,2,0,2,0,0,0,2,0,2,2.27
TX1330000,KERR CO SO KERRVILLE,KERR CO SO KERRVILLE,County,TX,2022,27442,45,28,73,6,33,39,51,61,112,4.08
NJ0120200,CRANBURY POLICE DEPARTMENT,CRANBURY POLICE DEPARTMENT,City,NJ,2022,3989,18,0,18,2,1,3,20,1,21,5.26
OR0190000,LAKE,LAKE,County,OR,2022,8383,22,0,22,7,1,8,29,1,30,3.58
KY0500000,HART CO SO MUNFORDVILLE,HART CO SO MUNFORDVILLE,County,KY,2022,15718,11,0,11,11,2,13,22,2,24,1.53
OK0580000,OTTAWA,OTTAWA,County,OK,2022,13734,9,0,9,2,3,5,11,3,14,1.02
TN0540400,CALHOUN PD,CALHOUN PD,City,TN,2022,549,2,0,2,1,0,1,3,0,3,5.46
WV0120200,LAW ENF DIV DEPT NATRL RESOURCES PETERSBURG,LAW ENF DIV DEPT NATRL RESOURCES PETERSBURG,Other State Agency,WV,2022,0,2,0,2,0,0,0,2,0,2,
NY0540000,TOMPKINS CO SHERIFFS DEPARTMENT ITHACA,TOMPKINS CO SHERIFFS DEPARTMENT ITHACA,County,NY,2022,64300,34,1,35,9,4,13,43,5,48,0.75
NB0800200,MILFORD PD,MILFORD PD,City,NB,2022,2142,1,0,1,0,0,0,1,0,1,0.47
NC0880000,TRANSYLVANIA CO SO BREVARD,TRANSYLVANIA CO SO BREVARD,County,NC,2022,25706,57,12,69,4,11,15,61,23,84,3.27
MI8253800,LIVONIA PD,LIVONIA PD,City,MI,2022,93517,120,10,130,15,22,37,135,32,167,1.79
OH0060900,WAYNESFIELD,WAYNESFIELD,City,OH,2022,735,1,0,1,0,0,0,1,0,1,1.36
CA0370100,CARLSBAD PD,CARLSBAD PD,City,CA,2022,115531,116,13,129,13,46,59,129,59,188,1.63
NV0010000,CHURCHILL CO SO FALLON,CHURCHILL CO SO FALLON,County,NV,2022,16578,38,0,38,5,8,13,43,8,51,3.08
OK0210700,GROVE,GROVE,City,OK,2022,7179,19,2,21,0,5,5,19,7,26,3.62
NC0200100,ANDREWS PD,ANDREWS PD,City,NC,2022,1707,6,1,7,2,0,2,8,1,9,5.27
VA0900000,SURRY CO SO SURRY,SURRY CO SO SURRY,County,VA,2022,6537,14,4,18,0,9,9,14,13,27,4.13
WV0270100,POINT PLEASANT PD,POINT PLEASANT PD,City,WV,2022,3983,8,0,8,0,1,1,8,1,9,2.26
FL0350700,MASCOTTE PD,MASCOTTE PD,City,FL,2022,7972,14,1,15,2,1,3,16,2,18,2.26
SC0200100,WINNSBORO PD,WINNSBORO PD,City,SC,2022,3126,9,1,10,3,0,3,12,1,13,4.16
OH0390700,MONROEVILLE,MONROEVILLE,City,OH,2022,1287,5,0,5,0,0,0,5,0,5,3.89
GA1110100,FORT VALLEY PD,FORT VALLEY PD,City,GA,2022,8946,19,2,21,8,6,14,27,8,35,3.91
TX0840600,KEMAH PD,KEMAH PD,City,TX,2022,1794,12,0,12,3,6,9,15,6,21,11.71
WY0230100,NEWCASTLE,NEWCASTLE,City,WY,2022,3176,2,1,3,1,5,6,3,6,9,2.83
PA0636000,CHARELROI REGIONAL,CHARELROI REGIONAL,City,PA,2022,6761,12,0,12,0,0,0,12,0,12,1.77
TN0860100,ERWIN PD,ERWIN PD,City,TN,2022,5931,15,0,15,1,1,2,16,1,17,2.87
MD0070300,,,City,MD,2022,9831,9,2,11,0,0,0,9,2,11,1.12
MN0250400,KENYON PD,KENYON PD,City,MN,2022,1907,3,0,3,0,1,1,3,1,4,2.10
MO0560300,LA GRANGE,LA GRANGE,City,MO,2022,835,3,0,3,0,0,0,3,0,3,3.59
KS0950100,HUGOTON PD,HUGOTON PD,City,KS,2022,3795,4,0,4,1,2,3,5,2,7,1.84
TN0470500,UNIV TENNESSEE PD KNOXVILLE,UNIV TENNESSEE PD KNOXVILLE,University or College,TN,2022,0,49,15,64,16,19,35,65,34,99,
PA0100000,BUTLER CO SO BUTLER,BUTLER CO SO BUTLER,County,PA,2022,0,22,0,22,5,3,8,27,3,30,
TX1870400,CORRIGAN POLICE DEPT,CORRIGAN POLICE DEPT,City,TX,2022,1487,8,0,8,0,6,6,8,6,14,9.41
AK0011100,WRANGELL PD,WRANGELL PD,City,AK,2022,1984,5,2,7,0,4,4,5,6,11,5.54
MI5260900,NEGAUNEE PD,NEGAUNEE PD,City,MI,2022,4652,9,0,9,0,0,0,9,0,9,1.93
MN0180600,,,City,MN,2022,598,3,0,3,0,0,0,3,0,3,5.02
FL0531100,LAKE HAMILTON PD,LAKE HAMILTON PD,City,FL,2022,1571,6,0,6,0,1,1,6,1,7,4.46
KS0310100,JUNCTION CITY PD,JUNCTION CITY PD,City,KS,2022,21927,35,2,37,12,16,28,47,18,65,2.96
WA0160100,PORT TOWNSEND PD,PORT TOWNSEND PD,City,WA,2022,10452,10,1,11,1,2,3,11,3,14,1.34
WA0131100,WARDEN PD,WARDEN PD,City,WA,2022,2574,5,0,5,0,1,1,5,1,6,2.33
CA0120800,HUMBOLDT STATE UNIVERSITY PD ARCATA,HUMBOLDT STATE UNIVERSITY PD ARCATA,University or College,CA,2022,0,6,2,8,2,7,9,8,9,17,
PA0070000,BLAIR CO SO HOLLIDAYSBURG,BLAIR CO SO HOLLIDAYSBURG,County,PA,2022,0,19,0,19,6,3,9,25,3,28,
MI5715700,MISSAUKEE CO SO LAKE CITY,MISSAUKEE CO SO LAKE CITY,County,MI,2022,15193,13,0,13,1,1,2,14,1,15,0.99
WI0130100,MADISON PD,MADISON PD,City,WI,2022,269546,362,44,406,138,67,205,500,111,611,2.27
WI0580100,HAYWARD PD,HAYWARD PD,City,WI,2022,2566,7,0,7,0,1,1,7,1,8,3.12
LA0080100,BOSSIER CITY PD,BOSSIER CITY PD,City,LA,2022,63078,137,3,140,20,33,53,157,36,193,3.06
OR035SP00,SP: WHEELER COUNTY,SP: WHEELER COUNTY,State Police,OR,2022,0,2,0,2,0,0,0,2,0,2,
WVWSP4200,STATE POLICE RIPLEY,STATE POLICE RIPLEY,State Police,WV,2022,0,5,0,5,0,1,1,5,1,6,
WI0150100,STURGEON BAY PD,STURGEON BAY PD,City,WI,2022,9758,21,0,21,1,2,3,22,2,24,2.46
CT0016600,WOLCOTT PD,WOLCOTT PD,City,CT,2022,16180,24,2,26,1,9,10,25,11,36,2.22
NM0230000,SANDOVAL CO SO BERNALILLO,SANDOVAL CO SO BERNALILLO,County,NM,2022,26612,47,1,48,9,8,17,56,9,65,2.44
NC0250200,NEW BERN PD,NEW BERN PD,City,NC,2022,31614,71,10,81,14,14,28,85,24,109,3.45
NC0900100,MARSHVILLE PD,MARSHVILLE PD,City,NC,2022,2603,8,0,8,0,0,0,8,0,8,3.07
MA0053600,SALEM STATE COLLEGE DPS SALEM,SALEM STATE COLLEGE DPS SALEM,University or College,MA,2022,0,20,2,22,1,1,2,21,3,24,
VA1110300,THOMAS NELSON COMMUNITY COLLEGE PD HAMPTON,THOMAS NELSON COMMUNITY COLLEGE PD HAMPTON,University or College,VA,2022,0,3,0,3,1,2,3,4,2,6,
AZ0100100,SOUTH TUCSON PD SOUTH TUCSON,SOUTH TUCSON PD SOUTH TUCSON,City,AZ,2022,4537,10,1,11,2,0,2,12,1,13,2.87
MO1010600,SIKESTON,SIKESTON,City,MO,2022,16024,46,14,60,2,10,12,48,24,72,4.49
NC0230200,SHELBY PD,SHELBY PD,City,NC,2022,21989,64,3,67,8,8,16,72,11,83,3.77
NB0360100,BURWELL PD,BURWELL PD,City,NB,2022,1108,1,0,1,0,0,0,1,0,1,0.90
AR0680000,SHERIFF'S OFFICE ASH FLAT,SHERIFF'S OFFICE ASH FLAT,County,AR,2022,11097,14,6,20,0,8,8,14,14,28,2.52
OH0110200,URBANA,URBANA,City,OH,2022,11119,17,0,17,0,1,1,17,1,18,1.62
TX0210200,COLLEGE STATION PD,COLLEGE STATION PD,City,TX,2022,121618,137,10,147,13,49,62,150,59,209,1.72
CA0151500,BEAR VALLEY PD TECHACHAPI,BEAR VALLEY PD TECHACHAPI,City,CA,2022,120,5,0,5,1,1,2,6,1,7,58.33
KS0160100,BURLINGTON PD,BURLINGTON PD,City,KS,2022,2637,6,0,6,1,2,3,7,2,9,3.41
PA0430700,SHARPSVILLE PD,SHARPSVILLE PD,City,PA,2022,4197,8,0,8,0,0,0,8,0,8,1.91
MS0250100,JACKSON PD,JACKSON PD,City,MS,2022,146738,178,36,214,70,94,164,248,130,378,2.58
FL0370700,FLORIDA A & M UNIVERSITY PDTALLAHASSEE,FLORIDA A & M UNIVERSITY PDTALLAHASSEE,University or College,FL,2022,0,13,4,17,4,11,15,17,15,32,
FL0170000,ESCAMBIA CO SO PENSACOLA,ESCAMBIA CO SO PENSACOLA,County,FL,2022,272935,346,99,445,54,207,261,400,306,706,2.59
FL0410400,HOLMES BEACH PD,HOLMES BEACH PD,City,FL,2022,3058,16,3,19,1,3,4,17,6,23,7.52
FL0380200,CHIEFLAND PD,CHIEFLAND PD,City,FL,2022,2379,11,0,11,1,2,3,12,2,14,5.88
MI0335300,SAUGATUCK DOUGLAS POLICE DEPARTMENT,SAUGATUCK DOUGLAS POLICE DEPARTMENT,City,MI,2022,2274,3,0,3,1,1,2,4,1,5,2.20
FL0060200,DEERFIELD BEACH PD,DEERFIELD BEACH PD,City,FL,2022,85964,113,3,116,19,6,25,132,9,141,1.64
GA0050000,BALDWIN COUNTY SHERIFF OFFICE,BALDWIN COUNTY SHERIFF OFFICE,County,GA,2022,26838,42,17,59,11,43,54,53,60,113,4.21
CA0330900,INDIO PD,INDIO PD,City,CA,2022,91604,59,13,72,3,29,32,62,42,104,1.14
GA0310100,CLAYTON COUNTY PD JONESBORO,CLAYTON COUNTY PD JONESBORO,County,GA,2022,236255,236,12,248,80,85,165,316,97,413,1.75
NJ0131200,ENGLISHTOWN PD,ENGLISHTOWN PD,City,NJ,2022,2362,6,0,6,1,0,1,7,0,7,2.96
TX1701400,WILLIS PD,WILLIS PD,City,TX,2022,6986,11,0,11,1,2,3,12,2,14,2.00
MI4626000,BLISSFIELD PD,BLISSFIELD PD,City,MI,2022,3284,5,0,5,0,0,0,5,0,5,1.52
NY0465200,NISKAYUNA TOWN PD SCHENECTADY,NISKAYUNA TOWN PD SCHENECTADY,City,NY,2022,23403,26,1,27,1,2,3,27,3,30,1.28
KY0600000,KNOTT CO SO HINDMAN,KNOTT CO SO HINDMAN,County,KY,2022,13357,4,0,4,0,0,0,4,0,4,0.30
WV0380100,MARLINTON PD,MARLINTON PD,City,WV,2022,979,1,0,1,0,0,0,1,0,1,1.02
MS0640000,SIMPSON CO SO MENDENHALL,SIMPSON CO SO MENDENHALL,County,MS,2022,19571,21,15,36,0,20,20,21,35,56,2.86
MN0110500,,,City,MN,2022,902,3,0,3,0,0,0,3,0,3,3.33
NC0921500,RALEIGH-DURHAM AIRPORT PD RALEIGH,RALEIGH-DURHAM AIRPORT PD RALEIGH,Other,NC,2022,0,37,0,37,3,1,4,40,1,41,
VA0810200,LEXINGTON PD,LEXINGTON PD,City,VA,2022,7628,10,1,11,4,3,7,14,4,18,2.36
WI0450500,SEYMOUR PD,SEYMOUR PD,City,WI,2022,3512,6,0,6,0,0,0,6,0,6,1.71
KS0800000,RICE CO SO LYONS,RICE CO SO LYONS,County,KS,2022,2242,7,0,7,0,2,2,7,2,9,4.01
WV0150100,CHESTER PD,CHESTER PD,City,WV,2022,2139,4,1,5,0,0,0,4,1,5,2.34
TX1410100,LAMPASAS POLICE DEPT,LAMPASAS POLICE DEPT,City,TX,2022,7737,23,2,25,0,12,12,23,14,37,4.78
IL0100300,MAHOMET PD,MAHOMET PD,City,IL,2022,9709,8,0,8,3,1,4,11,1,12,1.24
KY1040100,JAMESTOWN PD,JAMESTOWN PD,City,KY,2022,1842,9,0,9,0,1,1,9,1,10,5.43
GA0820000,JENKINS CO SO MILLEN,JENKINS CO SO MILLEN,County,GA,2022,5733,10,4,14,0,6,6,10,10,20,3.49
MEDI00300,PASSAMAQUODDY POLICE DEPARTMENT,PASSAMAQUODDY POLICE DEPARTMENT,Tribal,ME,2022,0,5,4,9,1,3,4,6,7,13,
IA0360000,FREMONT CO SO SIDNEY,FREMONT CO SO SIDNEY,County,IA,2022,6580,10,3,13,0,15,15,10,18,28,4.26
TX2230100,BROWNFIELD POLICE DEPT,BROWNFIELD POLICE DEPT,City,TX,2022,8877,15,0,15,5,7,12,20,7,27,3.04
MN0100000,CARVER CO SO CHASKA,CARVER CO SO CHASKA,County,MN,2022,81952,67,29,96,6,42,48,73,71,144,1.76
WA0342000,,,Other State Agency,WA,2022,0,72,70,142,12,39,51,84,109,193,
TN0170100,ALAMO TOWN PD,ALAMO TOWN PD,City,TN,2022,2335,3,0,3,1,0,1,4,0,4,1.71
AK0010600,NOME PD,NOME PD,City,AK,2022,3546,11,3,14,0,8,8,11,11,22,6.20
SC011NR00,DNR: CHEROKEE COUNTY,DNR: CHEROKEE COUNTY,Other State Agency,SC,2022,0,4,0,4,0,0,0,4,0,4,
MO0620000,MADISON,MADISON,County,MO,2022,8149,5,0,5,3,0,3,8,0,8,0.98
MI3266600,PIGEON PD,PIGEON PD,City,MI,2022,1205,1,0,1,0,0,0,1,0,1,0.83
MTDI05400,BUREAU OF INDIAN AFFAIRS,BUREAU OF INDIAN AFFAIRS,Tribal,MT,2022,0,9,4,13,0,2,2,9,6,15,
PA0650400,JEANNETTE PD,JEANNETTE PD,City,PA,2022,8636,13,0,13,0,1,1,13,1,14,1.62
AR0160700,BONO PD,BONO PD,City,AR,2022,2738,4,0,4,0,0,0,4,0,4,1.46
MN0850100,ST CHARLES PD,ST CHARLES PD,City,MN,2022,4001,6,0,6,1,0,1,7,0,7,1.75
MO0490600,WEBB CITY,WEBB CITY,City,MO,2022,13433,19,2,21,1,2,3,20,4,24,1.79
OK0701000,TEXHOMA,TEXHOMA,City,OK,2022,817,2,0,2,0,0,0,2,0,2,2.45
MS0480200,AMORY PD,AMORY PD,City,MS,2022,6439,22,1,23,3,6,9,25,7,32,4.97
PA0400500,FREELAND PD,FREELAND PD,City,PA,2022,3815,2,0,2,0,0,0,2,0,2,0.52
PA0462900,UPPER MERION TWP PD KING OF PRUSSIA,UPPER MERION TWP PD KING OF PRUSSIA,City,PA,2022,34792,62,7,69,8,9,17,70,16,86,2.47
NY0294700,CENTRE ISLAND VILLAGE PD OYSTER BAY,CENTRE ISLAND VILLAGE PD OYSTER BAY,City,NY,2022,394,7,0,7,0,0,0,7,0,7,17.77
KY0591100,TAYLOR MILL PD COVINGTON,TAYLOR MILL PD COVINGTON,City,KY,2022,6821,8,0,8,0,1,1,8,1,9,1.32
IL0130000,CLAY CO SO LOUISVILLE,CLAY CO SO LOUISVILLE,County,IL,2022,8331,21,0,21,0,0,0,21,0,21,2.52
PA0320100,BLAIRSVILLE PD,BLAIRSVILLE PD,City,PA,2022,3230,5,0,5,0,0,0,5,0,5,1.55
NC0530200,BROADWAY PD,BROADWAY PD,City,NC,2022,1300,3,0,3,1,0,1,4,0,4,3.08
NY214UB00,SUNY: BUFFALO,SUNY: BUFFALO,University or College,NY,2022,0,50,6,56,12,7,19,62,13,75,
WA0060000,CLARK CO SO VANCOUVER,CLARK CO SO VANCOUVER,County,WA,2022,241745,116,16,132,12,81,93,128,97,225,0.93
AZ0100300,TUCSON PD,TUCSON PD,City,AZ,2022,544629,651,124,775,126,189,315,777,313,1090,2.00
TX1540100,BRADY POLICE DEPT,BRADY POLICE DEPT,City,TX,2022,4998,11,0,11,0,1,1,11,1,12,2.40
GA0930000,LUMPKIN CO SO DAHLONEGA,LUMPKIN CO SO DAHLONEGA,County,GA,2022,35094,42,14,56,4,24,28,46,38,84,2.39
IA0370000,GREENE CO SO JEFFERSON,GREENE CO SO JEFFERSON,County,IA,2022,4577,8,3,11,1,18,19,9,21,30,6.55
OH0810100,VAN WERT,VAN WERT,City,OH,2022,11005,19,4,23,1,3,4,20,7,27,2.45
AL0080000,BLOUNT CO SO ONEONTA,BLOUNT CO SO ONEONTA,County,AL,2022,45756,44,12,56,3,9,12,47,21,68,1.49
AL0100200,GEORGIANA PD,GEORGIANA PD,City,AL,2022,1303,6,3,9,0,0,0,6,3,9,6.91
OK0441100,WASHINGTON,WASHINGTON,City,OK,2022,695,2,2,4,0,2,2,2,4,6,8.63
AL0260200,DALEVILLE PD,DALEVILLE PD,City,AL,2022,4876,12,3,15,0,3,3,12,6,18,3.69
MO0830000,PLATTE,PLATTE,County,MO,2022,31368,65,8,73,22,26,48,87,34,121,3.86
NC0620200,BISCOE PD,BISCOE PD,City,NC,2022,1868,7,0,7,2,1,3,9,1,10,5.35
PA0405100,KINGSTON TWP PD TRUCKSVILLE,KINGSTON TWP PD TRUCKSVILLE,City,PA,2022,7110,12,0,12,1,0,1,13,0,13,1.83
MS0420000,LEFLORE CO SO GREENWOOD,LEFLORE CO SO GREENWOOD,County,MS,2022,11642,19,16,35,1,28,29,20,44,64,5.50
TX0920600,WHITE OAK PD,WHITE OAK PD,City,TX,2022,6147,15,1,16,1,3,4,16,4,20,3.25
IL0490300,DEERFIELD PD,DEERFIELD PD,City,IL,2022,18981,34,3,37,5,12,17,39,15,54,2.84
NC0350000,FRANKLIN CO SO LOUISBURG,FRANKLIN CO SO LOUISBURG,County,NC,2022,62248,68,14,82,14,16,30,82,30,112,1.80
NY0340200,GENEVA CITY PD GENEVA,GENEVA CITY PD GENEVA,City,NY,2022,12365,24,0,24,3,1,4,27,1,28,2.26
NH0073800,NEW LONDON PD,NEW LONDON PD,City,NH,2022,4354,7,2,9,2,3,5,9,5,14,3.22
MI7627400,BROWN CITY PD,BROWN CITY PD,City,MI,2022,1298,3,0,3,0,0,0,3,0,3,2.31
CT0007700,MANCHESTER PD,MANCHESTER PD,City,CT,2022,59293,85,12,97,27,22,49,112,34,146,2.46
NC0340600,N C SCHOOL OF THE ARTS POLICE WINSTON-SALEM,N C SCHOOL OF THE ARTS POLICE WINSTON-SALEM,University or College,NC,2022,0,14,3,17,2,4,6,16,7,23,
AL0670200,HALEYVILLE PD,HALEYVILLE PD,City,AL,2022,4366,15,2,17,0,3,3,15,5,20,4.58
PA0372000,MAHONING TOWNSHIP PD HILLSVILLE,MAHONING TOWNSHIP PD HILLSVILLE,City,PA,2022,2676,2,0,2,0,0,0,2,0,2,0.75
WV0010100,BELINGTON PD,BELINGTON PD,City,WV,2022,1806,3,0,3,0,0,0,3,0,3,1.66
AZ0071700,MESA POLICE DEPARTMENT HQ RECORDS,MESA POLICE DEPARTMENT HQ RECORDS,City,AZ,2022,513116,732,152,884,102,322,424,834,474,1308,2.55
SC0010200,CALHOUN FALLS PD,CALHOUN FALLS PD,City,SC,2022,1726,6,0,6,1,1,2,7,1,8,4.63
WI0450200,KAUKAUNA PD,KAUKAUNA PD,City,WI,2022,17288,24,0,24,2,1,3,26,1,27,1.56
AR0750000,YELL CO SO DANVILLE,YELL CO SO DANVILLE,County,AR,2022,12719,17,9,26,0,10,10,17,19,36,2.83
AL0540400,CARROLLTON PD,CARROLLTON PD,City,AL,2022,981,3,0,3,0,0,0,3,0,3,3.06
NC0880200,GORGES STATE PARK-PARK RANGERS,GORGES STATE PARK-PARK RANGERS,Other State Agency,NC,2022,0,2,0,2,2,0,2,4,0,4,
CA0430400,GILROY PD,GILROY PD,City,CA,2022,56742,51,8,59,8,21,29,59,29,88,1.55
SC0242600,STATE TRANSPORT POLICE,STATE TRANSPORT POLICE,Other State Agency,SC,2022,0,9,0,9,0,0,0,9,0,9,
NMDI02200,POJOAQUE TRIBAL POLICE DEPARTMENT,POJOAQUE TRIBAL POLICE DEPARTMENT,Tribal,NM,2022,0,18,2,20,3,8,11,21,10,31,
OH0160000,COSHOCTON,COSHOCTON,County,OH,2022,34210,37,7,44,3,15,18,40,22,62,1.81
AL0380200,ASHFORD PD,ASHFORD PD,City,AL,2022,2255,4,1,5,2,1,3,6,2,8,3.55
GA0440000,DEKALB COUNTY SHERIFF'S OFFICE,DEKALB COUNTY SHERIFF'S OFFICE,County,GA,2022,0,128,56,184,141,146,287,269,202,471,
MI4089200,GARFIELD TOWNSHIP FIFE LAKE,GARFIELD TOWNSHIP FIFE LAKE,City,MI,2022,997,1,0,1,0,0,0,1,0,1,1.00
AR0150100,MORRILTON PD,MORRILTON PD,City,AR,2022,7104,24,0,24,1,3,4,25,3,28,3.94
TX1950700,,,Other,TX,2022,0,6,0,6,3,2,5,9,2,11,
OK0720500,TULSA,TULSA,City,OK,2022,410135,692,69,761,132,122,254,824,191,1015,2.47
WV0190500,LAW ENF DIV DEPT NATRL RESOURCES CHARLES TOWN,LAW ENF DIV DEPT NATRL RESOURCES CHARLES TOWN,Other State Agency,WV,2022,0,1,0,1,0,0,0,1,0,1,
TN0910000,WAYNE CO SO WAYNESBORO,WAYNE CO SO WAYNESBORO,County,TN,2022,10780,18,16,34,1,16,17,19,32,51,4.73
AZ0020000,COCHISE CO SO BISBEE,COCHISE CO SO BISBEE,County,AZ,2022,47857,84,5,89,3,23,26,87,28,115,2.40
NH0052600,ENFIELD PD,ENFIELD PD,City,NH,2022,4540,5,0,5,1,1,2,6,1,7,1.54
MD0150000,KENT CO SO CHESTERTOWN,KENT CO SO CHESTERTOWN,County,MD,2022,12587,23,0,23,1,3,4,24,3,27,2.15
OK0330100,ALTUS,ALTUS,City,OK,2022,18757,38,0,38,3,13,16,41,13,54,2.88
TX0240100,FALFURRIAS PD,FALFURRIAS PD,City,TX,2022,4754,9,0,9,1,2,3,10,2,12,2.52
MA0141400,EAST BROOKFIELD PD,EAST BROOKFIELD PD,City,MA,2022,2208,4,0,4,0,0,0,4,0,4,1.81
PA0491800,MOUNT CARMEL TWP PD ATLAS,MOUNT CARMEL TWP PD ATLAS,City,PA,2022,2469,7,0,7,0,0,0,7,0,7,2.84
NY0252000,AVON VILLAGE PD AVON,AVON VILLAGE PD AVON,City,NY,2022,3328,5,0,5,0,0,0,5,0,5,1.50
IL0167700,NORTHLAKE PD,NORTHLAKE PD,City,IL,2022,12440,32,4,36,2,11,13,34,15,49,3.94
CA0363900,SAN BERNARDINO COMM COLL,SAN BERNARDINO COMM COLL,University or College,CA,2022,0,7,2,9,3,5,8,10,7,17,
MI2138200,DEPT OF PUBLIC SAFETY POLICE SECTION ESCANABA,DEPT OF PUBLIC SAFETY POLICE SECTION ESCANABA,City,MI,2022,12404,30,2,32,2,2,4,32,4,36,2.90
MA0050300,BEVERLY PD,BEVERLY PD,City,MA,2022,42441,67,1,68,6,6,12,73,7,80,1.88
TX1070600,,,City,TX,2022,3529,8,0,8,0,0,0,8,0,8,2.27
NY0324100,NEW HARTFORD TOWN PD NEW HARTFORD,NEW HARTFORD TOWN PD NEW HARTFORD,City,NY,2022,20415,20,1,21,2,1,3,22,2,24,1.18
KY0150300,MT WASHINGTON PD,MT WASHINGTON PD,City,KY,2022,18440,25,0,25,0,2,2,25,2,27,1.46
IL0160100,ALSIP PD,ALSIP PD,City,IL,2022,18246,30,0,30,6,3,9,36,3,39,2.14
NH0102000,PLAINFIELD,PLAINFIELD,City,NH,2022,2505,3,0,3,0,0,0,3,0,3,1.20
TN0760100,ONEIDA PD,ONEIDA PD,City,TN,2022,3793,10,3,13,1,2,3,11,5,16,4.22
PA0070800,DUNCANSVILLE PD,DUNCANSVILLE PD,City,PA,2022,1235,1,0,1,0,0,0,1,0,1,0.81
MA0120700,HALIFAX PD,HALIFAX PD,City,MA,2022,8092,14,0,14,1,1,2,15,1,16,1.98
MI2565000,,,City,MI,2022,20995,20,0,20,3,4,7,23,4,27,1.29
WV0200000,KANAWHA CO SO CHARLESTON,KANAWHA CO SO CHARLESTON,County,WV,2022,84077,97,17,114,7,9,16,104,26,130,1.55
NC0631300,,,Other,NC,2022,0,10,0,10,2,0,2,12,0,12,
TX1017300,ALDINE INDEPENDENT SCHOOL DISTRICT PD HOUSTON,ALDINE INDEPENDENT SCHOOL DISTRICT PD HOUSTON,Other,TX,2022,0,41,6,47,21,6,27,62,12,74,
MO1070400,ROCKAWAY BEACH,ROCKAWAY BEACH,City,MO,2022,840,1,0,1,0,1,1,1,1,2,2.38
IL0990700,JOLIET PD,JOLIET PD,City,IL,2022,150545,235,8,243,32,58,90,267,66,333,2.21
ME0161600,YORK POLICE DEPARTMENT,YORK POLICE DEPARTMENT,City,ME,2022,13977,22,7,29,4,5,9,26,12,38,2.72
WV0280000,MERCER CO SO PRINCETON,MERCER CO SO PRINCETON,County,WV,2022,42168,28,3,31,0,3,3,28,6,34,0.81
PA0370100,ELLWOOD CITY PD,ELLWOOD CITY PD,City,PA,2022,7517,11,0,11,0,1,1,11,1,12,1.60
MD0172700,MD NAT CAPITAL PARK POLICE PG CO DIV RIVERDALE,MD NAT CAPITAL PARK POLICE PG CO DIV RIVERDALE,Other,MD,2022,0,86,4,90,20,15,35,106,19,125,
NC0860200,MOUNT AIRY PD,MOUNT AIRY PD,City,NC,2022,10511,28,5,33,4,6,10,32,11,43,4.09
TX0270200,MARBLE FALLS PD,MARBLE FALLS PD,City,TX,2022,7408,25,1,26,2,15,17,27,16,43,5.80
SC0321600,PUBLIC SAFETY DEPT MIDLANDS TECH COLLEGE,PUBLIC SAFETY DEPT MIDLANDS TECH COLLEGE,University or College,SC,2022,0,7,1,8,0,0,0,7,1,8,
CA0341400,TWIN RIVERS DISTRICT POLICE DEPARTMENT,TWIN RIVERS DISTRICT POLICE DEPARTMENT,Other,CA,2022,0,11,1,12,3,6,9,14,7,21,
IL0270200,PAXTON PD,PAXTON PD,City,IL,2022,4444,7,0,7,1,0,1,8,0,8,1.80
AL0110200,JACKSONVILLE PD,JACKSONVILLE PD,City,AL,2022,13025,33,5,38,2,8,10,35,13,48,3.69
NM0130400,LOVINGTON PD,LOVINGTON PD,City,NM,2022,11179,18,0,18,3,5,8,21,5,26,2.33
SC023SP00,HP: GREENVILLE COUNTY,HP: GREENVILLE COUNTY,State Police,SC,2022,0,41,0,41,1,0,1,42,0,42,
CO0340400,BAYFIELD,BAYFIELD,City,CO,2022,2929,5,0,5,2,1,3,7,1,8,2.73
NJ0051000,STONE HARBOR PD,STONE HARBOR PD,City,NJ,2022,792,16,1,17,1,1,2,17,2,19,23.99
KY0760000,MADISON CO SO RICHMOND,MADISON CO SO RICHMOND,County,KY,2022,43458,36,1,37,1,3,4,37,4,41,0.94
SC0381000,SPRINGFIELD PD,SPRINGFIELD PD,City,SC,2022,438,2,0,2,0,0,0,2,0,2,4.57
VA0420100,ASHLAND PD,ASHLAND PD,City,VA,2022,7661,18,0,18,3,3,6,21,3,24,3.13
DE0030600,MILTON PD,MILTON PD,City,DE,2022,3548,7,1,8,2,0,2,9,1,10,2.82
NC0410500,UNC-GREENSBORO POLICE GREENSBORO,UNC-GREENSBORO POLICE GREENSBORO,University or College,NC,2022,0,23,12,35,4,6,10,27,18,45,
NC0240500,WHITEVILLE PD,WHITEVILLE PD,City,NC,2022,4630,12,3,15,3,3,6,15,6,21,4.54
TX0160000,BLANCO COUNTY SHERIFFS OFFICE,BLANCO COUNTY SHERIFFS OFFICE,County,TX,2022,8747,14,9,23,1,6,7,15,15,30,3.43
KS0220200,TROY PD,TROY PD,City,KS,2022,952,2,0,2,0,0,0,2,0,2,2.10
AZ0130500,TOWN OF JEROME,TOWN OF JEROME,City,AZ,2022,471,4,0,4,0,0,0,4,0,4,8.49
WA0270300,TACOMA PD,TACOMA PD,City,WA,2022,219027,269,7,276,55,32,87,324,39,363,1.66
KS0760100,PRATT PD,PRATT PD,City,KS,2022,6593,14,5,19,1,3,4,15,8,23,3.49
MI5937100,HOME TOWNSHIP POLICE DEPARTMENT,HOME TOWNSHIP POLICE DEPARTMENT,City,MI,2022,1515,2,0,2,0,0,0,2,0,2,1.32
NM0280100,SOCORRO PD,SOCORRO PD,City,NM,2022,8281,12,0,12,1,1,2,13,1,14,1.69
AR0040600,LOWELL PD,LOWELL PD,City,AR,2022,10402,22,5,27,2,2,4,24,7,31,2.98
GA0570200,ROME PD,ROME PD,City,GA,2022,37778,73,1,74,8,9,17,81,10,91,2.41
NH0061600,GOFFSTOWN PD,GOFFSTOWN PD,City,NH,2022,18375,25,3,28,6,11,17,31,14,45,2.45
SC0040000,ANDERSON CO SO ANDERSON,ANDERSON CO SO ANDERSON,County,SC,2022,163464,230,53,283,29,119,148,259,172,431,2.64
SC0380600,EUTAWVILLE PD,EUTAWVILLE PD,City,SC,2022,235,1,0,1,0,0,0,1,0,1,4.26
IL0900300,EAST PEORIA PD,EAST PEORIA PD,City,IL,2022,22130,40,0,40,3,5,8,43,5,48,2.17
WI0450800,HORTONVILLE PD,HORTONVILLE PD,City,WI,2022,3111,6,0,6,1,1,2,7,1,8,2.57
GA0400000,CRISP CO SO CORDELE,CRISP CO SO CORDELE,County,GA,2022,9856,42,11,53,13,35,48,55,46,101,10.25
AL0120200,LANETT PD,LANETT PD,City,AL,2022,6716,19,1,20,2,1,3,21,2,23,3.42
KS0870800,EASTBOROUGH PD,EASTBOROUGH PD,City,KS,2022,746,5,0,5,1,0,1,6,0,6,8.04
NC0110900,BLACK MOUNTAIN DHR CMPLX POLICE BLACK MOUNTAIN,BLACK MOUNTAIN DHR CMPLX POLICE BLACK MOUNTAIN,Other State Agency,NC,2022,0,7,0,7,0,0,0,7,0,7,
PA0156600,,,University or College,PA,2022,0,2,0,2,0,0,0,2,0,2,
FL0060300,FORT LAUDERDALE POLICE DEPARTMENT,FORT LAUDERDALE POLICE DEPARTMENT,City,FL,2022,180554,79,6,85,6,15,21,85,21,106,0.59
OH0020400,LIMA,LIMA,City,OH,2022,35633,64,5,69,11,13,24,75,18,93,2.61
TN0190800,NASHVILLE INTERN'L AIRPORT PUBLIC SAFETY,NASHVILLE INTERN'L AIRPORT PUBLIC SAFETY,Other,TN,2022,0,79,18,97,7,7,14,86,25,111,
NY209UN00,SUNY COLLEGE:PLATTSBURGH,SUNY COLLEGE:PLATTSBURGH,University or College,NY,2022,0,12,4,16,3,3,6,15,7,22,
WA0250400,LONG BEACH PD,LONG BEACH PD,City,WA,2022,1752,7,0,7,1,1,2,8,1,9,5.14
TX2340200,EDGEWOOD PD,EDGEWOOD PD,City,TX,2022,1649,4,0,4,0,0,0,4,0,4,2.43
ID0090200,SANDPOINT PD,SANDPOINT PD,City,ID,2022,9429,20,1,21,1,3,4,21,4,25,2.65
FL0489300,BELLE ISLE POLICE DEPARTMENT,BELLE ISLE POLICE DEPARTMENT,City,FL,2022,6902,18,1,19,3,1,4,21,2,23,3.33
AR0630100,BENTON PD,BENTON PD,City,AR,2022,36282,66,0,66,9,9,18,75,9,84,2.32
SD0490000,MINNEHAHA CO SO SIOUX FALLS,MINNEHAHA CO SO SIOUX FALLS,County,SD,2022,30617,81,107,188,3,60,63,84,167,251,8.20
MA0032000,WESTPORT PD,WESTPORT PD,City,MA,2022,16475,27,1,28,2,5,7,29,6,35,2.12
KS0080600,ROSE HILL PD,ROSE HILL PD,City,KS,2022,4336,8,0,8,1,1,2,9,1,10,2.31
PA0231400,HAVERFORD TWP PD HAVERTOWN,HAVERFORD TWP PD HAVERTOWN,City,PA,2022,50016,68,2,70,2,4,6,70,6,76,1.52
VTDFW0000,FISH & WILDLIFE DEPT LAW ENF DIV WATERBURG,FISH & WILDLIFE DEPT LAW ENF DIV WATERBURG,Other State Agency,VT,2022,0,35,0,35,4,2,6,39,2,41,
CA0280300,SAINT HELENA PD,SAINT HELENA PD,City,CA,2022,5347,9,0,9,2,6,8,11,6,17,3.18
MI2912900,GRATIOT CO SO ITHACA,GRATIOT CO SO ITHACA,County,MI,2022,23944,24,0,24,0,2,2,24,2,26,1.09
VA1270000,SUFFOLK PD,SUFFOLK PD,City,VA,2022,98065,125,8,133,44,58,102,169,66,235,2.40
OH0260200,DELTA,DELTA,City,OH,2022,3374,6,0,6,0,1,1,6,1,7,2.07
WA0380100,COLFAX PD,COLFAX PD,City,WA,2022,2774,5,0,5,0,0,0,5,0,5,1.80
GA0590300,ROYSTON PD,ROYSTON PD,City,GA,2022,2667,10,1,11,0,1,1,10,2,12,4.50
MO0790000,PERRY,PERRY,County,MO,2022,10412,17,2,19,6,9,15,23,11,34,3.27
MN0530100,WORTHINGTON PD,WORTHINGTON PD,City,MN,2022,13616,22,2,24,2,7,9,24,9,33,2.42
OR0090000,DESCHUTES,DESCHUTES,County,OR,2022,66336,161,23,184,17,33,50,178,56,234,3.53
CO0480000,PHILLIPS,PHILLIPS,County,CO,2022,1202,2,0,2,0,0,0,2,0,2,1.66
PA0540200,FRACKVILLE PD,FRACKVILLE PD,City,PA,2022,3881,2,0,2,1,0,1,3,0,3,0.77
OK0360000,KAY,KAY,County,OK,2022,8183,18,0,18,0,8,8,18,8,26,3.18
SC0320000,LEXINGTON CO SO LEXINGTON,LEXINGTON CO SO LEXINGTON,County,SC,2022,229734,249,47,296,36,71,107,285,118,403,1.75
SC040SP00,HP: RICHLAND COUNTY,HP: RICHLAND COUNTY,State Police,SC,2022,0,74,0,74,12,0,12,86,0,86,
VA1050000,COLONIAL HEIGHTS PD,COLONIAL HEIGHTS PD,City,VA,2022,18419,45,1,46,7,5,12,52,6,58,3.15
AL0480300,THOMASTON PD,THOMASTON PD,City,AL,2022,321,1,0,1,0,0,0,1,0,1,3.12
NY0357800,WALLKILL TOWN PD MIDDLETOWN,WALLKILL TOWN PD MIDDLETOWN,City,NY,2022,30804,41,0,41,9,2,11,50,2,52,1.69
OK0591200,PAWNEE TRIBAL,PAWNEE TRIBAL,Tribal,OK,2022,0,4,0,4,1,1,2,5,1,6,
PA0090900,MIDDLETOWN TWP PD LANGHORNE,MIDDLETOWN TWP PD LANGHORNE,City,PA,2022,45742,51,0,51,7,7,14,58,7,65,1.42
TX2011000,,,City,TX,2022,508,1,0,1,0,0,0,1,0,1,1.97
NB0610000,MERRICK CO SO CENTRAL CITY,MERRICK CO SO CENTRAL CITY,County,NB,2022,4640,7,2,9,2,4,6,9,6,15,3.23
WI0440300,WOODRUFF PD,WOODRUFF PD,City,WI,2022,2105,5,0,5,0,1,1,5,1,6,2.85
NC0710200,TOPSAIL BEACH PD TOPSAIL BEACH,TOPSAIL BEACH PD TOPSAIL BEACH,City,NC,2022,492,8,0,8,1,1,2,9,1,10,20.33
CO0100200,GEORGETOWN,GEORGETOWN,City,CO,2022,1303,3,0,3,0,0,0,3,0,3,2.30
IA0740000,PALO ALTO CO SO EMMETSBURG,PALO ALTO CO SO EMMETSBURG,County,IA,2022,5247,8,1,9,0,8,8,8,9,17,3.24
KS0290300,SPEARVILLE PD,SPEARVILLE PD,City,KS,2022,801,1,0,1,0,0,0,1,0,1,1.25
KY0430100,LEITCHFIELD PD,LEITCHFIELD PD,City,KY,2022,6433,16,0,16,2,1,3,18,1,19,2.95
CA0400500,PISMO BEACH PD,PISMO BEACH PD,City,CA,2022,8015,20,0,20,4,14,18,24,14,38,4.74
MT0420200,FAIRVIEW PD,FAIRVIEW PD,City,MT,2022,858,1,0,1,1,0,1,2,0,2,2.33
TX2290000,TYLER CO SO WOODVILLE,TYLER CO SO WOODVILLE,County,TX,2022,18012,17,7,24,0,6,6,17,13,30,1.67
WV0550100,MULLENS PD,MULLENS PD,City,WV,2022,1421,3,0,3,0,0,0,3,0,3,2.11
AR0350200,WHITE HALL PD,WHITE HALL PD,City,AR,2022,5579,17,0,17,1,2,3,18,2,20,3.58
TN0010000,ANDERSON CO SO CLINTON,ANDERSON CO SO CLINTON,County,TN,2022,33960,63,105,168,5,38,43,68,143,211,6.21
SC039NR00,DNR: PICKENS COUNTY,DNR: PICKENS COUNTY,Other State Agency,SC,2022,0,7,2,9,1,2,3,8,4,12,
NM0070000,DONA ANA CO SO LAS CRUCES,DONA ANA CO SO LAS CRUCES,County,NM,2022,79506,123,24,147,11,33,44,134,57,191,2.40
MN0700200,JORDAN PD,JORDAN PD,City,MN,2022,6890,7,1,8,3,1,4,10,2,12,1.74
TN0780300,PIGEON FORGE PD,PIGEON FORGE PD,City,TN,2022,6340,61,4,65,6,13,19,67,17,84,13.25
FL0132000,VIRGINIA GARDENS PD,VIRGINIA GARDENS PD,City,FL,2022,2251,7,0,7,0,1,1,7,1,8,3.55
OR0240300,SILVERTON,SILVERTON,City,OR,2022,10622,14,1,15,2,2,4,16,3,19,1.79
TX1590100,STANTON PD,STANTON PD,City,TX,2022,2630,6,0,6,0,1,1,6,1,7,2.66
CA0060200,WILLIAMS PD,WILLIAMS PD,City,CA,2022,5655,10,0,10,1,2,3,11,2,13,2.30
VA0770200,DUBLIN PD,DUBLIN PD,City,VA,2022,2636,7,0,7,0,1,1,7,1,8,3.03
OK0390100,WILBURTON,WILBURTON,City,OK,2022,2321,5,0,5,1,1,2,6,1,7,3.02
ME0060100,AUGUSTA PD,AUGUSTA PD,City,ME,2022,19013,40,6,46,2,6,8,42,12,54,2.84
RI0030300,NEWPORT PD,NEWPORT PD,City,RI,2022,25039,67,3,70,8,11,19,75,14,89,3.55
MO0350400,HORNERSVILLE,HORNERSVILLE,City,MO,2022,515,1,0,1,1,0,1,2,0,2,3.88
WV0550400,LAW ENF DIV DEPT NATRL RESOURCES PINEVILLE,LAW ENF DIV DEPT NATRL RESOURCES PINEVILLE,Other State Agency,WV,2022,0,1,0,1,0,0,0,1,0,1,
LA0270200,JENNINGS PD,JENNINGS PD,City,LA,2022,9664,16,0,16,4,6,10,20,6,26,2.69
MA0120100,ABINGTON PD,ABINGTON PD,City,MA,2022,17886,21,1,22,2,2,4,23,3,26,1.45
MO0490100,CARL JUNCTION,CARL JUNCTION,City,MO,2022,8355,9,1,10,2,3,5,11,4,15,1.80
WI0650000,WALWORTH CO SO ELKHORN,WALWORTH CO SO ELKHORN,County,WI,2022,24248,68,61,129,8,55,63,76,116,192,7.92
SC016NR00,DNR: DARLINGTON COUNTY,DNR: DARLINGTON COUNTY,Other State Agency,SC,2022,0,4,0,4,0,0,0,4,0,4,
NC0470100,RAEFORD PD,RAEFORD PD,City,NC,2022,4725,16,0,16,2,1,3,18,1,19,4.02
PA0020F00,KENNEDY TWP PD CORAOPOLIS,KENNEDY TWP PD CORAOPOLIS,City,PA,2022,8522,9,1,10,1,1,2,10,2,12,1.41
NJ0040500,BERLIN PD,BERLIN PD,City,NJ,2022,7522,19,0,19,1,1,2,20,1,21,2.79
WI0680500,WAUKESHA PD,WAUKESHA PD,City,WI,2022,71147,110,10,120,14,21,35,124,31,155,2.18
NY0352000,WASHINGTONVILLE VILLAGE PD WASHINGTONVILLE,WASHINGTONVILLE VILLAGE PD WASHINGTONVILLE,City,NY,2022,5804,14,0,14,0,2,2,14,2,16,2.76
NJ0181800,SOMERVILLE PD,SOMERVILLE PD,City,NJ,2022,12759,31,0,31,3,2,5,34,2,36,2.82
GA0520100,ELBERTON PD,ELBERTON PD,City,GA,2022,4719,14,1,15,4,0,4,18,1,19,4.03
SD0510000,PENNINGTON CO SO RAPID CITY,PENNINGTON CO SO RAPID CITY,County,SD,2022,28761,91,142,233,10,127,137,101,269,370,12.86
MNMHP2000,DPS-SP METRO DISPATCH ROSEVILLE,DPS-SP METRO DISPATCH ROSEVILLE,State Police,MN,2022,0,65,43,108,9,36,45,74,79,153,
NJ0041900,HI NELLA PD SOMERDALE,HI NELLA PD SOMERDALE,City,NJ,2022,923,9,0,9,0,0,0,9,0,9,9.75
NYDI02100,ONEIDA INDIAN NATION POLICE DEPARTMENT,ONEIDA INDIAN NATION POLICE DEPARTMENT,Tribal,NY,2022,0,33,3,36,4,3,7,37,6,43,
IA0510000,JEFFERSON CO SO FAIRFIELD,JEFFERSON CO SO FAIRFIELD,County,IA,2022,6008,10,5,15,1,6,7,11,11,22,3.66
NB0130000,CASS CO SO PLATTSMOUTH,CASS CO SO PLATTSMOUTH,County,NB,2022,20764,30,17,47,5,24,29,35,41,76,3.66
NJ0131600,FREEHOLD TWP PD FREEHOLD,FREEHOLD TWP PD FREEHOLD,City,NJ,2022,35791,64,0,64,2,4,6,66,4,70,1.96
OK0090000,CANADIAN,CANADIAN,County,OK,2022,7422,60,14,74,5,21,26,65,35,100,13.47
WVWSP1700,STATE POLICE HARRISVILLE,STATE POLICE HARRISVILLE,State Police,WV,2022,0,5,1,6,0,0,0,5,1,6,
MA0120900,HANSON PD,HANSON PD,City,MA,2022,11196,23,0,23,2,1,3,25,1,26,2.32
GA0490100,BLAKELY PD,BLAKELY PD,City,GA,2022,5139,11,0,11,5,2,7,16,2,18,3.50
TX1220000,JEFF DAVIS CO SO FORT DAVIS,JEFF DAVIS CO SO FORT DAVIS,County,TX,2022,1932,4,0,4,0,1,1,4,1,5,2.59
AR0160500,ARKANSAS STATE UNIVERSITY PD STATE UNIVERSITY,ARKANSAS STATE UNIVERSITY PD STATE UNIVERSITY,University or College,AR,2022,0,18,1,19,0,4,4,18,5,23,
NB0550100,LINCOLN PD,LINCOLN PD,City,NB,2022,293937,283,51,334,53,87,140,336,138,474,1.61
MA0031200,NORTH ATTLEBORO PD,NORTH ATTLEBORO PD,City,MA,2022,31071,35,6,41,6,11,17,41,17,58,1.87
NH0071200,CANTERBURY PD,CANTERBURY PD,City,NH,2022,2483,1,0,1,1,0,1,2,0,2,0.81
NJ0180900,GREEN BROOK PD,GREEN BROOK PD,City,NJ,2022,7314,23,0,23,0,1,1,23,1,24,3.28
OK0160600,FLETCHER,FLETCHER,City,OK,2022,1232,2,0,2,0,0,0,2,0,2,1.62
GA1590000,WORTH CO SO SYLVESTER,WORTH CO SO SYLVESTER,County,GA,2022,13739,22,3,25,4,7,11,26,10,36,2.62
PA0070600,ROARING SPRING PD,ROARING SPRING PD,City,PA,2022,2345,3,0,3,0,0,0,3,0,3,1.28
MN0260000,GRANT CO SO ELBOW LAKE,GRANT CO SO ELBOW LAKE,County,MN,2022,6237,10,1,11,1,5,6,11,6,17,2.73
PA0590400,ELKLAND PD,ELKLAND PD,City,PA,2022,1809,2,0,2,0,0,0,2,0,2,1.11
VA0260200,HAYSI PD,HAYSI PD,City,VA,2022,526,1,0,1,0,0,0,1,0,1,1.90
NJ0043700,WOODLYNNE POLICE DEPARTMENT,WOODLYNNE POLICE DEPARTMENT,City,NJ,2022,2888,7,1,8,0,0,0,7,1,8,2.77
NY0593700,PELHAM MANOR VILLAGE PD PELHAM,PELHAM MANOR VILLAGE PD PELHAM,City,NY,2022,5587,25,0,25,0,0,0,25,0,25,4.47
NJNSP2200,,,State Police,NJ,2022,0,2975,567,3542,174,649,823,3149,1216,4365,
CA0560400,OXNARD PD,OXNARD PD,City,CA,2022,201517,205,35,240,27,87,114,232,122,354,1.76
NC0870200,CHEROKEE TRIBAL,CHEROKEE TRIBAL,Tribal,NC,2022,0,59,16,75,8,12,20,67,28,95,
NC0440100,CANTON PD,CANTON PD,City,NC,2022,4433,13,2,15,1,4,5,14,6,20,4.51
OH0500000,MAHONING,MAHONING,County,OH,2022,15866,142,17,159,46,16,62,188,33,221,13.93
IL0561000,MARENGO PD,MARENGO PD,City,IL,2022,7590,12,0,12,2,2,4,14,2,16,2.11
ME0101000,EAST MILLINOCKET PD,EAST MILLINOCKET PD,City,ME,2022,6823,8,0,8,3,0,3,11,0,11,1.61
MI0991500,HAMPTON TOWNSHIP PD ESSEXVILLE,HAMPTON TOWNSHIP PD ESSEXVILLE,City,MI,2022,9564,10,0,10,0,0,0,10,0,10,1.05
MI5071300,ROSEVILLE PD,ROSEVILLE PD,City,MI,2022,46719,63,1,64,8,2,10,71,3,74,1.58
PA0250500,WESLEYVILLE PD,WESLEYVILLE PD,City,PA,2022,3172,7,0,7,0,1,1,7,1,8,2.52
TX0711400,HORIZON CITY PD HORIZON CITY,HORIZON CITY PD HORIZON CITY,City,TX,2022,23726,22,2,24,6,17,23,28,19,47,1.98
MA0091600,DUNSTABLE PD,DUNSTABLE PD,City,MA,2022,3333,8,0,8,0,1,1,8,1,9,2.70
NH0063400,MANCHESTER PD,MANCHESTER PD,City,NH,2022,114650,223,19,242,28,37,65,251,56,307,2.68
AL0370000,HENRY CO SO ABBEVILLE,HENRY CO SO ABBEVILLE,County,AL,2022,9556,23,7,30,0,8,8,23,15,38,3.98
OK0190800,MANNFORD,MANNFORD,City,OK,2022,3279,8,3,11,0,1,1,8,4,12,3.66
WI0030200,BARRON PD,BARRON PD,City,WI,2022,3644,6,0,6,0,0,0,6,0,6,1.65
OH0420000,KNOX,KNOX,County,OH,2022,42419,43,13,56,2,15,17,45,28,73,1.72
CO0250400,FRASER/WINTER PARK,FRASER/WINTER PARK,City,CO,2022,2472,9,1,10,0,2,2,9,3,12,4.85
IA0300000,DICKINSON CO SO SPIRIT LAKE,DICKINSON CO SO SPIRIT LAKE,County,IA,2022,11335,9,7,16,0,4,4,9,11,20,1.76
KY1200100,VERSAILLES PD,VERSAILLES PD,City,KY,2022,27242,35,0,35,2,1,3,37,1,38,1.39
MO0951100,CALVERTON PARK,CALVERTON PARK,City,MO,2022,1129,7,0,7,0,0,0,7,0,7,6.20
AL0260600,MIDLAND CITY PD,MIDLAND CITY PD,City,AL,2022,2285,4,0,4,2,0,2,6,0,6,2.63
TN0070400,JACKSBORO PD,JACKSBORO PD,City,TN,2022,2313,4,0,4,1,0,1,5,0,5,2.16
AR0480200,CLARENDON PD,CLARENDON PD,City,AR,2022,1476,4,0,4,0,0,0,4,0,4,2.71
IL0340000,HANCOCK CO SO CARTHAGE,HANCOCK CO SO CARTHAGE,County,IL,2022,9418,9,4,13,2,8,10,11,12,23,2.44
OH0200000,DEFIANCE,DEFIANCE,County,OH,2022,17679,22,0,22,1,2,3,23,2,25,1.41
VA1300400,UNIVERSITY OF RICHMOND,UNIVERSITY OF RICHMOND,University or College,VA,2022,0,19,6,25,3,6,9,22,12,34,
NJ0033500,SPRINGIELD TWP PD JOBSTOWN,SPRINGIELD TWP PD JOBSTOWN,City,NJ,2022,3222,10,0,10,0,1,1,10,1,11,3.41
NC0120700,ST PARK RANGER S MTNS ST PARK CONNLLEY SPRINGS,ST PARK RANGER S MTNS ST PARK CONNLLEY SPRINGS,Other State Agency,NC,2022,0,4,0,4,3,1,4,7,1,8,
DE0010600,CLAYTON PD,CLAYTON PD,City,DE,2022,4003,9,0,9,0,1,1,9,1,10,2.50
MN0790000,WABASHA CO SO WABASHA,WABASHA CO SO WABASHA,County,MN,2022,11221,18,11,29,1,18,19,19,29,48,4.28
IA0850200,NEVADA PD,NEVADA PD,City,IA,2022,7112,9,0,9,2,2,4,11,2,13,1.83
SC0390200,CLEMSON PD,CLEMSON PD,City,SC,2022,18174,26,0,26,6,11,17,32,11,43,2.37
KY0591900,INDEPENDENCE PD,INDEPENDENCE PD,City,KY,2022,29211,37,0,37,1,2,3,38,2,40,1.37
TX0030200,HUNTINGTON PD,HUNTINGTON PD,City,TX,2022,2020,3,0,3,2,0,2,5,0,5,2.48
NB0690000,PHELPS CO SO HOLDREGE,PHELPS CO SO HOLDREGE,County,NB,2022,3446,6,6,12,1,11,12,7,17,24,6.96
WY0040500,HANNA MARSHAL'S OFFICE,HANNA MARSHAL'S OFFICE,City,WY,2022,687,1,0,1,0,0,0,1,0,1,1.46
PA0362300,EAST HEMPFIELD TOWNSHIP PD LANCASTER,EAST HEMPFIELD TOWNSHIP PD LANCASTER,City,PA,2022,26625,32,0,32,2,4,6,34,4,38,1.43
MS0340200,LAUREL PD,LAUREL PD,City,MS,2022,17066,40,5,45,6,15,21,46,20,66,3.87
WI0460100,MEQUON PD,MEQUON PD,City,WI,2022,25347,32,3,35,7,4,11,39,7,46,1.81
MO0540400,HIGGINSVILLE,HIGGINSVILLE,City,MO,2022,4642,10,1,11,1,11,12,11,12,23,4.95
WI0411000,OAK CREEK PD,OAK CREEK PD,City,WI,2022,35995,48,9,57,12,16,28,60,25,85,2.36
NM0240200,FARMINGTON PD,FARMINGTON PD,City,NM,2022,46249,97,17,114,15,32,47,112,49,161,3.48
IA0370100,JEFFERSON PD,JEFFERSON PD,City,IA,2022,4119,7,0,7,1,0,1,8,0,8,1.94
PA0675100,NORTH HOPEWELL TOWNSHIP,NORTH HOPEWELL TOWNSHIP,City,PA,2022,2714,2,0,2,0,0,0,2,0,2,0.74
NY0602100,ATTICA VILLAGE PD ATTICA,ATTICA VILLAGE PD ATTICA,City,NY,2022,2497,5,0,5,0,0,0,5,0,5,2.00
ND0350000,PIERCE CO SO RUGBY,PIERCE CO SO RUGBY,County,ND,2022,1474,4,19,23,0,15,15,4,34,38,25.78
MI7958700,MILLINGTON PD,MILLINGTON PD,City,MI,2022,1012,2,0,2,0,0,0,2,0,2,1.98
MI5632300,COLEMAN PD,COLEMAN PD,City,MI,2022,1262,2,0,2,0,0,0,2,0,2,1.58
RI0040500,JOHNSTON PD,JOHNSTON PD,City,RI,2022,29430,54,2,56,3,11,14,57,13,70,2.38
TX0280100,LOCKHART PD,LOCKHART PD,City,TX,2022,15068,18,3,21,4,9,13,22,12,34,2.26
TN0940500,NOLENSVILLE POLICE DEPARTMENT,NOLENSVILLE POLICE DEPARTMENT,City,TN,2022,16990,16,0,16,1,1,2,17,1,18,1.06
FL0131000,NORTH MIAMI BEACH PD,NORTH MIAMI BEACH PD,City,FL,2022,41632,84,13,97,16,26,42,100,39,139,3.34
KS0850000,SALINE CO SO SALINA,SALINE CO SO SALINA,County,KS,2022,7027,37,3,40,1,6,7,38,9,47,6.69
OK0020000,ALFALFA,ALFALFA,County,OK,2022,4211,5,3,8,0,3,3,5,6,11,2.61
NC0410600,PIEDMONT TRIAD INTNATN'L AIRPORT PD GREENSBORO,PIEDMONT TRIAD INTNATN'L AIRPORT PD GREENSBORO,Other,NC,2022,0,18,4,22,6,5,11,24,9,33,
UT0271300,,,University or College,UT,2022,0,7,0,7,0,1,1,7,1,8,
MT0040000,BROADWATER CO SO TOWNSEND,BROADWATER CO SO TOWNSEND,County,MT,2022,7759,10,4,14,2,8,10,12,12,24,3.09
FL0510000,PASCO COUNTY SHERIFF'S OFFICE,PASCO COUNTY SHERIFF'S OFFICE,County,FL,2022,562483,595,102,697,82,238,320,677,340,1017,1.81
SC0142600,STATE TRANSPORT POLICE,STATE TRANSPORT POLICE,Other State Agency,SC,2022,0,0,0,0,1,0,1,1,0,1,
SC0320700,IRMO PD,IRMO PD,City,SC,2022,11937,21,0,21,3,3,6,24,3,27,2.26
PA0650000,WESTMORELAND CO SO GREENSBURG,WESTMORELAND CO SO GREENSBURG,County,PA,2022,0,51,0,51,10,6,16,61,6,67,
OK0720800,JENKS,JENKS,City,OK,2022,27208,22,7,29,3,6,9,25,13,38,1.40
MA0146100,UNIV OF MASSACHUSETTS PD MEDICAL CTR WORCESTER,UNIV OF MASSACHUSETTS PD MEDICAL CTR WORCESTER,University or College,MA,2022,0,18,11,29,2,4,6,20,15,35,
TN0580200,WHITWELL PD,WHITWELL PD,City,TN,2022,1612,2,0,2,0,0,0,2,0,2,1.24
WVWSP5600,STATE POLICE WELLSBURG,STATE POLICE WELLSBURG,State Police,WV,2022,0,4,0,4,0,0,0,4,0,4,
OK0402700,SPIRO,SPIRO,City,OK,2022,2135,5,0,5,0,0,0,5,0,5,2.34
AR0660100,FORT SMITH PD,FORT SMITH PD,City,AR,2022,90013,142,12,154,20,31,51,162,43,205,2.28
ND0180100,GRAND FORKS PD,GRAND FORKS PD,City,ND,2022,58620,79,5,84,10,11,21,89,16,105,1.79
OK0330500,,,City,OK,2022,315,1,0,1,0,0,0,1,0,1,3.17
OH0782300,WEATHERSFIELD,WEATHERSFIELD,City,OH,2022,8043,13,0,13,0,1,1,13,1,14,1.74
MA0122100,PLYMPTON PD,PLYMPTON PD,City,MA,2022,3075,9,0,9,1,0,1,10,0,10,3.25
TX0570800,DE SOTO PD,DE SOTO PD,City,TX,2022,55956,66,17,83,9,26,35,75,43,118,2.11
TX1660300,THORNDALE POLICE DEPT,THORNDALE POLICE DEPT,City,TX,2022,1312,2,0,2,0,0,0,2,0,2,1.52
MS0380000,LAUDERDALE CO SO MERIDIAN,LAUDERDALE CO SO MERIDIAN,County,MS,2022,37372,50,27,77,2,44,46,52,71,123,3.29
IL0222700,DARIEN PD,DARIEN PD,City,IL,2022,21515,29,1,30,4,4,8,33,5,38,1.77
MI8296500,PLYMOUTH TOWNSHIP PD PLYMOUTH,PLYMOUTH TOWNSHIP PD PLYMOUTH,City,MI,2022,27426,27,4,31,2,11,13,29,15,44,1.60
NY0593300,PLEASANTVILLE VILLAGE PD PLEASANTVILLE,PLEASANTVILLE VILLAGE PD PLEASANTVILLE,City,NY,2022,7324,20,0,20,2,0,2,22,0,22,3.00
KY0561900,AUDUBON PARK PD LOUISVILLE,AUDUBON PARK PD LOUISVILLE,City,KY,2022,1411,2,0,2,2,0,2,4,0,4,2.83
PA0490700,KULPMONT PD,KULPMONT PD,City,PA,2022,2734,1,0,1,0,0,0,1,0,1,0.37
TX1230100,BEAUMONT PD,BEAUMONT PD,City,TX,2022,110898,220,18,238,24,50,74,244,68,312,2.81
NY0242400,LOWVILLE VILLAGE PD LOWVILLE,LOWVILLE VILLAGE PD LOWVILLE,City,NY,2022,3332,6,0,6,0,0,0,6,0,6,1.80
PA0480100,BANGOR PD,BANGOR PD,City,PA,2022,5149,7,0,7,1,0,1,8,0,8,1.55
KS0460900,SHAWNEE PD,SHAWNEE PD,City,KS,2022,67617,76,7,83,17,15,32,93,22,115,1.70
OH0313600,WYOMING,WYOMING,City,OH,2022,8646,17,1,18,2,2,4,19,3,22,2.54
NB0800100,SEWARD PD,SEWARD PD,City,NB,2022,7695,8,1,9,2,1,3,10,2,12,1.56
TN0010600,SEVENTH JUDICIAL DISTRICT DRUG TASK FORCE,SEVENTH JUDICIAL DISTRICT DRUG TASK FORCE,Other,TN,2022,0,7,0,7,0,0,0,7,0,7,
PA0562600,SUMMIT TOWNSHIP POLICE DEPARTMENT,SUMMIT TOWNSHIP POLICE DEPARTMENT,City,PA,2022,2116,1,0,1,0,0,0,1,0,1,0.47
IL0500100,LA SALLE PD,LA SALLE PD,City,IL,2022,9450,22,0,22,0,1,1,22,1,23,2.43
NJ0082200,WOODBURY PD,WOODBURY PD,City,NJ,2022,10108,24,1,25,3,2,5,27,3,30,2.97
NJ0082600,ROWAN UNIVERSITY POLICE DEPT OF GLASSBORO,ROWAN UNIVERSITY POLICE DEPT OF GLASSBORO,University or College,NJ,2022,0,32,35,67,3,18,21,35,53,88,
IA0970200,SERGEANT BLUFF PD,SERGEANT BLUFF PD,City,IA,2022,4991,9,0,9,0,1,1,9,1,10,2.00
ME0010300,LIVERMORE FALLS PD,LIVERMORE FALLS PD,City,ME,2022,3074,4,0,4,0,0,0,4,0,4,1.30
AZ0048900,SAN CARLOS TRIBAL PD SAN CARLOS,SAN CARLOS TRIBAL PD SAN CARLOS,Tribal,AZ,2022,0,26,15,41,3,12,15,29,27,56,
WA0220700,REARDAN PD,REARDAN PD,City,WA,2022,685,1,0,1,1,0,1,2,0,2,2.92
VA0830100,LEBANON PD,LEBANON PD,City,VA,2022,3098,10,0,10,0,1,1,10,1,11,3.55
MI2543100,GRAND BLANC PD,GRAND BLANC PD,City,MI,2022,7970,16,0,16,1,2,3,17,2,19,2.38
MS0560000,PERRY CO SO NEW AUGUSTA,PERRY CO SO NEW AUGUSTA,County,MS,2022,11100,13,3,16,0,9,9,13,12,25,2.25
DE0031000,BETHANY BEACH PD,BETHANY BEACH PD,City,DE,2022,1032,10,0,10,1,1,2,11,1,12,11.63
MA0091400,CONCORD PD,CONCORD PD,City,MA,2022,18040,26,4,30,6,5,11,32,9,41,2.27
NC0640300,BAILEY PD,BAILEY PD,City,NC,2022,565,0,0,0,1,0,1,1,0,1,1.77
TX1440200,LEXINGTON PD,LEXINGTON PD,City,TX,2022,1246,0,0,0,1,0,1,1,0,1,0.80
KY0090100,PARIS PD,PARIS PD,City,KY,2022,10174,31,1,32,1,2,3,32,3,35,3.44
PA0352700,SCOTT TWP PD OLYPHANT,SCOTT TWP PD OLYPHANT,City,PA,2022,4635,6,0,6,0,0,0,6,0,6,1.29
AZ0110700,FLORENCE PD,FLORENCE PD,City,AZ,2022,26814,19,9,28,1,1,2,20,10,30,1.12
AL0300200,BREWTON PD,BREWTON PD,City,AL,2022,5251,21,3,24,2,7,9,23,10,33,6.28
AL0410000,LAUDERDALE CO SO FLORENCE,LAUDERDALE CO SO FLORENCE,County,AL,2022,50651,43,0,43,2,8,10,45,8,53,1.05
PA0672700,WEST MANHEIM TWP PD HANOVER,WEST MANHEIM TWP PD HANOVER,City,PA,2022,9386,10,0,10,0,0,0,10,0,10,1.07
MA0100100,NANTUCKET PD,NANTUCKET PD,City,MA,2022,14814,26,5,31,8,7,15,34,12,46,3.11
MO0160200,JACKSON,JACKSON,City,MO,2022,15561,24,0,24,3,1,4,27,1,28,1.80
KS0270000,ELLSWORTH CO SO ELLSWORTH,ELLSWORTH CO SO ELLSWORTH,County,KS,2022,1645,8,7,15,1,8,9,9,15,24,14.59
NH0043800,LANCASTER PD,LANCASTER PD,City,NH,2022,3209,7,0,7,0,2,2,7,2,9,2.80
TN0120100,HENDERSON PD,HENDERSON PD,City,TN,2022,6372,14,0,14,2,1,3,16,1,17,2.67
ME0110000,PISCATAQUIS CO SO DOVER FOXCROFT,PISCATAQUIS CO SO DOVER FOXCROFT,County,ME,2022,9153,9,0,9,0,1,1,9,1,10,1.09
GA0250600,TYBEE ISLAND PD,TYBEE ISLAND PD,City,GA,2022,3075,23,6,29,3,7,10,26,13,39,12.68
WI0460400,GRAFTON PD,GRAFTON PD,City,WI,2022,12471,20,1,21,2,5,7,22,6,28,2.25
LA0150200,VIDALIA PD,VIDALIA PD,City,LA,2022,3771,23,1,24,4,8,12,27,9,36,9.55
DE0010200,HARRINGTON PD,HARRINGTON PD,City,DE,2022,3785,9,0,9,0,1,1,9,1,10,2.64
MN0170500,,,City,MN,2022,769,1,0,1,0,0,0,1,0,1,1.30
GA0220400,TEMPLE PD,TEMPLE PD,City,GA,2022,6168,11,1,12,2,2,4,13,3,16,2.59
TX1910100,CANYON PD,CANYON PD,City,TX,2022,15680,24,0,24,2,3,5,26,3,29,1.85
WI0450100,APPLETON PD,APPLETON PD,City,WI,2022,74411,99,1,100,8,24,32,107,25,132,1.77
MN0560400,,,City,MN,2022,854,3,0,3,0,0,0,3,0,3,3.51
MI8183600,YPSILANTI PD,YPSILANTI PD,City,MI,2022,19872,16,3,19,7,3,10,23,6,29,1.46
UT0180400,SOUTH SALT LAKE CITY PD,SOUTH SALT LAKE CITY PD,City,UT,2022,26021,58,3,61,6,14,20,64,17,81,3.11
AZ0071500,GOODYEAR PD,GOODYEAR PD,City,AZ,2022,107212,119,22,141,10,33,43,129,55,184,1.72
NJ0143600,ROXBURY TWP PD SUCCASUNNA,ROXBURY TWP PD SUCCASUNNA,City,NJ,2022,23293,41,0,41,1,1,2,42,1,43,1.85
NY0140400,KENMORE VILLAGE PD BUFFALO,KENMORE VILLAGE PD BUFFALO,City,NY,2022,14995,23,1,24,2,3,5,25,4,29,1.93
MIDI05000,BU IN AFF LAW ENF KEWEENAW BAY AGY KEWEENAW BAY,BU IN AFF LAW ENF KEWEENAW BAY AGY KEWEENAW BAY,Tribal,MI,2022,0,9,1,10,0,1,1,9,2,11,
NH0085600,PLAISTOW PD,PLAISTOW PD,City,NH,2022,7856,14,3,17,1,4,5,15,7,22,2.80
TN0690000,PICKETT CO SO BYRDSTOWN,PICKETT CO SO BYRDSTOWN,County,TN,2022,5178,13,3,16,0,2,2,13,5,18,3.48
MN0190700,WEST ST PAUL PD,WEST ST PAUL PD,City,MN,2022,21113,32,0,32,4,5,9,36,5,41,1.94
TX0920200,GLADEWATER PD,GLADEWATER PD,City,TX,2022,6174,15,2,17,1,3,4,16,5,21,3.40
UT0181200,DRAPER PD,DRAPER PD,City,UT,2022,53049,44,2,46,3,8,11,47,10,57,1.07
NY0595500,LEWISBORO TOWN PD LEWISBORO,LEWISBORO TOWN PD LEWISBORO,City,NY,2022,11912,2,0,2,0,0,0,2,0,2,0.17
NC0190200,PITTSBORO PD,PITTSBORO PD,City,NC,2022,4662,12,0,12,2,0,2,14,0,14,3.00
TX1082200,PALMVIEW POLICE DEPARTMENT MISSION,PALMVIEW POLICE DEPARTMENT MISSION,City,TX,2022,15919,22,3,25,2,6,8,24,9,33,2.07
NH0082600,GREENLAND PD,GREENLAND PD,City,NH,2022,4091,8,0,8,1,1,2,9,1,10,2.44
MI0339200,FENNVILLE PD,FENNVILLE PD,City,MI,2022,1733,1,0,1,0,1,1,1,1,2,1.15
MN0230500,,,City,MN,2022,1825,3,0,3,0,0,0,3,0,3,1.64
OK0030900,TUSHKA,TUSHKA,City,OK,2022,452,3,0,3,0,1,1,3,1,4,8.85
NC0570200,HIGHLANDS PD,HIGHLANDS PD,City,NC,2022,1102,8,0,8,4,1,5,12,1,13,11.80
OK0640000,PUSHMATAHA,PUSHMATAHA,County,OK,2022,7838,6,2,8,1,8,9,7,10,17,2.17
AL0500100,ALBERTVILLE PD,ALBERTVILLE PD,City,AL,2022,22660,41,6,47,0,17,17,41,23,64,2.82
NB0030000,ARTHUR CO SO ARTHUR,ARTHUR CO SO ARTHUR,County,NB,2022,447,1,0,1,0,0,0,1,0,1,2.24
NV0080000,LANDER COUNTY SHERIFF,LANDER COUNTY SHERIFF,County,NV,2022,5879,16,5,21,2,14,16,18,19,37,6.29
TX2520000,YOUNG CO SO GRAHAM,YOUNG CO SO GRAHAM,County,TX,2022,6369,12,9,21,0,11,11,12,20,32,5.02
SC0080300,GOOSE CREEK PD,GOOSE CREEK PD,City,SC,2022,46665,61,7,68,19,23,42,80,30,110,2.36
AZ0090100,HOLBROOK PD,HOLBROOK PD,City,AZ,2022,4872,6,0,6,2,1,3,8,1,9,1.85
NH0030800,FITZWILLIAM PD,FITZWILLIAM PD,City,NH,2022,2437,3,0,3,0,1,1,3,1,4,1.64
NY0558100,SHANDAKEN TOWN PD SHANDAKEN,SHANDAKEN TOWN PD SHANDAKEN,City,NY,2022,2896,3,0,3,0,0,0,3,0,3,1.04
MN0820200,FOREST LAKE PD,FOREST LAKE PD,City,MN,2022,20512,21,0,21,5,3,8,26,3,29,1.41
GA0640000,GORDON CO SO CALHOUN,GORDON CO SO CALHOUN,County,GA,2022,40625,74,28,102,3,11,14,77,39,116,2.86
PA0481300,BUSHKILL TWP PD NAZARETH,BUSHKILL TWP PD NAZARETH,City,PA,2022,8690,13,0,13,2,1,3,15,1,16,1.84
CT0016200,WINSTED PD,WINSTED PD,City,CT,2022,10199,18,1,19,3,2,5,21,3,24,2.35
IA0960000,WINNESHIEK CO SO DECORAH,WINNESHIEK CO SO DECORAH,County,IA,2022,12007,13,3,16,0,12,12,13,15,28,2.33
TX2270200,MANOR PD,MANOR PD,City,TX,2022,23497,20,3,23,6,5,11,26,8,34,1.45
TN0280100,PULASKI PD,PULASKI PD,City,TN,2022,8240,20,0,20,4,2,6,24,2,26,3.16
TX1012000,SOUTH SIDE PLACE PD HOUSTON,SOUTH SIDE PLACE PD HOUSTON,City,TX,2022,1820,6,1,7,1,3,4,7,4,11,6.04
SC042NR00,DNR: SPARTANBURG COUNTY,DNR: SPARTANBURG COUNTY,Other State Agency,SC,2022,0,3,1,4,0,0,0,3,1,4,
NC0080200,WINDSOR PD,WINDSOR PD,City,NC,2022,3304,8,0,8,1,0,1,9,0,9,2.72
NC0280000,DARE CO SO MANTEO,DARE CO SO MANTEO,County,NC,2022,18261,59,35,94,10,42,52,69,77,146,8.00
MD0210200,OXFORD PD,OXFORD PD,City,MD,2022,613,2,0,2,0,0,0,2,0,2,3.26
FL0400000,MADISON CO SO MADISON,MADISON CO SO MADISON,County,FL,2022,15819,37,4,41,4,14,18,41,18,59,3.73
SC011FC00,FC: CHEROKEE COUNTY,FC: CHEROKEE COUNTY,Other State Agency,SC,2022,0,1,0,1,0,0,0,1,0,1,
AL0580500,ODENVILLE PD,ODENVILLE PD,City,AL,2022,5026,14,0,14,0,0,0,14,0,14,2.79
NJ0133100,MIDDLETOWN PD,MIDDLETOWN PD,City,NJ,2022,67055,103,3,106,7,8,15,110,11,121,1.80
MI0846400,HASTINGS PD,HASTINGS PD,City,MI,2022,7554,7,3,10,2,3,5,9,6,15,1.99
IL0490400,FOX LAKE PD,FOX LAKE PD,City,IL,2022,10876,25,1,26,4,5,9,29,6,35,3.22
CA0300800,FULLERTON PD,FULLERTON PD,City,CA,2022,140587,100,10,110,16,40,56,116,50,166,1.18
IA0330100,OELWEIN PD,OELWEIN PD,City,IA,2022,5788,10,1,11,1,1,2,11,2,13,2.25
NH0057200,THORNTON PD,THORNTON PD,City,NH,2022,2785,4,0,4,1,1,2,5,1,6,2.15
IL0581900,,,University or College,IL,2022,0,2,4,6,0,0,0,2,4,6,
MI7294600,GERRISH TWP PD ROSCOMMON,GERRISH TWP PD ROSCOMMON,City,MI,2022,2855,7,0,7,0,1,1,7,1,8,2.80
MD0080700,RISING SUN PD,RISING SUN PD,City,MD,2022,2744,6,0,6,0,0,0,6,0,6,2.19
WA0110200,PASCO PD,PASCO PD,City,WA,2022,79899,80,0,80,6,10,16,86,10,96,1.20
KY1160100,MONTICELLO PD,MONTICELLO PD,City,KY,2022,5685,7,0,7,0,1,1,7,1,8,1.41
AL0180100,HEFLIN PD,HEFLIN PD,City,AL,2022,3402,11,0,11,1,1,2,12,1,13,3.82
MN0830100,,,City,MN,2022,2360,4,0,4,0,0,0,4,0,4,1.69
GA0290100,ATHENS-CLARKE COUNTY POLICE DEPARTMENT ATHENS,ATHENS-CLARKE COUNTY POLICE DEPARTMENT ATHENS,City,GA,2022,128177,178,15,193,29,45,74,207,60,267,2.08
SC0412600,STATE TRANSPORT POLICE,STATE TRANSPORT POLICE,Other State Agency,SC,2022,0,1,0,1,0,0,0,1,0,1,
TX1000300,SOURLAKE POLICE DEPT,SOURLAKE POLICE DEPT,City,TX,2022,1807,6,0,6,0,1,1,6,1,7,3.87
FL0350600,HOWEY-IN-THE-HILLS PD,HOWEY-IN-THE-HILLS PD,City,FL,2022,1656,9,0,9,0,0,0,9,0,9,5.43
GA0510200,RINCON PD,RINCON PD,City,GA,2022,11050,16,0,16,2,2,4,18,2,20,1.81
AL0650000,WASHINGTON CO SO CHATOM,WASHINGTON CO SO CHATOM,County,AL,2022,13383,10,3,13,0,10,10,10,13,23,1.72
NY0010300,WATERVLIET CITY PD WATERVLIET,WATERVLIET CITY PD WATERVLIET,City,NY,2022,10194,26,1,27,0,1,1,26,2,28,2.75
LA0240300,WHITE CASTLE,WHITE CASTLE,City,LA,2022,1595,13,1,14,5,3,8,18,4,22,13.79
IA0180000,CHEROKEE CO SO CHEROKEE,CHEROKEE CO SO CHEROKEE,County,IA,2022,6345,6,3,9,1,8,9,7,11,18,2.84
NJ0081400,PAULSBORO PD,PAULSBORO PD,City,NJ,2022,6292,18,0,18,2,2,4,20,2,22,3.50
GA0602000,GA DOT OFFICE OF INVESTIGATIONS,GA DOT OFFICE OF INVESTIGATIONS,Other State Agency,GA,2022,0,4,0,4,0,0,0,4,0,4,
AL0290400,COOSADA PD,COOSADA PD,City,AL,2022,1276,5,0,5,0,0,0,5,0,5,3.92
KS0520000,LEAVENWORTH CO SO LEAVENWORTH,LEAVENWORTH CO SO LEAVENWORTH,County,KS,2022,21011,51,27,78,6,19,25,57,46,103,4.90
TX2030000,SAN AUGUSTINE CO SO SAN AUGUSTINE,SAN AUGUSTINE CO SO SAN AUGUSTINE,County,TX,2022,6129,11,3,14,1,6,7,12,9,21,3.43
WA0390900,MABTON PD,MABTON PD,City,WA,2022,1938,2,0,2,0,0,0,2,0,2,1.03
NH0090200,BARRINGTON PD,BARRINGTON PD,City,NH,2022,9531,10,0,10,2,1,3,12,1,13,1.36
IL0164A00,SKOKIE PD,SKOKIE PD,City,IL,2022,65185,95,17,112,13,26,39,108,43,151,2.32
LA0290300,LOCKPORT PD,LOCKPORT PD,City,LA,2022,2469,5,1,6,0,2,2,5,3,8,3.24
TX2272300,MUSTANG RIDGE PD,MUSTANG RIDGE PD,City,TX,2022,991,7,1,8,0,0,0,7,1,8,8.07
OH0760200,BREWSTER,BREWSTER,City,OH,2022,2107,8,0,8,1,1,2,9,1,10,4.75
NM0190200,TULAROSA PD,TULAROSA PD,City,NM,2022,2664,4,2,6,2,4,6,6,6,12,4.50
PA0430500,MERCER PD,MERCER PD,City,PA,2022,1953,5,0,5,0,0,0,5,0,5,2.56
TX2011100,TATUM PD,TATUM PD,City,TX,2022,1357,2,0,2,0,0,0,2,0,2,1.47
FL0351100,TAVARES PD,TAVARES PD,City,FL,2022,20241,20,1,21,6,2,8,26,3,29,1.43
MO0980100,MARSHALL,MARSHALL,City,MO,2022,13490,21,1,22,3,5,8,24,6,30,2.22
WV0120500,POTOMAC HIGHLANDS DRUG VIOLENT CRIMES TASK FORC,POTOMAC HIGHLANDS DRUG VIOLENT CRIMES TASK FORC,Other,WV,2022,0,4,0,4,0,0,0,4,0,4,
NY0290400,FREEPORT VILLAGE PD FREEPORT,FREEPORT VILLAGE PD FREEPORT,City,NY,2022,44003,93,3,96,10,10,20,103,13,116,2.64
AL0170100,ASHLAND PD,ASHLAND PD,City,AL,2022,1962,7,0,7,1,5,6,8,5,13,6.63
ID0280400,SPIRIT LAKE PD,SPIRIT LAKE PD,City,ID,2022,2578,6,0,6,0,2,2,6,2,8,3.10
NB0330000,FURNAS CO SO BEAVER CITY,FURNAS CO SO BEAVER CITY,County,NB,2022,4597,7,0,7,0,6,6,7,6,13,2.83
PA0140100,BELLEFONTE PD,BELLEFONTE PD,City,PA,2022,6032,9,0,9,1,1,2,10,1,11,1.82
TX0791600,FORT BEND INDEPENDENT SCHOOL DIST PD SUGAR LAND,FORT BEND INDEPENDENT SCHOOL DIST PD SUGAR LAND,Other,TX,2022,0,47,12,59,22,11,33,69,23,92,
CA0580100,MARYSVILLE PD,MARYSVILLE PD,City,CA,2022,12711,16,0,16,2,10,12,18,10,28,2.20
MD0130200,BEL AIR PD,BEL AIR PD,City,MD,2022,10675,27,1,28,2,11,13,29,12,41,3.84
UT0032000,TRI COUNTY NARCOTICS STRIKE FORCE,TRI COUNTY NARCOTICS STRIKE FORCE,Other,UT,2022,0,5,0,5,0,0,0,5,0,5,
NJ0070700,ESSEX FELLS PD,ESSEX FELLS PD,City,NJ,2022,2144,12,0,12,1,0,1,13,0,13,6.06
IA0990200,BELMOND PD,BELMOND PD,City,IA,2022,2407,4,0,4,0,0,0,4,0,4,1.66
WI0060300,MONDOVI PD,MONDOVI PD,City,WI,2022,2795,5,5,10,0,0,0,5,5,10,3.58
AL052119E,CALHOUN COMMUNITY COLLEGE CAMPUS POLICE,CALHOUN COMMUNITY COLLEGE CAMPUS POLICE,University or College,AL,2022,0,6,1,7,1,0,1,7,1,8,
OH0750100,SIDNEY,SIDNEY,City,OH,2022,20309,30,0,30,5,11,16,35,11,46,2.27
LA0450000,ST CHARLES PARISH SHERIFFS OFFICE,ST CHARLES PARISH SHERIFFS OFFICE,County,LA,2022,51995,192,8,200,56,96,152,248,104,352,6.77
OH0400000,JACKSON,JACKSON,County,OH,2022,18938,11,0,11,1,5,6,12,5,17,0.90
KY0250100,WINCHESTER PD,WINCHESTER PD,City,KY,2022,18989,30,5,35,2,12,14,32,17,49,2.58
TX1016600,LAKEVIEW POLICE DEPARTMENT,LAKEVIEW POLICE DEPARTMENT,City,TX,2022,6490,11,0,11,1,1,2,12,1,13,2.00
TX0300300,CLYDE PD,CLYDE PD,City,TX,2022,4038,10,0,10,0,1,1,10,1,11,2.72
WI0370000,MARATHON CO SO WAUSAU,MARATHON CO SO WAUSAU,County,WI,2022,53485,68,49,117,4,47,51,72,96,168,3.14
OH0432100,LAKELAND COMMUNITY COLLE,LAKELAND COMMUNITY COLLE,University or College,OH,2022,0,5,1,6,3,2,5,8,3,11,
WI0130200,MIDDLETON PD,MIDDLETON PD,City,WI,2022,23346,32,3,35,7,7,14,39,10,49,2.10
AR0450000,MARION CO SO YELLVILLE,MARION CO SO YELLVILLE,County,AR,2022,13835,14,0,14,0,2,2,14,2,16,1.16
KS0210200,HERINGTON PD,HERINGTON PD,City,KS,2022,2113,4,0,4,2,1,3,6,1,7,3.31
PA0062200,WYOMISSING PD,WYOMISSING PD,City,PA,2022,11145,19,1,20,2,0,2,21,1,22,1.97
NB0390000,GREELEY CO SO GREELEY,GREELEY CO SO GREELEY,County,NB,2022,1869,2,0,2,0,1,1,2,1,3,1.61
VT0020000,BENNINGTON CO SO BENNINGTON,BENNINGTON CO SO BENNINGTON,County,VT,2022,0,4,0,4,0,3,3,4,3,7,
NH0100000,SO SULLIVAN COUNTY NEWPORT,SO SULLIVAN COUNTY NEWPORT,County,NH,2022,2659,8,0,8,0,1,1,8,1,9,3.38
NY0332700,BALDWINSVILLE VILLAGE PD BALDWINSVILLE,BALDWINSVILLE VILLAGE PD BALDWINSVILLE,City,NY,2022,7712,9,0,9,4,1,5,13,1,14,1.82
WI0682600,BIG BEND PD,BIG BEND PD,City,WI,2022,1491,3,0,3,0,0,0,3,0,3,2.01
NM0170000,MCKINLEY CO SO GALLUP,MCKINLEY CO SO GALLUP,County,NM,2022,49678,31,2,33,3,5,8,34,7,41,0.83
PA0390900,COPLAY PD,COPLAY PD,City,PA,2022,3519,5,0,5,0,1,1,5,1,6,1.71
TX2080000,SCURRY CO SO SNYDER,SCURRY CO SO SNYDER,County,TX,2022,5639,10,9,19,0,25,25,10,34,44,7.80
KY0140300,IRVINGTON PD,IRVINGTON PD,City,KY,2022,1251,4,0,4,0,0,0,4,0,4,3.20
NM0320300,LOS LUNAS PD,LOS LUNAS PD,City,NM,2022,18366,36,0,36,5,4,9,41,4,45,2.45
ALLEA0000,,,Other State Agency,AL,2022,0,720,150,870,25,438,463,745,588,1333,
PA0580200,FOREST CITY PD,FOREST CITY PD,City,PA,2022,4866,2,0,2,0,0,0,2,0,2,0.41
KY0870200,MONTGOMERY COUNTY SCHOOL LEO DISTRICT POLICE,MONTGOMERY COUNTY SCHOOL LEO DISTRICT POLICE,Other,KY,2022,0,4,1,5,0,0,0,4,1,5,
NM0120000,HIDALGO CO SO LORDSBURG,HIDALGO CO SO LORDSBURG,County,NM,2022,1769,8,0,8,0,2,2,8,2,10,5.65
MD0150400,ROCK HALL PD,ROCK HALL PD,City,MD,2022,1195,3,0,3,0,0,0,3,0,3,2.51
NY251UF00,SUNY A&T COL:FARMINGDALE,SUNY A&T COL:FARMINGDALE,University or College,NY,2022,0,16,7,23,6,3,9,22,10,32,
GA1190100,CLAYTON PD,CLAYTON PD,City,GA,2022,2064,10,0,10,1,1,2,11,1,12,5.81
MN0560300,,,City,MN,2022,3651,7,0,7,0,1,1,7,1,8,2.19
NB0410100,AURORA PD,AURORA PD,City,NB,2022,4631,9,0,9,0,1,1,9,1,10,2.16
IL0910100,ANNA PD,ANNA PD,City,IL,2022,4096,9,0,9,0,0,0,9,0,9,2.20
TX0157000,TX A&M UN: SAN ANTONIO,TX A&M UN: SAN ANTONIO,University or College,TX,2022,0,9,2,11,4,4,8,13,6,19,
NC0920300,CARY PD,CARY PD,City,NC,2022,178600,149,17,166,28,26,54,177,43,220,1.23
CA0150000,KERN CO SO BAKERSFIELD,KERN CO SO BAKERSFIELD,County,CA,2022,338290,581,97,678,113,255,368,694,352,1046,3.09
ID0430000,VALLEY CO SO CASCADE,VALLEY CO SO CASCADE,County,ID,2022,8542,18,12,30,2,12,14,20,24,44,5.15
WV0040400,LAW ENF DIV DEPT NATRL RESOURCES BURNSVILLE,LAW ENF DIV DEPT NATRL RESOURCES BURNSVILLE,Other State Agency,WV,2022,0,2,0,2,0,0,0,2,0,2,
KY0660000,LESLIE CO SO HYDEN,LESLIE CO SO HYDEN,County,KY,2022,9831,9,0,9,1,1,2,10,1,11,1.12
NY0140300,TONAWANDA CITY PD TONAWANDA,TONAWANDA CITY PD TONAWANDA,City,NY,2022,14988,27,0,27,2,6,8,29,6,35,2.34
PA0023100,EDGEWOOD PD PITTSBURG,EDGEWOOD PD PITTSBURG,City,PA,2022,3054,8,0,8,0,0,0,8,0,8,2.62
TX0611500,THE COLONY PD THE COLONY,THE COLONY PD THE COLONY,City,TX,2022,45357,69,9,78,7,18,25,76,27,103,2.27
NB0550500,UNIVERSITY OF NEBRASKA POLICE LINCOLN,UNIVERSITY OF NEBRASKA POLICE LINCOLN,University or College,NB,2022,0,24,21,45,1,11,12,25,32,57,
UT0250900,ALPINE PD,ALPINE PD,City,UT,2022,30258,14,0,14,2,3,5,16,3,19,0.63
WI0681100,HARTLAND PD,HARTLAND PD,City,WI,2022,9644,15,0,15,3,2,5,18,2,20,2.07
NJ0041700,HADDONFIELD PD,HADDONFIELD PD,City,NJ,2022,12467,15,0,15,5,1,6,20,1,21,1.68
AL0012400,UNIVERSITY OF ALABAMA CAMPUS PD BIRMINGHAM,UNIVERSITY OF ALABAMA CAMPUS PD BIRMINGHAM,University or College,AL,2022,0,95,63,158,19,37,56,114,100,214,
SC0450500,LANE POLICE DEPARTMENT,LANE POLICE DEPARTMENT,City,SC,2022,473,1,0,1,0,0,0,1,0,1,2.11
NC0950300,APPALACHIAN STATE UNIV POLICE BOONE,APPALACHIAN STATE UNIV POLICE BOONE,University or College,NC,2022,0,24,7,31,7,10,17,31,17,48,
PA0482200,ROSETO PD BANGOR,ROSETO PD BANGOR,City,PA,2022,1572,1,0,1,0,0,0,1,0,1,0.64
CO0230500,SILT,SILT,City,CO,2022,3583,3,0,3,3,1,4,6,1,7,1.95
ME0010700,SABATTUS PD,SABATTUS PD,City,ME,2022,5113,3,0,3,2,1,3,5,1,6,1.17
TX2202000,MANSFIELD PD,MANSFIELD PD,City,TX,2022,75993,93,17,110,11,31,42,104,48,152,2.00
OK0400300,ARKOMA,ARKOMA,City,OK,2022,1831,1,0,1,0,1,1,1,1,2,1.09
NC0430000,HARNETT CO SO LILLINGTON,HARNETT CO SO LILLINGTON,County,NC,2022,113476,84,4,88,7,32,39,91,36,127,1.12
AR0660600,,,City,AR,2022,842,2,0,2,0,0,0,2,0,2,2.38
MA0120300,BROCKTON PD,BROCKTON PD,City,MA,2022,110084,170,8,178,23,23,46,193,31,224,2.03
MS0670500,INVERNESS,INVERNESS,City,MS,2022,821,2,0,2,2,0,2,4,0,4,4.87
PA0023600,MUNHALL PD,MUNHALL PD,City,PA,2022,10497,20,1,21,1,0,1,21,1,22,2.10
GA1590200,POULAN,POULAN,City,GA,2022,737,3,0,3,1,1,2,4,1,5,6.78
AL0310200,GADSDEN PD,GADSDEN PD,City,AL,2022,33521,77,8,85,3,22,25,80,30,110,3.28
PA0363700,EAST COCALICO TWP PD DENVER,EAST COCALICO TWP PD DENVER,City,PA,2022,11016,15,0,15,1,1,2,16,1,17,1.54
IL0921300,OAKWOOD PD,OAKWOOD PD,City,IL,2022,1296,2,0,2,0,0,0,2,0,2,1.54
WV0201100,EAST BANK PD,EAST BANK PD,City,WV,2022,795,1,0,1,0,0,0,1,0,1,1.26
MN0271800,RICHFIELD PD,RICHFIELD PD,City,MN,2022,36079,35,2,37,10,8,18,45,10,55,1.52
NMDI02300,PUEBLO OF JEMEZ POLICE DEPARTMENT,PUEBLO OF JEMEZ POLICE DEPARTMENT,Tribal,NM,2022,0,9,1,10,1,1,2,10,2,12,
PA0064900,CO DETECTIVE BU READING,CO DETECTIVE BU READING,Other,PA,2022,0,31,4,35,2,2,4,33,6,39,
KS0500200,OSWEGO PD,OSWEGO PD,City,KS,2022,1650,5,0,5,0,0,0,5,0,5,3.03
ID0220100,,,City,ID,2022,957,3,0,3,0,0,0,3,0,3,3.13
NM0080100,ARTESIA PD,ARTESIA PD,City,NM,2022,12084,24,5,29,2,10,12,26,15,41,3.39
CO0320000,KIT CARSON,KIT CARSON,County,CO,2022,3794,6,12,18,0,5,5,6,17,23,6.06
RI0051000,UNIVERSITY OF RHODE ISLAND CAMPUS PD KINGSTON,UNIVERSITY OF RHODE ISLAND CAMPUS PD KINGSTON,University or College,RI,2022,0,26,14,40,2,4,6,28,18,46,
AR0730900,HIGGINSON PD,HIGGINSON PD,City,AR,2022,799,1,0,1,0,0,0,1,0,1,1.25
PA0460100,ABINGTON TWP PD ABINGTON,ABINGTON TWP PD ABINGTON,City,PA,2022,58432,80,7,87,8,11,19,88,18,106,1.81
AL0011900,HUEYTOWN PD,HUEYTOWN PD,City,AL,2022,16313,28,3,31,3,14,17,31,17,48,2.94
PA0404500,JENKINS TOWNSHIP POLICE DEPARTMENT JENKINS TWP,JENKINS TOWNSHIP POLICE DEPARTMENT JENKINS TWP,City,PA,2022,4389,4,0,4,1,0,1,5,0,5,1.14
NM0130200,HOBBS PD,HOBBS PD,City,NM,2022,38912,58,15,73,12,34,46,70,49,119,3.06
OKDI05200,CONCHO AGENCY,CONCHO AGENCY,Tribal,OK,2022,0,6,0,6,2,0,2,8,0,8,
KY0566100,,,Other State Agency,KY,2022,0,8,1,9,0,7,7,8,8,16,
CA0140000,INYO CO SO INDEPENDENCE,INYO CO SO INDEPENDENCE,County,CA,2022,15121,37,12,49,0,25,25,37,37,74,4.89
CA0390100,ESCALON PD,ESCALON PD,City,CA,2022,7552,12,0,12,0,2,2,12,2,14,1.85
MT0060000,CARTER CO SO EKALAKA,CARTER CO SO EKALAKA,County,MT,2022,1443,4,0,4,0,0,0,4,0,4,2.77
IN0100400,SELLERSBURG PD,SELLERSBURG PD,City,IN,2022,9784,17,0,17,2,2,4,19,2,21,2.15
CA0192000,DOWNEY PD,DOWNEY PD,City,CA,2022,109226,94,8,102,20,36,56,114,44,158,1.45
ID0140300,PARMA PD,PARMA PD,City,ID,2022,2136,4,0,4,1,1,2,5,1,6,2.81
UT0180000,UNIFIED POLICE DEPARTMENT OF GREATER SALT LAKE,UNIFIED POLICE DEPARTMENT OF GREATER SALT LAKE,County,UT,2022,210254,273,18,291,47,64,111,320,82,402,1.91
KY0590600,PARK HILLS PD COVINGTON,PARK HILLS PD COVINGTON,City,KY,2022,3158,8,0,8,0,0,0,8,0,8,2.53
PA0590100,WELLSBORO PD,WELLSBORO PD,City,PA,2022,3449,7,0,7,0,0,0,7,0,7,2.03
NC0330400,PINETOPS PD,PINETOPS PD,City,NC,2022,1172,3,2,5,3,2,5,6,4,10,8.53
LA0260400,WESTWEGO PD,WESTWEGO PD,City,LA,2022,8266,30,1,31,6,0,6,36,1,37,4.48
CA0150700,SHAFTER PD,SHAFTER PD,City,CA,2022,21304,23,3,26,6,6,12,29,9,38,1.78
MA0145200,UXBRIDGE PD,UXBRIDGE PD,City,MA,2022,14418,21,1,22,1,5,6,22,6,28,1.94
MI8270500,ROCKWOOD PD,ROCKWOOD PD,City,MI,2022,3170,7,1,8,0,4,4,7,5,12,3.79
NJ0198900,SUSSEX CO PROSECUTOR NEWTON,SUSSEX CO PROSECUTOR NEWTON,Other,NJ,2022,0,24,1,25,13,17,30,37,18,55,
CO0070100,BOULDER,BOULDER,City,CO,2022,103099,133,28,161,32,61,93,165,89,254,2.46
MI5249500,ISHPEMING PD,ISHPEMING PD,City,MI,2022,6174,9,1,10,1,0,1,10,1,11,1.78
MT0360000,PHILLIPS CO SO MALTA,PHILLIPS CO SO MALTA,County,MT,2022,4194,4,0,4,2,5,7,6,5,11,2.62
SC0120100,CHESTER PD,CHESTER PD,City,SC,2022,5222,15,1,16,1,2,3,16,3,19,3.64
GA0870000,LAURENS CO SO DUBLIN,LAURENS CO SO DUBLIN,County,GA,2022,31175,65,11,76,7,24,31,72,35,107,3.43
WV0280600,SECURITY OFFICE CONCORD COLLEGE ATHENS,SECURITY OFFICE CONCORD COLLEGE ATHENS,University or College,WV,2022,0,5,3,8,0,0,0,5,3,8,
KSKHP0500,,,State Police,KS,2022,0,45,5,50,3,5,8,48,10,58,
MS0200000,GEORGE CO SO LUCEDALE,GEORGE CO SO LUCEDALE,County,MS,2022,22186,15,1,16,2,2,4,17,3,20,0.90
WV0130100,LEWISBURG PD,LEWISBURG PD,City,WV,2022,3821,14,0,14,0,2,2,14,2,16,4.19
TX0712800,,,City,TX,2022,10080,3,0,3,0,0,0,3,0,3,0.30
MNMHP0700,DPS-SP DISTRICT 2800 BRAINERD,DPS-SP DISTRICT 2800 BRAINERD,State Police,MN,2022,0,29,1,30,3,2,5,32,3,35,
TN0330500,SIGNAL MOUNTAIN PD,SIGNAL MOUNTAIN PD,City,TN,2022,8824,11,0,11,2,2,4,13,2,15,1.70
IA0340100,CHARLES CITY PD,CHARLES CITY PD,City,IA,2022,7211,14,0,14,1,0,1,15,0,15,2.08
AR0180000,CRITTENDEN CO SO MARION,CRITTENDEN CO SO MARION,County,AR,2022,7409,33,30,63,6,62,68,39,92,131,17.68
CT0001100,BLOOMFIELD PD,BLOOMFIELD PD,City,CT,2022,21461,33,1,34,10,11,21,43,12,55,2.56
OR0030600,MOLALLA,MOLALLA,City,OR,2022,10179,13,0,13,4,3,7,17,3,20,1.96
PA0011800,EASTERN ADAMS REGIONAL PD ABBOTTSTOWN,EASTERN ADAMS REGIONAL PD ABBOTTSTOWN,City,PA,2022,7829,6,0,6,0,0,0,6,0,6,0.77
IL0451100,PINGREE GROVE,PINGREE GROVE,City,IL,2022,11078,12,0,12,1,2,3,13,2,15,1.35
VT0120600,BERLIN POLICE DEPARTMENT,BERLIN POLICE DEPARTMENT,City,VT,2022,2936,10,0,10,0,1,1,10,1,11,3.75
OK0740600,RAMONA,RAMONA,City,OK,2022,540,4,0,4,0,1,1,4,1,5,9.26
TX0820100,PEARSALL PD,PEARSALL PD,City,TX,2022,7661,13,1,14,2,2,4,15,3,18,2.35
KS0871800,BEL AIRE POLICE DEPARTMENT,BEL AIRE POLICE DEPARTMENT,City,KS,2022,8599,11,0,11,2,1,3,13,1,14,1.63
GA1020000,MONROE CO SO FORSYTH,MONROE CO SO FORSYTH,County,GA,2022,24887,61,8,69,7,36,43,68,44,112,4.50
UT0090000,GARFIELD CO SO PANGUITCH,GARFIELD CO SO PANGUITCH,County,UT,2022,5145,14,15,29,0,3,3,14,18,32,6.22
WV0460100,GRAFTON PD,GRAFTON PD,City,WV,2022,4578,6,0,6,1,1,2,7,1,8,1.75
GA0650500,,,Other,GA,2022,0,6,0,6,1,0,1,7,0,7,
ID0240100,GOODING PD,GOODING PD,City,ID,2022,3741,5,1,6,2,0,2,7,1,8,2.14
MS0580100,,,City,MS,2022,5771,20,0,20,2,2,4,22,2,24,4.16
CA0371100,SAN DIEGO PD,SAN DIEGO PD,City,CA,2022,1377838,1481,144,1625,288,320,608,1769,464,2233,1.62
CA0301300,LOS ALAMITOS PD,LOS ALAMITOS PD,City,CA,2022,11615,19,1,20,2,4,6,21,5,26,2.24
NB0480000,JEFFERSON CO SO FAIRBURY,JEFFERSON CO SO FAIRBURY,County,NB,2022,7100,13,3,16,1,11,12,14,14,28,3.94
NH0012000,SANBORNTON,SANBORNTON,City,NH,2022,3072,5,0,5,0,1,1,5,1,6,1.95
TX1490700,,,City,TX,2022,2194,8,1,9,1,2,3,9,3,12,5.47
MN0600000,POLK CO SO CROOKSTON,POLK CO SO CROOKSTON,County,MN,2022,14298,28,4,32,4,12,16,32,16,48,3.36
IL0810500,MILAN PD,MILAN PD,City,IL,2022,4994,14,0,14,1,1,2,15,1,16,3.20
OH0110000,CHAMPAIGN,CHAMPAIGN,County,OH,2022,22329,25,1,26,2,3,5,27,4,31,1.39
OK0420000,LOGAN,LOGAN,County,OK,2022,37553,29,10,39,6,10,16,35,20,55,1.46
TX0270600,BERTRAM POLICE DEPARTMENT,BERTRAM POLICE DEPARTMENT,City,TX,2022,1913,8,0,8,0,0,0,8,0,8,4.18
NC0500200,WESTERN CAROLINA UNIVERSITY PD,WESTERN CAROLINA UNIVERSITY PD,University or College,NC,2022,0,12,0,12,10,0,10,22,0,22,
WA0170400,ENUMCLAW PD,ENUMCLAW PD,City,WA,2022,12833,16,6,22,3,9,12,19,15,34,2.65
FL0670000,WASHINGTON CO SO CHIPLEY,WASHINGTON CO SO CHIPLEY,County,FL,2022,22134,41,2,43,4,14,18,45,16,61,2.76
PA0113100,HASTINGS PD,HASTINGS PD,City,PA,2022,4083,2,0,2,0,0,0,2,0,2,0.49
TX0570900,DUNCANVILLE PD,DUNCANVILLE PD,City,TX,2022,39474,48,3,51,7,6,13,55,9,64,1.62
TN0260000,FRANKLIN CO SO WINCHESTER,FRANKLIN CO SO WINCHESTER,County,TN,2022,25212,39,24,63,2,12,14,41,36,77,3.05
OK0561600,OK STATE UNIV: OKMULGEE,OK STATE UNIV: OKMULGEE,University or College,OK,2022,0,6,0,6,0,0,0,6,0,6,
TN0390100,LEXINGTON PD,LEXINGTON PD,City,TN,2022,7944,26,0,26,5,7,12,31,7,38,4.78
HI0020000,HONOLULU POLICE DEPARTMENT HONOLULU,HONOLULU POLICE DEPARTMENT HONOLULU,City,HI,2022,994799,1618,149,1767,239,255,494,1857,404,2261,2.27
OH0771400,TWINSBURG,TWINSBURG,City,OH,2022,19402,29,2,31,4,12,16,33,14,47,2.42
TX1850000,PARMER CO SO FARWELL,PARMER CO SO FARWELL,County,TX,2022,2624,5,8,13,1,5,6,6,13,19,7.24
TX0120100,SEYMOUR PD,SEYMOUR PD,City,TX,2022,2590,4,0,4,0,2,2,4,2,6,2.32
IN0020100,FT WAYNE PD,FT WAYNE PD,City,IN,2022,267791,424,16,440,55,53,108,479,69,548,2.05
CO0080100,BUENA VISTA,BUENA VISTA,City,CO,2022,3103,8,1,9,3,2,5,11,3,14,4.51
MI7290100,RICHFIELD TOWNSHIP PD SAINT HELEN,RICHFIELD TOWNSHIP PD SAINT HELEN,City,MI,2022,3588,5,0,5,0,0,0,5,0,5,1.39
NJ0050800,OCEAN CITY PD,OCEAN CITY PD,City,NJ,2022,11258,67,4,71,2,5,7,69,9,78,6.93
KS0430100,HOLTON PD,HOLTON PD,City,KS,2022,3317,3,2,5,2,3,5,5,5,10,3.01
AR0590200,DES ARC PD,DES ARC PD,City,AR,2022,1844,6,0,6,0,0,0,6,0,6,3.25
IA0820700,LE CLAIRE PD,LE CLAIRE PD,City,IA,2022,4712,8,1,9,0,1,1,8,2,10,2.12
KS0891300,KANSAS RACING COMMISSION SECURITY DIV TOPEKA,KANSAS RACING COMMISSION SECURITY DIV TOPEKA,Other State Agency,KS,2022,0,40,6,46,8,7,15,48,13,61,
MD0170100,BERWYN HEIGHTS PD,BERWYN HEIGHTS PD,City,MD,2022,3260,7,0,7,1,1,2,8,1,9,2.76
ME0160400,SACO PD,SACO PD,City,ME,2022,20936,25,6,31,5,9,14,30,15,45,2.15
WI0621000,TREMPEALEAU PD,TREMPEALEAU PD,City,WI,2022,1884,4,0,4,0,0,0,4,0,4,2.12
FL0505000,LAKE CLARK SHORES PD,LAKE CLARK SHORES PD,City,FL,2022,3527,8,0,8,1,1,2,9,1,10,2.84
NH0064200,MILFORD PD,MILFORD PD,City,NH,2022,16331,23,0,23,0,5,5,23,5,28,1.71
PA0020Y00,NORTH FAYETTE TWP PD OAKDALE,NORTH FAYETTE TWP PD OAKDALE,City,PA,2022,16061,21,0,21,0,1,1,21,1,22,1.37
MT0560200,LAUREL PD,LAUREL PD,City,MT,2022,7139,12,1,13,1,6,7,13,7,20,2.80
AZ0130000,YAVAPAI CO SO PRESCOTT,YAVAPAI CO SO PRESCOTT,County,AZ,2022,97005,118,13,131,4,39,43,122,52,174,1.79
NC0921100,ROLESVILLE PD,ROLESVILLE PD,City,NC,2022,10549,18,0,18,2,1,3,20,1,21,1.99
GA0670600,LILBURN PD,LILBURN PD,City,GA,2022,15823,27,1,28,5,4,9,32,5,37,2.34
SC0010000,ABBEVILLE CO SO ABBEVILLE,ABBEVILLE CO SO ABBEVILLE,County,SC,2022,16660,33,8,41,3,13,16,36,21,57,3.42
CA0120700,RIO DELL PD,RIO DELL PD,City,CA,2022,3382,4,1,5,1,0,1,5,1,6,1.77
MI8052300,LAWRENCE PD,LAWRENCE PD,City,MI,2022,1013,4,0,4,0,0,0,4,0,4,3.95
AR0100100,ARKADELPHIA PD,ARKADELPHIA PD,City,AR,2022,10233,21,0,21,0,6,6,21,6,27,2.64
IN0450700,HAMMOND PD,HAMMOND PD,City,IN,2022,76366,196,16,212,16,16,32,212,32,244,3.20
MN0250100,CANNON FALLS PD,CANNON FALLS PD,City,MN,2022,4256,7,0,7,0,1,1,7,1,8,1.88
NB0560100,NORTH PLATTE PD,NORTH PLATTE PD,City,NB,2022,22684,39,3,42,3,16,19,42,19,61,2.69
NC0870000,SWAIN CO SO BRYSON CITY,SWAIN CO SO BRYSON CITY,County,NC,2022,12813,28,5,33,2,7,9,30,12,42,3.28
MT0340000,PARK CO SO LIVINGSTON,PARK CO SO LIVINGSTON,County,MT,2022,9206,18,7,25,0,2,2,18,9,27,2.93
KS0020100,GARNETT PD,GARNETT PD,City,KS,2022,3150,6,0,6,2,0,2,8,0,8,2.54
CA0190900,BELL GARDENS PD,BELL GARDENS PD,City,CA,2022,37720,44,4,48,3,17,20,47,21,68,1.80
NJ0142100,MONTVILLE TWP PD MONTVILLE,MONTVILLE TWP PD MONTVILLE,City,NJ,2022,22415,41,2,43,1,3,4,42,5,47,2.10
GA1470000,WALTON CO SO MONROE,WALTON CO SO MONROE,County,GA,2022,70289,134,2,136,23,21,44,157,23,180,2.56
NH0053800,HOLDERNESS,HOLDERNESS,City,NH,2022,2037,5,0,5,1,0,1,6,0,6,2.95
PA0231800,MEDIA PD,MEDIA PD,City,PA,2022,5826,11,0,11,2,1,3,13,1,14,2.40
MA0144800,STURBRIDGE PD,STURBRIDGE PD,City,MA,2022,9892,19,2,21,2,5,7,21,7,28,2.83
IL0165400,INVERNESS POLICE DEPARTMENT,INVERNESS POLICE DEPARTMENT,City,IL,2022,7314,13,0,13,0,1,1,13,1,14,1.91
MI6182400,WHITEHALL PD,WHITEHALL PD,City,MI,2022,2959,8,0,8,0,0,0,8,0,8,2.70
KY0371200,DEPT FISH & WILDLIFE RESOURCES LE DIV FRANKFORT,DEPT FISH & WILDLIFE RESOURCES LE DIV FRANKFORT,Other State Agency,KY,2022,0,104,0,104,4,4,8,108,4,112,
VA0200000,CHARLOTTE CO SO CHARLOTTE COURT HOUSE,CHARLOTTE CO SO CHARLOTTE COURT HOUSE,County,VA,2022,11429,18,10,28,1,10,11,19,20,39,3.41
LA0370400,NORTHEAST LA UNIV PD MONROE,NORTHEAST LA UNIV PD MONROE,University or College,LA,2022,0,17,0,17,8,0,8,25,0,25,
MI1123300,BARODA-LAKE TOWNSHIP POLICE DEPARTMENT,BARODA-LAKE TOWNSHIP POLICE DEPARTMENT,City,MI,2022,4187,7,0,7,0,1,1,7,1,8,1.91
UT0270000,WASHINGTON CO SO ST GEORGE,WASHINGTON CO SO ST GEORGE,County,UT,2022,14151,41,97,138,2,22,24,43,119,162,11.45
PA0080300,SAYRE PD,SAYRE PD,City,PA,2022,6503,13,2,15,1,0,1,14,2,16,2.46
ID0280500,RATHDRUM PD,RATHDRUM PD,City,ID,2022,11250,12,0,12,3,3,6,15,3,18,1.60
MS0360100,OXFORD PD,OXFORD PD,City,MS,2022,26975,79,7,86,7,15,22,86,22,108,4.00
SC043NR00,DNR: SUMTER COUNTY,DNR: SUMTER COUNTY,Other State Agency,SC,2022,0,4,0,4,0,0,0,4,0,4,
MA0051600,MANCHESTER PD,MANCHESTER PD,City,MA,2022,5365,10,1,11,3,3,6,13,4,17,3.17
TX0400000,COCHRAN CO SO MORTON,COCHRAN CO SO MORTON,County,TX,2022,2489,6,3,9,0,4,4,6,7,13,5.22
FL0480500,WINTER GARDEN PD,WINTER GARDEN PD,City,FL,2022,45963,69,1,70,14,26,40,83,27,110,2.39
ID0250100,COTTONWOOD PD,COTTONWOOD PD,City,ID,2022,875,1,0,1,0,0,0,1,0,1,1.14
RI004239E,BROWN UNIVERSITY POLICE DEPARTMENT,BROWN UNIVERSITY POLICE DEPARTMENT,University or College,RI,2022,0,40,14,54,6,8,14,46,22,68,
MA0093600,READING PD,READING PD,City,MA,2022,25018,41,8,49,5,9,14,46,17,63,2.52
NJ0133500,NEPTUNE CITY PD,NEPTUNE CITY PD,City,NJ,2022,4620,17,0,17,1,1,2,18,1,19,4.11
TX0170000,BORDEN CO SO GAIL,BORDEN CO SO GAIL,County,TX,2022,598,3,0,3,0,1,1,3,1,4,6.69
KS0840000,RUSSELL CO SO RUSSELL,RUSSELL CO SO RUSSELL,County,KS,2022,2341,11,3,14,0,4,4,11,7,18,7.69
OH0800200,RICHWOOD,RICHWOOD,City,OH,2022,2398,6,0,6,1,0,1,7,0,7,2.92
PA0407800,WILKES BARRE AREA SCHOOL DISTRICT POLICE,WILKES BARRE AREA SCHOOL DISTRICT POLICE,Other,PA,2022,0,6,0,6,1,0,1,7,0,7,
GA0110200,GA FORESTRY COMMISSION MACON,GA FORESTRY COMMISSION MACON,Other State Agency,GA,2022,0,5,0,5,1,1,2,6,1,7,
SC0120300,FORT LAWN PD,FORT LAWN PD,City,SC,2022,965,2,2,4,0,0,0,2,2,4,4.15
CT0009600,NEW MILFORD PD,NEW MILFORD PD,City,CT,2022,28252,42,3,45,5,8,13,47,11,58,2.05
GA1330100,BUTLER PD,BUTLER PD,City,GA,2022,1797,5,0,5,1,1,2,6,1,7,3.90
ND0510600,BERTHOLD,BERTHOLD,City,ND,2022,463,1,0,1,0,0,0,1,0,1,2.16
WI0650300,LAKE GENEVA PD,LAKE GENEVA PD,City,WI,2022,8631,22,0,22,5,10,15,27,10,37,4.29
NC0780400,ST PAULS PD,ST PAULS PD,City,NC,2022,2050,13,0,13,1,4,5,14,4,18,8.78
WVWSP6000,STATE POLICE WILLIAMSON,STATE POLICE WILLIAMSON,State Police,WV,2022,0,8,0,8,0,2,2,8,2,10,
WA0390200,SUNNYSIDE PD,SUNNYSIDE PD,City,WA,2022,16300,22,14,36,5,7,12,27,21,48,2.94
GA0540100,CLAXTON PD,CLAXTON PD,City,GA,2022,2549,9,1,10,2,5,7,11,6,17,6.67
NY0472000,COBLESKILL VILLAGE PD COBLESKILL,COBLESKILL VILLAGE PD COBLESKILL,City,NY,2022,4206,9,0,9,2,0,2,11,0,11,2.62
PA0190900,BLOOMSBURG UNIVERSITY CAMPUS PD BLOOMSBURG,BLOOMSBURG UNIVERSITY CAMPUS PD BLOOMSBURG,University or College,PA,2022,0,14,2,16,1,1,2,15,3,18,
SC010NR00,DNR: CHARLESTON COUNTY,DNR: CHARLESTON COUNTY,Other State Agency,SC,2022,0,30,3,33,2,2,4,32,5,37,
AR0040800,DECATUR PD,DECATUR PD,City,AR,2022,1733,7,0,7,0,0,0,7,0,7,4.04
MI5486400,FERRIS STATE UNIVERSITY DPS,FERRIS STATE UNIVERSITY DPS,University or College,MI,2022,0,9,1,10,1,1,2,10,2,12,
KY0860000,MONROE CO SO TOMPKINSVILLE,MONROE CO SO TOMPKINSVILLE,County,KY,2022,8652,7,0,7,0,1,1,7,1,8,0.92
WI0380500,,,City,WI,2022,1077,2,0,2,0,0,0,2,0,2,1.86
AL0190500,ENTERPRISE ST JR COLL CAMPUS PD ENTERPRISE,ENTERPRISE ST JR COLL CAMPUS PD ENTERPRISE,University or College,AL,2022,0,1,0,1,0,0,0,1,0,1,
TX0671200,,,University or College,TX,2022,0,1,0,1,0,1,1,1,1,2,
NJ0150600,BRICK TWP PD BRICK TOWN,BRICK TWP PD BRICK TOWN,City,NJ,2022,76287,143,8,151,3,30,33,146,38,184,2.41
MI7340600,FRANKENMUTH PD,FRANKENMUTH PD,City,MI,2022,5368,8,0,8,0,0,0,8,0,8,1.49
MN0010400,,,City,MN,2022,620,1,0,1,0,0,0,1,0,1,1.61
TX0100000,BANDERA CO SO BANDERA,BANDERA CO SO BANDERA,County,TX,2022,22292,28,17,45,5,22,27,33,39,72,3.23
MI5015000,MACOMB CO SO MT CLEMENS,MACOMB CO SO MT CLEMENS,County,MI,2022,189406,218,160,378,25,100,125,243,260,503,2.66
MNMHP0200,DPS-SP DISTRICT 2100 ROCHESTER,DPS-SP DISTRICT 2100 ROCHESTER,State Police,MN,2022,0,50,14,64,3,15,18,53,29,82,
AR0050100,HARRISON PD,HARRISON PD,City,AR,2022,13350,30,1,31,1,5,6,31,6,37,2.77
MI8245300,HAMTRAMCK PD,HAMTRAMCK PD,City,MI,2022,27669,24,4,28,5,5,10,29,9,38,1.37
IA0900000,WAPELLO CO SO OTTUMWA,WAPELLO CO SO OTTUMWA,County,IA,2022,9953,11,13,24,0,20,20,11,33,44,4.42
AZ0020100,BENSON PD,BENSON PD,City,AZ,2022,5368,13,1,14,1,7,8,14,8,22,4.10
MEMSP0000,SP HDQ AUGUSTA,SP HDQ AUGUSTA,State Police,ME,2022,0,258,93,351,25,131,156,283,224,507,
OH0750300,,,City,OH,2022,1167,2,0,2,0,0,0,2,0,2,1.71
TX1160200,COMMERCE PD,COMMERCE PD,City,TX,2022,8876,16,2,18,2,5,7,18,7,25,2.82
IL0601000,LIVINGSTON PD,LIVINGSTON PD,City,IL,2022,761,1,1,2,0,0,0,1,1,2,2.63
CO0410100,CRAIG,CRAIG,City,CO,2022,8910,15,4,19,2,2,4,17,6,23,2.58
DE0020200,MIDDLETOWN PD,MIDDLETOWN PD,City,DE,2022,25044,32,1,33,7,5,12,39,6,45,1.80
CO0300100,ARVADA,ARVADA,City,CO,2022,122403,124,17,141,26,44,70,150,61,211,1.72
WI0450900,GRAND CHUTE PD,GRAND CHUTE PD,City,WI,2022,23871,27,0,27,9,5,14,36,5,41,1.72
MI5425600,BIG RAPIDS PD,BIG RAPIDS PD,City,MI,2022,8995,14,0,14,3,1,4,17,1,18,2.00
LA0070000,BIENVILLE CO SO ARCADIA,BIENVILLE CO SO ARCADIA,County,LA,2022,11302,33,10,43,3,19,22,36,29,65,5.75
OK0360400,TONKAWA,TONKAWA,City,OK,2022,3051,7,2,9,1,2,3,8,4,12,3.93
NJ0201800,SUMMIT PD,SUMMIT PD,City,NJ,2022,22414,46,0,46,2,4,6,48,4,52,2.32
PA0103300,ADAMS TOWNSHIP PD MARS,ADAMS TOWNSHIP PD MARS,City,PA,2022,14954,15,0,15,2,0,2,17,0,17,1.14
TX2270000,TRAVIS CO SO AUSTIN,TRAVIS CO SO AUSTIN,County,TX,2022,265977,367,570,937,45,441,486,412,1011,1423,5.35
MO0420000,HENRY,HENRY,County,MO,2022,12753,19,16,35,1,6,7,20,22,42,3.29
MN0271700,PLYMOUTH PD,PLYMOUTH PD,City,MN,2022,78585,67,2,69,11,14,25,78,16,94,1.20
AL0250200,HANCEVILLE PD,HANCEVILLE PD,City,AL,2022,3261,14,2,16,0,6,6,14,8,22,6.75
NM0330400,ACOMA PD SAN FIDEL,ACOMA PD SAN FIDEL,Tribal,NM,2022,0,9,1,10,6,6,12,15,7,22,
PA0232800,RIDLEY TWP PD FOLSOM,RIDLEY TWP PD FOLSOM,City,PA,2022,30612,28,1,29,2,2,4,30,3,33,1.08
MO0261700,CAPITOL POLICE,CAPITOL POLICE,Other State Agency,MO,2022,0,24,0,24,1,5,6,25,5,30,
OH0650000,PICKAWAY,PICKAWAY,County,OH,2022,34972,41,29,70,1,28,29,42,57,99,2.83
CA0194600,MONROVIA PD,MONROVIA PD,City,CA,2022,37104,40,9,49,8,23,31,48,32,80,2.16
NC0060900,SPR: GRANDFATHER MOUNTAI,SPR: GRANDFATHER MOUNTAI,Other State Agency,NC,2022,0,1,1,2,0,0,0,1,1,2,
OK056013C,,,Other,OK,2022,0,16,38,54,5,45,50,21,83,104,
KY1130000,UNION CO SO MORGANFIELD,UNION CO SO MORGANFIELD,County,KY,2022,7807,11,0,11,0,2,2,11,2,13,1.67
CT0009700,NEWTOWN PD,NEWTOWN PD,City,CT,2022,27918,37,2,39,8,12,20,45,14,59,2.11
NY0082500,OXFORD VILLAGE PD OXFORD,OXFORD VILLAGE PD OXFORD,City,NY,2022,1327,2,0,2,0,0,0,2,0,2,1.51
OKDI00400,MIAMI TRIBAL,MIAMI TRIBAL,Tribal,OK,2022,0,5,0,5,0,0,0,5,0,5,
VTVSP0700,STATE POLICE ST ALBANS,STATE POLICE ST ALBANS,State Police,VT,2022,36696,18,1,19,3,1,4,21,2,23,0.63
OKDI00800,QUAPAW TRIBAL,QUAPAW TRIBAL,Tribal,OK,2022,0,26,0,26,1,1,2,27,1,28,
AR0160600,MONETTE PD,MONETTE PD,City,AR,2022,1557,3,0,3,0,0,0,3,0,3,1.93
OK0250000,GARVIN,GARVIN,County,OK,2022,11299,11,8,19,2,8,10,13,16,29,2.57
NH0061000,BROOKLINE PD,BROOKLINE PD,City,NH,2022,5774,8,0,8,0,1,1,8,1,9,1.56
PA0490100,MILTON PD,MILTON PD,City,PA,2022,6549,8,0,8,0,1,1,8,1,9,1.37
PA0092000,UPPER SOUTHAMPTON TWP PD SOUTHAMPTON,UPPER SOUTHAMPTON TWP PD SOUTHAMPTON,City,PA,2022,15175,21,0,21,1,2,3,22,2,24,1.58
MA011409E,,,University or College,MA,2022,0,7,4,11,0,1,1,7,5,12,
SC0101100,THE CITADEL DEPT OF PUB SAFETY CHARLESTON,THE CITADEL DEPT OF PUB SAFETY CHARLESTON,University or College,SC,2022,0,14,9,23,1,1,2,15,10,25,
SC0460000,YORK CO SO YORK,YORK CO SO YORK,County,SC,2022,160548,166,73,239,21,164,185,187,237,424,2.64
VTVSP0100,STATE POLICE WILLISTON,STATE POLICE WILLISTON,State Police,VT,2022,17757,15,15,30,3,19,22,18,34,52,2.93
WV0440000,ROANE CO SO SPENCER,ROANE CO SO SPENCER,County,WV,2022,11788,6,2,8,0,1,1,6,3,9,0.76
WV0050200,WELLSBURG PD,WELLSBURG PD,City,WV,2022,2360,6,0,6,0,0,0,6,0,6,2.54
OK0511600,WARNER,WARNER,City,OK,2022,1554,4,0,4,1,0,1,5,0,5,3.22
OH0260000,FULTON,FULTON,County,OH,2022,21934,20,0,20,2,2,4,22,2,24,1.09
CA0101700,ST CTR COMMUNITY COLLEGE DIST PD FRESNO,ST CTR COMMUNITY COLLEGE DIST PD FRESNO,University or College,CA,2022,0,20,0,20,1,6,7,21,6,27,
SC0421000,LANDRUM,LANDRUM,City,SC,2022,2587,9,1,10,1,2,3,10,3,13,5.03
IL0190500,SYCAMORE PD,SYCAMORE PD,City,IL,2022,18673,24,1,25,7,2,9,31,3,34,1.82
NJ0191600,OGDENSBURG PD,OGDENSBURG PD,City,NJ,2022,2286,7,0,7,0,0,0,7,0,7,3.06
OH0250500,GRANDVIEW HEIGHTS,GRANDVIEW HEIGHTS,City,OH,2022,8254,16,1,17,3,5,8,19,6,25,3.03
WI0330100,,,City,WI,2022,798,0,0,0,1,0,1,1,0,1,1.25
MN0660300,,,City,MN,2022,1751,4,0,4,0,0,0,4,0,4,2.28
IA0900400,,,Other,IA,2022,0,34,3,37,5,7,12,39,10,49,
TN0200000,DECATUR CO SO DECATURVILLE,DECATUR CO SO DECATURVILLE,County,TN,2022,8232,13,9,22,3,7,10,16,16,32,3.89
PA0320000,INDIANA CO SO INDIANA,INDIANA CO SO INDIANA,County,PA,2022,0,18,0,18,3,2,5,21,2,23,
PA0020R00,FINDLAY TOWNSHIP POLICE DEPARTMENT CLINTON,FINDLAY TOWNSHIP POLICE DEPARTMENT CLINTON,City,PA,2022,6511,20,1,21,0,6,6,20,7,27,4.15
PA0160100,CLARION PD,CLARION PD,City,PA,2022,3878,9,1,10,0,0,0,9,1,10,2.58
ID0320000,LINCOLN CO SO SHOSHONE,LINCOLN CO SO SHOSHONE,County,ID,2022,5388,10,0,10,1,2,3,11,2,13,2.41
NC0310100,WALLACE PD,WALLACE PD,City,NC,2022,3296,14,0,14,1,1,2,15,1,16,4.85
NJ0160200,CLIFTON PD,CLIFTON PD,City,NJ,2022,88768,143,16,159,7,21,28,150,37,187,2.11
VT0080200,STOWE PD,STOWE PD,City,VT,2022,5359,10,0,10,2,0,2,12,0,12,2.24
MA0052300,NEWBURYPORT PD,NEWBURYPORT PD,City,MA,2022,18366,28,0,28,3,3,6,31,3,34,1.85
MS0251700,,,Other State Agency,MS,2022,0,10,0,10,6,1,7,16,1,17,
MS0530300,MS STATE UNIV CAMPUS PD STARKVILLE,MS STATE UNIV CAMPUS PD STARKVILLE,University or College,MS,2022,0,20,8,28,4,14,18,24,22,46,
AR0660200,GREENWOOD PD,GREENWOOD PD,City,AR,2022,9705,19,0,19,2,1,3,21,1,22,2.27
SD0620000,TURNER CO SO PARKER,TURNER CO SO PARKER,County,SD,2022,7067,9,1,10,0,1,1,9,2,11,1.56
MS0250000,HINDS CO SO JACKSON,HINDS CO SO JACKSON,County,MS,2022,28027,58,103,161,17,120,137,75,223,298,10.63
TX0650000,DONLEY CO SO CLARENDON,DONLEY CO SO CLARENDON,County,TX,2022,3287,6,0,6,0,5,5,6,5,11,3.35
NB0080000,BOYD CO SO BUTTE,BOYD CO SO BUTTE,County,NB,2022,1774,1,0,1,1,0,1,2,0,2,1.13
CA0090200,SOUTH LAKE TAHOE PD,SOUTH LAKE TAHOE PD,City,CA,2022,21525,35,2,37,4,16,20,39,18,57,2.65
AR0340100,NEWPORT PD,NEWPORT PD,City,AR,2022,7878,18,3,21,1,4,5,19,7,26,3.30
SD0230000,FALL RIVER CO SO HOT SPRINGS,FALL RIVER CO SO HOT SPRINGS,County,SD,2022,3892,7,6,13,0,9,9,7,15,22,5.65
TX0910000,GRAYSON COUNTY SHERIFFS OFFICE,GRAYSON COUNTY SHERIFFS OFFICE,County,TX,2022,44164,50,69,119,5,45,50,55,114,169,3.83
TX0031700,,,Other,TX,2022,0,11,4,15,1,1,2,12,5,17,
KS1010000,WASHINGTON CO SO WASHINGTON,WASHINGTON CO SO WASHINGTON,County,KS,2022,5503,8,7,15,0,4,4,8,11,19,3.45
TX0720100,DUBLIN PD,DUBLIN PD,City,TX,2022,3469,7,0,7,3,1,4,10,1,11,3.17
MT0270300,TROY PD,TROY PD,City,MT,2022,865,3,0,3,1,0,1,4,0,4,4.62
IA0400000,HAMILTON CO SO WEBSTER CITY,HAMILTON CO SO WEBSTER CITY,County,IA,2022,7079,11,4,15,0,16,16,11,20,31,4.38
MI5284100,FORSYTH TWP PD GWINN,FORSYTH TWP PD GWINN,City,MI,2022,6260,7,1,8,2,1,3,9,2,11,1.76
WA0061000,WASH STATE UNIVERSITY PD - VANCOUVER CAMPUS,WASH STATE UNIVERSITY PD - VANCOUVER CAMPUS,University or College,WA,2022,0,2,1,3,1,2,3,3,3,6,
TX0950100,ABERNATHY PD,ABERNATHY PD,City,TX,2022,2783,6,0,6,0,0,0,6,0,6,2.16
CT00B5900,GROTON LONG POINT PD,GROTON LONG POINT PD,City,CT,2022,515,5,0,5,0,0,0,5,0,5,9.71
TN0190100,NASHVILLE METRO PD NASHVILLE,NASHVILLE METRO PD NASHVILLE,City,TN,2022,679562,1235,147,1382,154,291,445,1389,438,1827,2.69
SC021NR00,DNR: FLORENCE COUNTY,DNR: FLORENCE COUNTY,Other State Agency,SC,2022,0,7,0,7,0,1,1,7,1,8,
IL0163800,GLENCOE PD,GLENCOE PD,City,IL,2022,8567,26,2,28,2,4,6,28,6,34,3.97
OK0491700,SPAVINAW,SPAVINAW,City,OK,2022,352,1,0,1,0,0,0,1,0,1,2.84
MS0520000,NOXUBEE CO SO MACON,NOXUBEE CO SO MACON,County,MS,2022,7517,7,0,7,2,6,8,9,6,15,2.00
AZ0130100,CLARKDALE PD,CLARKDALE PD,City,AZ,2022,4815,9,0,9,1,1,2,10,1,11,2.28
KS0260100,HAYS PD,HAYS PD,City,KS,2022,20696,32,7,39,2,13,15,34,20,54,2.61
KS0700300,CARBONDALE PD,CARBONDALE PD,City,KS,2022,1339,2,0,2,1,0,1,3,0,3,2.24
MI2642500,GLADWIN PD,GLADWIN PD,City,MI,2022,3101,6,0,6,0,0,0,6,0,6,1.93
TX2051600,TAFT ISD POLICE DEPARTMENT,TAFT ISD POLICE DEPARTMENT,Other,TX,2022,0,2,0,2,0,0,0,2,0,2,
RI0030100,JAMESTOWN PD,JAMESTOWN PD,City,RI,2022,5545,12,4,16,2,1,3,14,5,19,3.43
ID0350200,LEWISTON PD,LEWISTON PD,City,ID,2022,34711,39,4,43,6,17,23,45,21,66,1.90
WI0681600,SUMMIT TWP PD OCONOMOWOC,SUMMIT TWP PD OCONOMOWOC,City,WI,2022,5201,8,0,8,2,1,3,10,1,11,2.11
OR0340600,SHERWOOD,SHERWOOD,City,OR,2022,20102,27,1,28,2,3,5,29,4,33,1.64
LA0050800,,,City,LA,2022,207,1,0,1,0,0,0,1,0,1,4.83
TN0430000,HUMPHREYS CO SO WAVERLY,HUMPHREYS CO SO WAVERLY,County,TN,2022,11577,23,11,34,3,13,16,26,24,50,4.32
MN0191100,LAKEVILLE PD,LAKEVILLE PD,City,MN,2022,75548,47,2,49,16,8,24,63,10,73,0.97
PA0154900,EAST BRANDYWINE TWP PD,EAST BRANDYWINE TWP PD,City,PA,2022,10191,15,0,15,2,2,4,17,2,19,1.86
WV0010000,BARBOUR CO SO PHILIPPI,BARBOUR CO SO PHILIPPI,County,WV,2022,10758,13,0,13,0,1,1,13,1,14,1.30
NC0130000,CABARRUS CO SO CONCORD,CABARRUS CO SO CONCORD,County,NC,2022,81829,188,68,256,37,76,113,225,144,369,4.51
NC0380000,GRAHAM CO SO ROBBINSVILLE,GRAHAM CO SO ROBBINSVILLE,County,NC,2022,8109,19,11,30,2,5,7,21,16,37,4.56
SC0021000,SAFEGUARDS & SEC DIV DOE SAV RIVER OPER AIKEN,SAFEGUARDS & SEC DIV DOE SAV RIVER OPER AIKEN,Other State Agency,SC,2022,0,42,9,51,3,2,5,45,11,56,
AR0460100,TEXARKANA PD,TEXARKANA PD,City,AR,2022,29339,59,4,63,14,8,22,73,12,85,2.90
MN0272100,ST LOUIS PARK PD,ST LOUIS PARK PD,City,MN,2022,48311,46,2,48,10,13,23,56,15,71,1.47
VA0800100,SALEM PD,SALEM PD,City,VA,2022,25460,55,6,61,4,18,22,59,24,83,3.26
PA0242500,,,Other State Agency,PA,2022,0,1,0,1,0,0,0,1,0,1,
WI0320600,CAMPBELL TOWNSHIP PD LA CROSSE,CAMPBELL TOWNSHIP PD LA CROSSE,City,WI,2022,4198,3,0,3,2,0,2,5,0,5,1.19
FL0640100,DAYTONA BEACH PD,DAYTONA BEACH PD,City,FL,2022,77130,164,26,190,37,43,80,201,69,270,3.50
IN0520000,MIAMI CO SO PERU,MIAMI CO SO PERU,County,IN,2022,25126,15,18,33,2,19,21,17,37,54,2.15
ID0010200,GARDEN CITY PD,GARDEN CITY PD,City,ID,2022,12279,27,2,29,1,6,7,28,8,36,2.93
WI0360200,TWO RIVERS PD,TWO RIVERS PD,City,WI,2022,11273,20,0,20,6,5,11,26,5,31,2.75
KY0564400,INDIAN HILLS PD LOUISVILLE,INDIAN HILLS PD LOUISVILLE,City,KY,2022,2819,8,0,8,0,0,0,8,0,8,2.84
NV0131200,,,Other State Agency,NV,2022,0,3,0,3,0,1,1,3,1,4,
MS0350000,KEMPER CO SO DE KALB,KEMPER CO SO DE KALB,County,MS,2022,8668,14,1,15,0,3,3,14,4,18,2.08
CA0130000,IMPERIAL CO SO EL CENTRO,IMPERIAL CO SO EL CENTRO,County,CA,2022,35576,161,22,183,26,62,88,187,84,271,7.62
TN0790600,BARTLETT PD,BARTLETT PD,City,TN,2022,56928,121,11,132,13,31,44,134,42,176,3.09
ORDI06000,COLUMBIA RIVER IT FISH E,COLUMBIA RIVER IT FISH E,Tribal,OR,2022,0,17,2,19,1,5,6,18,7,25,
FL0502400,DPS OCEAN RIDGE,DPS OCEAN RIDGE,City,FL,2022,1824,14,0,14,2,5,7,16,5,21,11.51
TN0080100,WOODBURY PD,WOODBURY PD,City,TN,2022,2713,9,0,9,0,0,0,9,0,9,3.32
NC0410000,GUILFORD CO SO GREENSBORO,GUILFORD CO SO GREENSBORO,County,NC,2022,132444,217,159,376,44,160,204,261,319,580,4.38
NB0090000,BROWN CO SO AINSWORTH,BROWN CO SO AINSWORTH,County,NB,2022,2916,6,0,6,0,3,3,6,3,9,3.09
IN0410300,GREENWOOD PD,GREENWOOD PD,City,IN,2022,65813,62,1,63,4,7,11,66,8,74,1.12
WI0320700,HOLMEN PD,HOLMEN PD,City,WI,2022,11058,13,0,13,0,2,2,13,2,15,1.36
MN0860600,ANNANDALE PD,ANNANDALE PD,City,MN,2022,3405,3,0,3,2,1,3,5,1,6,1.76
WI0137700,WAUNAKEE PD,WAUNAKEE PD,City,WI,2022,14914,16,0,16,5,2,7,21,2,23,1.54
PA0020T00,HARMAR TOWNSHIP PD CHESWICK,HARMAR TOWNSHIP PD CHESWICK,City,PA,2022,3059,8,0,8,0,0,0,8,0,8,2.62
WA0130400,SOAP LAKE PD,SOAP LAKE PD,City,WA,2022,1708,5,0,5,1,1,2,6,1,7,4.10
PA0093500,SPRINGFIELD TWP POLICE DEPARTMENT QUAKERTOWN,SPRINGFIELD TWP POLICE DEPARTMENT QUAKERTOWN,City,PA,2022,5181,4,0,4,0,0,0,4,0,4,0.77
GA0670300,LAWRENCEVILLE PD,LAWRENCEVILLE PD,City,GA,2022,30618,64,6,70,4,16,20,68,22,90,2.94
IA0190000,CHICKASAW CO SO NEW HAMPTON,CHICKASAW CO SO NEW HAMPTON,County,IA,2022,8423,9,2,11,1,5,6,10,7,17,2.02
SD0640000,WALWORTH CO SO SELBY,WALWORTH CO SO SELBY,County,SD,2022,2087,2,3,5,0,3,3,2,6,8,3.83
TX2110100,STRATFORD PD,STRATFORD PD,City,TX,2022,1973,2,0,2,1,0,1,3,0,3,1.52
FL0641700,BEACH PROTEC DIV DPT BEACH MNGMT DAYTONA BEACH,BEACH PROTEC DIV DPT BEACH MNGMT DAYTONA BEACH,Other,FL,2022,0,56,12,68,5,5,10,61,17,78,
AK0011000,SKAGWAY PD,SKAGWAY PD,City,AK,2022,1035,4,3,7,0,2,2,4,5,9,8.70
NY0593100,BRIARCLIFF MANOR VILLAGE PD BRIARCLIFF MANOR,BRIARCLIFF MANOR VILLAGE PD BRIARCLIFF MANOR,City,NY,2022,7391,17,0,17,2,0,2,19,0,19,2.57
KY0790000,MARSHALL CO SO BENTON,MARSHALL CO SO BENTON,County,KY,2022,24519,36,0,36,2,2,4,38,2,40,1.63
WY0110200,PINE BLUFFS PD,PINE BLUFFS PD,City,WY,2022,1146,5,0,5,0,0,0,5,0,5,4.36
NJ0190200,ANDOVER TWP PD NEWTON,ANDOVER TWP PD NEWTON,City,NJ,2022,6227,12,2,14,0,3,3,12,5,17,2.73
NC0630500,CARTHAGE PD,CARTHAGE PD,City,NC,2022,2839,8,0,8,2,1,3,10,1,11,3.87
MI1125200,BERRIEN SPRINGS-ORONOKO TWP PD BERRIEN SPRINGS,BERRIEN SPRINGS-ORONOKO TWP PD BERRIEN SPRINGS,City,MI,2022,9422,9,0,9,0,1,1,9,1,10,1.06
NY0065900,ELLICOTT TOWN PD FALCONER,ELLICOTT TOWN PD FALCONER,City,NY,2022,5350,13,0,13,0,0,0,13,0,13,2.43
AL0380700,,,Other,AL,2022,0,4,0,4,0,1,1,4,1,5,
WVWSP1200,STATE POLICE FRANKLIN,STATE POLICE FRANKLIN,State Police,WV,2022,0,4,0,4,0,1,1,4,1,5,
IL0560300,CRYSTAL LAKE PD,CRYSTAL LAKE PD,City,IL,2022,40625,57,2,59,8,8,16,65,10,75,1.85
GA068089E,PIEDMONT COLLEGE CAMPUS POLICE DEPT DEMOREST,PIEDMONT COLLEGE CAMPUS POLICE DEPT DEMOREST,University or College,GA,2022,0,4,3,7,1,0,1,5,3,8,
MN0110700,,,City,MN,2022,513,1,0,1,0,0,0,1,0,1,1.95
NJ0141400,JEFFERSON TWP PD LAKE HOPATCONG,JEFFERSON TWP PD LAKE HOPATCONG,City,NJ,2022,20498,35,3,38,1,5,6,36,8,44,2.15
SD0540000,ROBERTS CO SO SISSETON,ROBERTS CO SO SISSETON,County,SD,2022,7384,8,1,9,0,21,21,8,22,30,4.06
TX1014100,HEDWIG VILLAGE PD HOUSTON,HEDWIG VILLAGE PD HOUSTON,City,TX,2022,2295,16,2,18,1,4,5,17,6,23,10.02
NCBCI0000,NC STATE BUREAU OF INVES,NC STATE BUREAU OF INVES,Other State Agency,NC,2022,0,186,60,246,61,97,158,247,157,404,
VT0030100,HARDWICK PD,HARDWICK PD,City,VT,2022,2997,5,0,5,0,0,0,5,0,5,1.67
OK0191000,MOUNDS,MOUNDS,City,OK,2022,957,3,0,3,0,0,0,3,0,3,3.13
TX2462400,,,City,TX,2022,6909,14,0,14,0,1,1,14,1,15,2.17
NY0146300,EVANS TOWN PD ANGOLA,EVANS TOWN PD ANGOLA,City,NY,2022,15117,19,5,24,1,3,4,20,8,28,1.85
MO0955600,OVERLAND,OVERLAND,City,MO,2022,15632,34,2,36,6,4,10,40,6,46,2.94
PA0090800,LOWER SOUTHAMPTON TWP PD FEASTERVILLE,LOWER SOUTHAMPTON TWP PD FEASTERVILLE,City,PA,2022,20555,28,0,28,4,3,7,32,3,35,1.70
RIRSP0900,SP WICKFORD,SP WICKFORD,State Police,RI,2022,6745,29,0,29,5,0,5,34,0,34,5.04
MD0070500,SYKESVILLE PD,SYKESVILLE PD,City,MD,2022,4361,7,0,7,2,1,3,9,1,10,2.29
OK0060500,GEARY,GEARY,City,OK,2022,969,6,2,8,0,5,5,6,7,13,13.42
KY1020200,MOUNT VERNON PD,MOUNT VERNON PD,City,KY,2022,2409,10,0,10,0,0,0,10,0,10,4.15
NB0540000,KNOX CO SO CENTER,KNOX CO SO CENTER,County,NB,2022,6290,5,0,5,0,9,9,5,9,14,2.23
PA0401500,ASHLEY PD WILKES-BARRE,ASHLEY PD WILKES-BARRE,City,PA,2022,2596,5,0,5,0,0,0,5,0,5,1.93
NC0310000,DUPLIN CO SO KENANSVILLE,DUPLIN CO SO KENANSVILLE,County,NC,2022,38637,57,9,66,4,13,17,61,22,83,2.15
TN0020100,SHELBYVILLE PD,SHELBYVILLE PD,City,TN,2022,24160,41,1,42,7,10,17,48,11,59,2.44
NY0272400,EAST ROCHESTER VILLAGE PD EAST ROCHESTER,EAST ROCHESTER VILLAGE PD EAST ROCHESTER,City,NY,2022,6212,8,0,8,1,1,2,9,1,10,1.61
VA0820500,GROTTOES PD,GROTTOES PD,City,VA,2022,2965,6,0,6,0,0,0,6,0,6,2.02
IL0161000,BLUE ISLAND PD,BLUE ISLAND PD,City,IL,2022,21577,38,1,39,3,6,9,41,7,48,2.22
MI6378400,TROY PD,TROY PD,City,MI,2022,86548,95,20,115,16,25,41,111,45,156,1.80
NJ0142400,MORRISTOWN PD,MORRISTOWN PD,City,NJ,2022,20418,49,0,49,2,4,6,51,4,55,2.69
SC0380800,NORTH PD,NORTH PD,City,SC,2022,680,2,0,2,1,0,1,3,0,3,4.41
MI8087300,COVERT TWP PD,COVERT TWP PD,City,MI,2022,2516,8,0,8,0,0,0,8,0,8,3.18
ND0530400,,,City,ND,2022,666,1,0,1,0,0,0,1,0,1,1.50
PA0251200,LAKE CITY PD,LAKE CITY PD,City,PA,2022,2885,2,0,2,0,0,0,2,0,2,0.69
NJ0080100,CLAYTON PD,CLAYTON PD,City,NJ,2022,9017,14,0,14,1,1,2,15,1,16,1.77
GA0080700,EUHARLEE POLICE DEPARTMENT KINGSTON,EUHARLEE POLICE DEPARTMENT KINGSTON,City,GA,2022,4345,9,1,10,2,2,4,11,3,14,3.22
SC0122600,STATE TRANSPORT POLICE,STATE TRANSPORT POLICE,Other State Agency,SC,2022,0,1,0,1,0,0,0,1,0,1,
IL0601900,SOUTH ROXANA PD,SOUTH ROXANA PD,City,IL,2022,1884,5,0,5,0,0,0,5,0,5,2.65
TX1840500,WILLOW PARK POLICE DEPARTMENT WILLOW PARK,WILLOW PARK POLICE DEPARTMENT WILLOW PARK,City,TX,2022,5427,15,0,15,4,1,5,19,1,20,3.69
AL0080100,ONEONTA PD,ONEONTA PD,City,AL,2022,6798,26,0,26,2,1,3,28,1,29,4.27
IL0490600,GURNEE PD,GURNEE PD,City,IL,2022,30361,55,16,71,7,26,33,62,42,104,3.43
MO0510000,JOHNSON,JOHNSON,County,MO,2022,28722,40,19,59,7,16,23,47,35,82,2.85
SC0422600,STATE TRANSPORT POLICE,STATE TRANSPORT POLICE,Other State Agency,SC,2022,0,7,1,8,0,0,0,7,1,8,
AL0640000,WALKER CO SO JASPER,WALKER CO SO JASPER,County,AL,2022,40689,39,24,63,1,18,19,40,42,82,2.02
ME0160300,OLD ORCHARD BEACH PD,OLD ORCHARD BEACH PD,City,ME,2022,9244,18,2,20,2,3,5,20,5,25,2.70
MS0180200,PETAL PD,PETAL PD,City,MS,2022,11580,25,1,26,2,3,5,27,4,31,2.68
NM0070200,ANTHONY,ANTHONY,City,NM,2022,8631,10,0,10,3,1,4,13,1,14,1.62
KSDI00200,PRAIRIE BAND POTAWATOMI TRIBAL POLICE,PRAIRIE BAND POTAWATOMI TRIBAL POLICE,Tribal,KS,2022,0,17,4,21,1,6,7,18,10,28,
NC0010400,MEBANE PD,MEBANE PD,City,NC,2022,18956,31,0,31,6,4,10,37,4,41,2.16
CA0060000,COLUSA CO SO COLUSA,COLUSA CO SO COLUSA,County,CA,2022,9907,35,2,37,9,19,28,44,21,65,6.56
WA0140300,HOQUIAM PD,HOQUIAM PD,City,WA,2022,8918,15,1,16,4,4,8,19,5,24,2.69
MI7755100,MANISTIQUE PD,MANISTIQUE PD,City,MI,2022,2809,6,0,6,2,0,2,8,0,8,2.85
PA0360700,MANHEIM PD,MANHEIM PD,City,PA,2022,5025,17,0,17,0,1,1,17,1,18,3.58
ID0390100,AMERICAN FALLS PD,AMERICAN FALLS PD,City,ID,2022,4661,7,0,7,0,2,2,7,2,9,1.93
OH0770800,MOGADORE,MOGADORE,City,OH,2022,3785,8,0,8,0,0,0,8,0,8,2.11
AR0171200,,,City,AR,2022,1444,2,0,2,0,0,0,2,0,2,1.39
CA0194700,MONTEBELLO PD,MONTEBELLO PD,City,CA,2022,59909,58,0,58,5,20,25,63,20,83,1.39
KS0780600,BUHLER PD,BUHLER PD,City,KS,2022,1306,3,0,3,0,0,0,3,0,3,2.30
SC0180000,DORCHESTER CO SO ST GEORGE,DORCHESTER CO SO ST GEORGE,County,SC,2022,89189,139,40,179,21,71,92,160,111,271,3.04
NV0020200,NORTH LAS VEGAS PD,NORTH LAS VEGAS PD,City,NV,2022,284422,245,19,264,37,93,130,282,112,394,1.39
TX0940200,SCHERTZ PD,SCHERTZ PD,City,TX,2022,43162,52,2,54,8,31,39,60,33,93,2.15
CT0019400,SOUTHERN CONNECTICUT STATE UNIV PD NEW HAVEN,SOUTHERN CONNECTICUT STATE UNIV PD NEW HAVEN,University or College,CT,2022,0,13,3,16,5,2,7,18,5,23,
IL0720000,PEORIA CO SO PEORIA,PEORIA CO SO PEORIA,County,IL,2022,47041,60,51,111,3,36,39,63,87,150,3.19
TX1330800,,,Other,TX,2022,0,1,0,1,1,0,1,2,0,2,
NV0022000,LAS VEGAS PAIUTE TRIBAL POLICE DEPARTMENT,LAS VEGAS PAIUTE TRIBAL POLICE DEPARTMENT,Tribal,NV,2022,0,10,6,16,0,2,2,10,8,18,
CA0011300,UNION CITY PD,UNION CITY PD,City,CA,2022,66947,56,11,67,10,16,26,66,27,93,1.39
NB0100100,KEARNEY PD,KEARNEY PD,City,NB,2022,34186,58,6,64,4,10,14,62,16,78,2.28
ID0040000,BEAR LAKE CO SO PARIS,BEAR LAKE CO SO PARIS,County,ID,2022,3947,7,1,8,0,5,5,7,6,13,3.29
MA005609E,,,University or College,MA,2022,0,6,1,7,0,1,1,6,2,8,
TX0970500,,,City,TX,2022,1360,3,0,3,2,0,2,5,0,5,3.68
MI8172800,SALINE PD,SALINE PD,City,MI,2022,8930,10,0,10,3,0,3,13,0,13,1.46
OH0520000,MEDINA,MEDINA,County,OH,2022,48510,49,55,104,9,38,47,58,93,151,3.11
IL0890000,STEPHENSON CO SO FREEPORT,STEPHENSON CO SO FREEPORT,County,IL,2022,15916,19,1,20,5,9,14,24,10,34,2.14
AR0470200,OSCEOLA PD,OSCEOLA PD,City,AR,2022,6621,17,6,23,3,7,10,20,13,33,4.98
LA0310700,LA TECH UNIV PD RUSTON,LA TECH UNIV PD RUSTON,University or College,LA,2022,0,17,0,17,1,2,3,18,2,20,
MN0020000,ANOKA CO SO ANOKA,ANOKA CO SO ANOKA,County,MN,2022,86506,118,77,195,13,65,78,131,142,273,3.16
KS0260300,VICTORIA PD,VICTORIA PD,City,KS,2022,1142,2,0,2,0,0,0,2,0,2,1.75
NH0011200,GILMANTON PD,GILMANTON PD,City,NH,2022,4022,4,0,4,0,1,1,4,1,5,1.24
SC032SP00,HP: LEXINGTON COUNTY,HP: LEXINGTON COUNTY,State Police,SC,2022,0,98,0,98,10,0,10,108,0,108,
AL0200600,LITTLEVILLE PD RUSSELLVILLE,LITTLEVILLE PD RUSSELLVILLE,City,AL,2022,1041,3,0,3,0,0,0,3,0,3,2.88
CO0210000,EL PASO,EL PASO,County,CO,2022,206584,392,113,505,111,192,303,503,305,808,3.91
ND0030000,BENSON CO SO MINNEWAUKAN,BENSON CO SO MINNEWAUKAN,County,ND,2022,5727,5,0,5,0,0,0,5,0,5,0.87
AR0161500,BROOKLAND,BROOKLAND,City,AR,2022,4355,6,0,6,0,0,0,6,0,6,1.38
TX1012900,UNIVERSITY OF TEXAS PD HOUSTON,UNIVERSITY OF TEXAS PD HOUSTON,University or College,TX,2022,0,60,160,220,13,85,98,73,245,318,
MI3774100,SHEPHERD PD,SHEPHERD PD,City,MI,2022,1525,2,0,2,0,0,0,2,0,2,1.31
CA0334400,RIVERSIDE COMM COLL DEPT SAFETY & POLICE,RIVERSIDE COMM COLL DEPT SAFETY & POLICE,University or College,CA,2022,0,15,2,17,2,5,7,17,7,24,
OK0010200,WESTVILLE,WESTVILLE,City,OK,2022,1361,5,1,6,2,4,6,7,5,12,8.82
MI6325500,BEVERLY HILLS PD,BEVERLY HILLS PD,City,MI,2022,10467,23,1,24,1,1,2,24,2,26,2.48
WV0200800,MARMET PD,MARMET PD,City,WV,2022,1453,5,0,5,0,0,0,5,0,5,3.44
WI0570300,SAUK PRAIRIE PD SAUK CITY,SAUK PRAIRIE PD SAUK CITY,City,WI,2022,4572,13,0,13,0,2,2,13,2,15,3.28
NC0240300,FAIR BLUFF PD,FAIR BLUFF PD,City,NC,2022,720,2,0,2,0,0,0,2,0,2,2.78
AR0520000,OUACHITA CO SO CAMDEN,OUACHITA CO SO CAMDEN,County,AR,2022,11842,22,10,32,4,20,24,26,30,56,4.73
NY0293900,MALVERNE VILLAGE PD MALVERNE,MALVERNE VILLAGE PD MALVERNE,City,NY,2022,8477,21,1,22,1,0,1,22,1,23,2.71
MN0310700,,,City,MN,2022,902,3,0,3,1,0,1,4,0,4,4.43
NC0790400,MAYODAN PD,MAYODAN PD,City,NC,2022,2419,13,0,13,1,0,1,14,0,14,5.79
OK0710000,TILLMAN,TILLMAN,County,OK,2022,1807,4,0,4,0,0,0,4,0,4,2.21
LA0290500,THIBODAUX PD,THIBODAUX PD,City,LA,2022,15166,42,4,46,6,16,22,48,20,68,4.48
WA0080000,COWLITZ CO SO KELSO,COWLITZ CO SO KELSO,County,WA,2022,50051,42,2,44,3,17,20,45,19,64,1.28
WA0172000,MEDINA PD,MEDINA PD,City,WA,2022,2849,9,0,9,0,2,2,9,2,11,3.86
PA0130900,KIDDER TWP PD LAKE HARMONY,KIDDER TWP PD LAKE HARMONY,City,PA,2022,1840,8,0,8,0,0,0,8,0,8,4.35
AR0731000,MCRAE PD MCRAE,MCRAE PD MCRAE,City,AR,2022,614,2,0,2,0,0,0,2,0,2,3.26
LA0030200,GONZALES PD,GONZALES PD,City,LA,2022,12869,39,0,39,3,5,8,42,5,47,3.65
PA0280400,MERCERSBURG PD,MERCERSBURG PD,City,PA,2022,1487,2,0,2,0,0,0,2,0,2,1.34
MIDI07000,PD NOTTAWASEPPI HURON BAND POTAWATOMI INDIANS,PD NOTTAWASEPPI HURON BAND POTAWATOMI INDIANS,Tribal,MI,2022,0,17,0,17,2,1,3,19,1,20,
TX0960000,HALL CO SO MEMPHIS,HALL CO SO MEMPHIS,County,TX,2022,695,2,0,2,1,6,7,3,6,9,12.95
WI0090300,CORNELL PD,CORNELL PD,City,WI,2022,1448,3,0,3,0,0,0,3,0,3,2.07
ME0061700,,,Other State Agency,ME,2022,0,16,16,32,1,5,6,17,21,38,
AL0470700,UNIV OF ALABAMA PD HUNTSVILLE,UNIV OF ALABAMA PD HUNTSVILLE,University or College,AL,2022,0,12,4,16,3,4,7,15,8,23,
OH0314400,,,City,OH,2022,59568,52,0,52,8,2,10,60,2,62,1.04
NC0101300,LELAND POLICE DEPARTMENT LELAND,LELAND POLICE DEPARTMENT LELAND,City,NC,2022,28203,39,0,39,4,3,7,43,3,46,1.63
VA0550000,LUNENBURG CO SO VICTORIA,LUNENBURG CO SO VICTORIA,County,VA,2022,9114,12,1,13,1,5,6,13,6,19,2.08
NJ0070600,EAST ORANGE PD,EAST ORANGE PD,City,NJ,2022,68279,146,17,163,51,45,96,197,62,259,3.79
SD0060200,GROTON PD,GROTON PD,City,SD,2022,1379,4,0,4,0,0,0,4,0,4,2.90
MI7083700,ZEELAND PD,ZEELAND PD,City,MI,2022,5670,11,0,11,0,2,2,11,2,13,2.29
ND0120000,DIVIDE CO SO CROSBY,DIVIDE CO SO CROSBY,County,ND,2022,2201,5,0,5,0,1,1,5,1,6,2.73
MS0430100,BROOKHAVEN PD,BROOKHAVEN PD,City,MS,2022,11901,24,3,27,5,9,14,29,12,41,3.45
PA0290300,,,Other State Agency,PA,2022,0,2,0,2,0,0,0,2,0,2,
TX2230000,TERRY CO SO BROWNFIELD,TERRY CO SO BROWNFIELD,County,TX,2022,2909,7,16,23,2,10,12,9,26,35,12.03
WV0500500,LAW ENF DIV DEPT NATRL RESOURCES WAYNE,LAW ENF DIV DEPT NATRL RESOURCES WAYNE,Other State Agency,WV,2022,0,2,0,2,0,0,0,2,0,2,
NC0010000,ALAMANCE CO SO GRAHAM,ALAMANCE CO SO GRAHAM,County,NC,2022,67798,132,67,199,22,44,66,154,111,265,3.91
OH0184200,PARMA,PARMA,City,OH,2022,79098,105,6,111,8,11,19,113,17,130,1.64
OR0040000,CLATSOP,CLATSOP,County,OR,2022,14629,51,5,56,15,13,28,66,18,84,5.74
AL0600100,YORK PD,YORK PD,City,AL,2022,2387,2,3,5,0,0,0,2,3,5,2.09
OH0090100,FAIRFIELD,FAIRFIELD,City,OH,2022,44215,56,3,59,9,17,26,65,20,85,1.92
MI7655800,MARLETTE PD,MARLETTE PD,City,MI,2022,1850,5,0,5,0,0,0,5,0,5,2.70
CA0071800,SF BAY RAP TRANSIT SEC CONTRA COSTA CO OAKLAND,SF BAY RAP TRANSIT SEC CONTRA COSTA CO OAKLAND,Other,CA,2022,0,190,70,260,22,66,88,212,136,348,
TX0840000,GALVESTON CO SO GALVESTON,GALVESTON CO SO GALVESTON,County,TX,2022,41305,221,95,316,66,84,150,287,179,466,11.28
NC0925200,,,Other,NC,2022,0,1,0,1,1,0,1,2,0,2,
CO0440300,WIGGINS,WIGGINS,City,CO,2022,1672,3,0,3,0,0,0,3,0,3,1.79
MI7346600,RICHLAND TWP PD HEMLOCK,RICHLAND TWP PD HEMLOCK,City,MI,2022,3916,5,0,5,0,0,0,5,0,5,1.28
AR0010000,ARKANSAS CO SO STUTTGART,ARKANSAS CO SO STUTTGART,County,AR,2022,4917,11,0,11,0,1,1,11,1,12,2.44
TX1840700,,,City,TX,2022,3457,8,1,9,1,1,2,9,2,11,3.18
IL0340100,CARTHAGE PD,CARTHAGE PD,City,IL,2022,2457,3,0,3,1,0,1,4,0,4,1.63
NJ0042200,LINDENWOLD PD,LINDENWOLD PD,City,NJ,2022,21524,40,0,40,3,3,6,43,3,46,2.14
KY0150100,SHEPHERDSVILLE PD,SHEPHERDSVILLE PD,City,KY,2022,14440,40,0,40,0,2,2,40,2,42,2.91
PA0132000,SPR: BELTZVILLE,SPR: BELTZVILLE,Other State Agency,PA,2022,0,2,0,2,2,0,2,4,0,4,
TN0900300,EAST TENNESSEE STATE UNIVERSITY,EAST TENNESSEE STATE UNIVERSITY,University or College,TN,2022,0,14,4,18,4,5,9,18,9,27,
AZ0070500,CHANDLER PD,CHANDLER PD,City,AZ,2022,281373,285,42,327,44,114,158,329,156,485,1.72
WI0130400,MOUNT HOREB PD,MOUNT HOREB PD,City,WI,2022,7687,12,1,13,2,2,4,14,3,17,2.21
ID0340100,RUPERT PD,RUPERT PD,City,ID,2022,6107,11,0,11,2,1,3,13,1,14,2.29
OH0190200,ANSONIA,ANSONIA,City,OH,2022,1149,2,0,2,0,0,0,2,0,2,1.74
CA0280800,NAPA STATE HOSPITAL POLICE DEPARTMENT,NAPA STATE HOSPITAL POLICE DEPARTMENT,Other State Agency,CA,2022,0,96,0,96,7,0,7,103,0,103,
MI8294700,BROWNSTOWN TOWNSHIP POLICE DEPARTMENT,BROWNSTOWN TOWNSHIP POLICE DEPARTMENT,City,MI,2022,33033,31,2,33,2,5,7,33,7,40,1.21
PA0463600,WEST CONSHOHOCKEN PD,WEST CONSHOHOCKEN PD,City,PA,2022,1502,10,0,10,0,1,1,10,1,11,7.32
CA0271900,CALIFORNIA STATE UNIVERSITY MONTEREY BAY PD,CALIFORNIA STATE UNIVERSITY MONTEREY BAY PD,University or College,CA,2022,0,11,2,13,5,8,13,16,10,26,
TX2290100,WOODVILLE PD,WOODVILLE PD,City,TX,2022,2471,9,0,9,1,1,2,10,1,11,4.45
NJ0160500,LITTLE FALLS TWP PD LITTLE FALLS,LITTLE FALLS TWP PD LITTLE FALLS,City,NJ,2022,13220,27,5,32,2,3,5,29,8,37,2.80
TX1090600,WHITNEY PD,WHITNEY PD,City,TX,2022,2066,7,0,7,2,1,3,9,1,10,4.84
IL0167000,MIDLOTHIAN PD,MIDLOTHIAN PD,City,IL,2022,13721,26,1,27,3,2,5,29,3,32,2.33
NC0130100,CONCORD PD,CONCORD PD,City,NC,2022,109660,158,9,167,27,20,47,185,29,214,1.95
SD0600200,ROSEBUD TRIBAL PD ROSEBUD,ROSEBUD TRIBAL PD ROSEBUD,Tribal,SD,2022,0,29,1,30,7,5,12,36,6,42,
SC023FC00,FC: GREENVILLE COUNTY,FC: GREENVILLE COUNTY,Other State Agency,SC,2022,0,1,0,1,0,0,0,1,0,1,
IA0650100,GLENWOOD PD,GLENWOOD PD,City,IA,2022,5195,9,0,9,0,1,1,9,1,10,1.92
MS0620000,SCOTT CO SO FOREST,SCOTT CO SO FOREST,County,MS,2022,18392,30,12,42,0,13,13,30,25,55,2.99
SC014SP00,HP: CLARENDON COUNTY,HP: CLARENDON COUNTY,State Police,SC,2022,0,9,0,9,2,1,3,11,1,12,
MI4514500,LEELANAU CO SO LELAND,LEELANAU CO SO LELAND,County,MI,2022,22602,18,12,30,2,6,8,20,18,38,1.68
TNMPD0000,MEMPHIS POLICE DEPARTMENT,MEMPHIS POLICE DEPARTMENT,City,TN,2022,624944,1559,204,1763,345,353,698,1904,557,2461,3.94
WI0360800,MISHICOT PD,MISHICOT PD,City,WI,2022,1440,3,0,3,0,0,0,3,0,3,2.08
IL0561200,MC HENRY PD,MC HENRY PD,City,IL,2022,27610,37,9,46,11,20,31,48,29,77,2.79
KY0191200,WILDER POLICE DEPARTMENT,WILDER POLICE DEPARTMENT,City,KY,2022,3125,9,0,9,0,0,0,9,0,9,2.88
NC0110800,ASHEVILLE REGIONAL AIRPORT PD FLETCHER,ASHEVILLE REGIONAL AIRPORT PD FLETCHER,Other,NC,2022,0,17,4,21,1,0,1,18,4,22,
MS0490000,MONTGOMERY CO SO WINONA,MONTGOMERY CO SO WINONA,County,MS,2022,5430,8,0,8,0,1,1,8,1,9,1.66
PA0234800,DISTRICT ATTORNEYS OFF CRIM INV DIV MEDIA,DISTRICT ATTORNEYS OFF CRIM INV DIV MEDIA,Other,PA,2022,0,38,3,41,4,10,14,42,13,55,
TX2210000,TAYLOR CO SO ABILENE,TAYLOR CO SO ABILENE,County,TX,2022,20643,73,79,152,7,75,82,80,154,234,11.34
TX1702000,CONROE INDEPENDENT SCHOOL DIST PD CONROE,CONROE INDEPENDENT SCHOOL DIST PD CONROE,Other,TX,2022,0,64,19,83,18,17,35,82,36,118,
TX0840300,FRIENDSWOOD PD,FRIENDSWOOD PD,City,TX,2022,40851,54,5,59,9,15,24,63,20,83,2.03
NJ0200300,CRANFORD TWP PD CRANFORD,CRANFORD TWP PD CRANFORD,City,NJ,2022,24133,48,7,55,5,5,10,53,12,65,2.69
NY0415200,EAST GREENBUSH TOWN PD RENSSELAER,EAST GREENBUSH TOWN PD RENSSELAER,City,NY,2022,16558,21,7,28,3,2,5,24,9,33,1.99
CA0192900,HERMOSA BEACH PD,HERMOSA BEACH PD,City,CA,2022,18902,30,19,49,2,9,11,32,28,60,3.17
NB0760200,CRETE PD,CRETE PD,City,NB,2022,7200,10,0,10,3,2,5,13,2,15,2.08
OH0184800,SHAKER HEIGHTS,SHAKER HEIGHTS,City,OH,2022,28615,57,6,63,5,10,15,62,16,78,2.73
WVWSP1300,STATE POLICE GLENVILLE,STATE POLICE GLENVILLE,State Police,WV,2022,0,5,1,6,0,1,1,5,2,7,
NY0465400,ROTTERDAM TOWN PD SCHENECTADY,ROTTERDAM TOWN PD SCHENECTADY,City,NY,2022,30569,36,0,36,3,2,5,39,2,41,1.34
IA0660000,MITCHELL CO SO OSAGE,MITCHELL CO SO OSAGE,County,IA,2022,5842,7,2,9,0,8,8,7,10,17,2.91
GA0010100,BAXLEY PD,BAXLEY PD,City,GA,2022,5016,10,1,11,1,2,3,11,3,14,2.79
UTUTCVI00,,,Other State Agency,UT,2022,0,17,3,20,0,13,13,17,16,33,
PA0300800,,,Other State Agency,PA,2022,0,1,4,5,0,3,3,1,7,8,
OH0570200,DAYTON,DAYTON,City,OH,2022,137084,299,18,317,47,42,89,346,60,406,2.96
TX0740400,,,City,TX,2022,747,2,0,2,0,0,0,2,0,2,2.68
ME0160500,SANFORD PD,SANFORD PD,City,ME,2022,22315,34,0,34,4,3,7,38,3,41,1.84
TN0750000,RUTHERFORD CO SO MURFREESBORO,RUTHERFORD CO SO MURFREESBORO,County,TN,2022,102731,229,112,341,13,91,104,242,203,445,4.33
NB0282400,METRO COMM C: DOUGLAS CO,METRO COMM C: DOUGLAS CO,University or College,NB,2022,0,20,4,24,3,0,3,23,4,27,
MA0094200,SUDBURY,SUDBURY,City,MA,2022,19314,23,5,28,5,5,10,28,10,38,1.97
WV0370100,ST MARYS PD,ST MARYS PD,City,WV,2022,1815,4,0,4,0,1,1,4,1,5,2.75
NH0071600,CONCORD PD,CONCORD PD,City,NH,2022,44305,68,5,73,13,16,29,81,21,102,2.30
SC0460700,,,University or College,SC,2022,0,2,0,2,1,0,1,3,0,3,
TX1580100,JEFFERSON PD,JEFFERSON PD,City,TX,2022,1830,5,0,5,1,1,2,6,1,7,3.83
NJ0130200,ALLENTOWN PD,ALLENTOWN PD,City,NJ,2022,1737,6,0,6,0,1,1,6,1,7,4.03
NB0900100,WAYNE PD,WAYNE PD,City,NB,2022,6056,8,2,10,1,1,2,9,3,12,1.98
MI6338900,FARMINGTON HILLS POLICE DEPARTMENT,FARMINGTON HILLS POLICE DEPARTMENT,City,MI,2022,82806,89,5,94,11,29,40,100,34,134,1.62
NY0090100,PLATTSBURGH CITY PD PLATTSBURGH,PLATTSBURGH CITY PD PLATTSBURGH,City,NY,2022,19904,34,2,36,4,5,9,38,7,45,2.26
MO0100400,UNIV OF MO: COLUMBIA,UNIV OF MO: COLUMBIA,University or College,MO,2022,0,29,9,38,7,13,20,36,22,58,
MO0240500,KEARNEY,KEARNEY,City,MO,2022,11041,17,0,17,0,1,1,17,1,18,1.63
OH0270000,GALLIA,GALLIA,County,OH,2022,25021,23,6,29,2,12,14,25,18,43,1.72
OH0850000,WAYNE,WAYNE,County,OH,2022,61796,41,15,56,9,10,19,50,25,75,1.21
IA0700000,MUSCATINE CO SO MUSCATINE,MUSCATINE CO SO MUSCATINE,County,IA,2022,12212,23,26,49,1,34,35,24,60,84,6.88
MTDI05300,BLACKFEET LAW ENFORCEMENT AGENCY,BLACKFEET LAW ENFORCEMENT AGENCY,Tribal,MT,2022,0,14,4,18,0,9,9,14,13,27,
MO0831800,,,Other,MO,2022,0,38,22,60,3,16,19,41,38,79,
GA1100200,HIRAM PD,HIRAM PD,City,GA,2022,5203,16,1,17,2,4,6,18,5,23,4.42
TX0150400,,,City,TX,2022,1128,4,0,4,1,0,1,5,0,5,4.43
OK0061000,OKEENE,OKEENE,City,OK,2022,1032,2,0,2,0,1,1,2,1,3,2.91
ND0180800,UNIV OF ND DEPT SFTY SCURITY/TRNING GRAND FORKS,UNIV OF ND DEPT SFTY SCURITY/TRNING GRAND FORKS,University or College,ND,2022,0,17,0,17,2,1,3,19,1,20,
ME0040600,POLICE DEPARTMENT UNIV OF ME,POLICE DEPARTMENT UNIV OF ME,University or College,ME,2022,0,5,0,5,0,1,1,5,1,6,
GA1050000,MURRAY CO SO CHATSWORTH,MURRAY CO SO CHATSWORTH,County,GA,2022,34502,45,19,64,5,20,25,50,39,89,2.58
NY0355000,MOUNT HOPE TOWN PD OTISVILLE,MOUNT HOPE TOWN PD OTISVILLE,City,NY,2022,6405,3,0,3,1,0,1,4,0,4,0.62
NB0400000,HALL CO SO GRAND ISLAND,HALL CO SO GRAND ISLAND,County,NB,2022,9563,27,2,29,3,10,13,30,12,42,4.39
TX1020000,HARRISON CO SO MARSHALL,HARRISON CO SO MARSHALL,County,TX,2022,40187,43,28,71,4,25,29,47,53,100,2.49
WI0310400,LUXEMBURG PD,LUXEMBURG PD,City,WI,2022,2699,1,0,1,0,0,0,1,0,1,0.37
CA0011400,E BAY REG PKS DIST DEPT OF PUB SAFETY OAKLAND,E BAY REG PKS DIST DEPT OF PUB SAFETY OAKLAND,Other,CA,2022,0,52,7,59,7,22,29,59,29,88,
AR0601600,MAUMELLE DEPARTMENT OF PUBLIC SAFETY MAUMELLE,MAUMELLE DEPARTMENT OF PUBLIC SAFETY MAUMELLE,City,AR,2022,19273,29,2,31,8,8,16,37,10,47,2.44
SC0250400,VARNVILLE PD,VARNVILLE PD,City,SC,2022,1680,7,0,7,0,1,1,7,1,8,4.76
MI5354000,LUDINGTON PD,LUDINGTON PD,City,MI,2022,7785,11,0,11,2,1,3,13,1,14,1.80
MO0530200,LEBANON,LEBANON,City,MO,2022,15143,24,2,26,5,10,15,29,12,41,2.71
TX2390000,WASHINGTON CO SO BRENHAM,WASHINGTON CO SO BRENHAM,County,TX,2022,17376,26,14,40,6,10,16,32,24,56,3.22
NY0592200,BRONXVILLE VILLAGE PD BRONXVILLE,BRONXVILLE VILLAGE PD BRONXVILLE,City,NY,2022,6444,20,0,20,1,0,1,21,0,21,3.26
CO0070300,LAFAYETTE,LAFAYETTE,City,CO,2022,31204,26,6,32,10,10,20,36,16,52,1.67
NMDI05700,ISLETA POLICE DEPARTMENT ISLETA,ISLETA POLICE DEPARTMENT ISLETA,Tribal,NM,2022,0,23,5,28,8,17,25,31,22,53,
NM0080500,,,City,NM,2022,106,1,0,1,0,0,0,1,0,1,9.43
TX2202400,SAGINAW PD,SAGINAW PD,City,TX,2022,23993,29,4,33,7,6,13,36,10,46,1.92
FL0030000,BAY CO SO PANAMA CITY,BAY CO SO PANAMA CITY,County,FL,2022,98478,196,17,213,34,54,88,230,71,301,3.06
SDDCI0000,STATE DIV CRIM INV PIERRE,STATE DIV CRIM INV PIERRE,Other State Agency,SD,2022,0,43,50,93,6,84,90,49,134,183,
TX0610500,LAKE DALLAS PD,LAKE DALLAS PD,City,TX,2022,7738,10,1,11,2,3,5,12,4,16,2.07
TX1010100,BAYTOWN PD,BAYTOWN PD,City,TX,2022,81477,142,20,162,19,38,57,161,58,219,2.69
WA0390500,YAKIMA PD,YAKIMA PD,City,WA,2022,96267,113,16,129,10,24,34,123,40,163,1.69
NJ0010100,ABSECON PD,ABSECON PD,City,NJ,2022,9153,24,1,25,2,2,4,26,3,29,3.17
PA0211800,UPPER ALLEN TWP PD MECHANICSBURG,UPPER ALLEN TWP PD MECHANICSBURG,City,PA,2022,23290,23,0,23,1,1,2,24,1,25,1.07
WV0010300,LAW ENF DIV DEPT NATRL RESOURCES PHILIPPI,LAW ENF DIV DEPT NATRL RESOURCES PHILIPPI,Other State Agency,WV,2022,0,1,0,1,0,0,0,1,0,1,
TX1000100,KOUNTZE PD,KOUNTZE PD,City,TX,2022,2371,5,0,5,0,1,1,5,1,6,2.53
NC0550100,LINCOLNTON PD,LINCOLNTON PD,City,NC,2022,11651,28,0,28,6,3,9,34,3,37,3.18
VA0850200,MOUNT JACKSON PD,MOUNT JACKSON PD,City,VA,2022,2010,3,0,3,3,0,3,6,0,6,2.99
IA0250200,ADEL PD,ADEL PD,City,IA,2022,6377,11,0,11,0,1,1,11,1,12,1.88
KY0730100,PADUCAH PD,PADUCAH PD,City,KY,2022,26050,70,0,70,9,8,17,79,8,87,3.34
MT0160500,MANHATTAN PD,MANHATTAN PD,City,MT,2022,2154,5,0,5,0,0,0,5,0,5,2.32
NH0052800,FRANCONIA PD,FRANCONIA PD,City,NH,2022,1101,3,0,3,1,0,1,4,0,4,3.63
CT0005100,FAIRFIELD PD,FAIRFIELD PD,City,CT,2022,62270,97,6,103,12,13,25,109,19,128,2.06
GA0602100,METRO ATLANTA RAPID TRANSIT AUTH PD ATLANTA,METRO ATLANTA RAPID TRANSIT AUTH PD ATLANTA,Other,GA,2022,0,173,33,206,68,54,122,241,87,328,
IL0340300,DALLAS CITY PD,DALLAS CITY PD,City,IL,2022,791,2,0,2,1,0,1,3,0,3,3.79
NY0010100,ALBANY CITY PD ALBANY,ALBANY CITY PD ALBANY,City,NY,2022,98104,268,36,304,26,43,69,294,79,373,3.80
SC0172600,STATE TRANSPORT POLICE,STATE TRANSPORT POLICE,Other State Agency,SC,2022,0,1,0,1,0,0,0,1,0,1,
OK0551500,SPENCER,SPENCER,City,OK,2022,3890,5,0,5,0,1,1,5,1,6,1.54
OH0230300,BALTIMORE,BALTIMORE,City,OH,2022,2993,4,0,4,2,0,2,6,0,6,2.00
SC0350000,MARLBORO CO SO BENNETTSVILLE,MARLBORO CO SO BENNETTSVILLE,County,SC,2022,16839,26,8,34,5,10,15,31,18,49,2.91
MO1070600,MERRIAM WOODS,MERRIAM WOODS,City,MO,2022,2025,2,0,2,0,0,0,2,0,2,0.99
OH0770300,CUYAHOGA FALLS,CUYAHOGA FALLS,City,OH,2022,50607,66,2,68,8,14,22,74,16,90,1.78
NC0850300,KING PD,KING PD,City,NC,2022,7213,22,0,22,3,3,6,25,3,28,3.88
GA0330000,COBB CO SO MARIETTA,COBB CO SO MARIETTA,County,GA,2022,0,387,84,471,105,204,309,492,288,780,
AR0670100,DE QUEEN PD,DE QUEEN PD,City,AR,2022,6069,15,0,15,1,2,3,16,2,18,2.97
KY0070200,PINEVILLE PD,PINEVILLE PD,City,KY,2022,1650,6,0,6,0,0,0,6,0,6,3.64
WV0420100,ELKINS PD,ELKINS PD,City,WV,2022,6865,13,1,14,0,1,1,13,2,15,2.18
MO1090000,VERNON,VERNON,County,MO,2022,11351,16,12,28,1,24,25,17,36,53,4.67
TN0430300,MC EWEN PD,MC EWEN PD,City,TN,2022,1735,3,0,3,0,0,0,3,0,3,1.73
TN0580100,SOUTH PITTSBURG PD,SOUTH PITTSBURG PD,City,TN,2022,3065,6,0,6,2,0,2,8,0,8,2.61
WI0490000,POLK CO SO BALSAM LAKE,POLK CO SO BALSAM LAKE,County,WI,2022,35720,28,19,47,4,28,32,32,47,79,2.21
IL0190700,CORTLAND PD,CORTLAND PD,City,IL,2022,4404,5,0,5,1,0,1,6,0,6,1.36
OR0201300,,,University or College,OR,2022,0,16,14,30,2,5,7,18,19,37,
NJ0072200,WEST ORANGE PD,WEST ORANGE PD,City,NJ,2022,47722,90,6,96,6,7,13,96,13,109,2.28
GA0800000,JEFF DAVIS CO SO HAZLEHURST,JEFF DAVIS CO SO HAZLEHURST,County,GA,2022,10941,14,6,20,1,16,17,15,22,37,3.38
VA0190000,CHARLES CITY COUNTY SO CHARLES CITY,CHARLES CITY COUNTY SO CHARLES CITY,County,VA,2022,6480,9,1,10,3,6,9,12,7,19,2.93
TX0270100,BURNET PD,BURNET PD,City,TX,2022,6861,17,0,17,4,3,7,21,3,24,3.50
FL0502000,LANTANA PD,LANTANA PD,City,FL,2022,12650,25,4,29,7,6,13,32,10,42,3.32
CA0540000,TULARE CO SO VISALIA,TULARE CO SO VISALIA,County,CA,2022,134992,418,57,475,84,153,237,502,210,712,5.27
VA0820300,DAYTON PD,DAYTON PD,City,VA,2022,1721,6,0,6,0,0,0,6,0,6,3.49
MA0140100,ASHBURNHAM PD,ASHBURNHAM PD,City,MA,2022,6402,14,0,14,1,4,5,15,4,19,2.97
NB0380000,GRANT CO SO HYANNIS,GRANT CO SO HYANNIS,County,NB,2022,550,1,0,1,0,0,0,1,0,1,1.82
SC0260000,HORRY CO SO CONWAY,HORRY CO SO CONWAY,County,SC,2022,0,59,7,66,11,14,25,70,21,91,
IL0500700,OTTAWA PD,OTTAWA PD,City,IL,2022,18696,32,5,37,3,10,13,35,15,50,2.67
ID0380100,FRUITLAND PD,FRUITLAND PD,City,ID,2022,6823,12,2,14,1,2,3,13,4,17,2.49
UT0110000,IRON CO SO CEDAR CITY,IRON CO SO CEDAR CITY,County,UT,2022,12082,34,35,69,1,18,19,35,53,88,7.28
TX1940000,RED RIVER CO SO CLARKSVILLE,RED RIVER CO SO CLARKSVILLE,County,TX,2022,7745,9,4,13,1,13,14,10,17,27,3.49
KY0820200,MULDRAUGH PD,MULDRAUGH PD,City,KY,2022,1028,3,0,3,0,0,0,3,0,3,2.92
TX0610700,PILOT POINT PD,PILOT POINT PD,City,TX,2022,4892,11,0,11,2,1,3,13,1,14,2.86
KY1180000,WHITLEY CO SO WILLIAMSBURG,WHITLEY CO SO WILLIAMSBURG,County,KY,2022,25821,13,5,18,0,2,2,13,7,20,0.77
FL0063000,PEMBROKE PARK PD,PEMBROKE PARK PD,City,FL,2022,6151,25,1,26,8,3,11,33,4,37,6.02
TX1391000,RENO POLICE DEPARTMENT,RENO POLICE DEPARTMENT,City,TX,2022,3457,5,0,5,0,1,1,5,1,6,1.74
CO0210200,FOUNTAIN,FOUNTAIN,City,CO,2022,29447,49,1,50,11,6,17,60,7,67,2.28
IL0591000,VIRDEN PD,VIRDEN PD,City,IL,2022,3159,5,3,8,0,1,1,5,4,9,2.85
FL0550000,ST JOHNS CO SO ST AUGUSTINE,ST JOHNS CO SO ST AUGUSTINE,County,FL,2022,290350,323,57,380,44,147,191,367,204,571,1.97
IL0740300,MONTICELLO PD,MONTICELLO PD,City,IL,2022,5992,5,0,5,0,1,1,5,1,6,1.00
PA0027600,LEETSDALE PD,LEETSDALE PD,City,PA,2022,1141,5,0,5,0,0,0,5,0,5,4.38
MI7582200,WHITE PIGEON PD,WHITE PIGEON PD,City,MI,2022,1709,3,0,3,1,0,1,4,0,4,2.34
AL0050600,LOXLEY PD,LOXLEY PD,City,AL,2022,4510,18,4,22,0,5,5,18,9,27,5.99
NC0650400,KURE BEACH PD,KURE BEACH PD,City,NC,2022,2134,11,0,11,1,1,2,12,1,13,6.09
PA0260800,WASHINGTON TWP POLICE DEPT BELLE VERNON,WASHINGTON TWP POLICE DEPT BELLE VERNON,City,PA,2022,3764,3,0,3,0,0,0,3,0,3,0.80
AL0140000,CHILTON CO SO CLANTON,CHILTON CO SO CLANTON,County,AL,2022,31380,32,11,43,5,18,23,37,29,66,2.10
SC028FC00,FC: KERSHAW COUNTY,FC: KERSHAW COUNTY,Other State Agency,SC,2022,0,2,0,2,0,0,0,2,0,2,
UT0250100,AMERICAN FORK PD,AMERICAN FORK PD,City,UT,2022,45310,45,1,46,6,6,12,51,7,58,1.28
FL0460300,NICEVILLE PD,NICEVILLE PD,City,FL,2022,16130,19,5,24,4,6,10,23,11,34,2.11
CA0191300,CLAREMONT PD,CLAREMONT PD,City,CA,2022,35068,29,10,39,7,17,24,36,27,63,1.80
OHCLP0000,CLEVELAND,CLEVELAND,City,OH,2022,363764,1083,38,1121,225,163,388,1308,201,1509,4.15
FL0641200,PORT ORANGE PD,PORT ORANGE PD,City,FL,2022,64037,72,8,80,8,17,25,80,25,105,1.64
WI0136800,BELLEVILLE PD,BELLEVILLE PD,City,WI,2022,2614,3,0,3,3,1,4,6,1,7,2.68
PA0022900,AVALON PD,AVALON PD,City,PA,2022,4639,6,0,6,0,0,0,6,0,6,1.29
KY0520200,EMINENCE PD,EMINENCE PD,City,KY,2022,2702,8,0,8,0,0,0,8,0,8,2.96
MN0270400,CRYSTAL PD,CRYSTAL PD,City,MN,2022,22175,31,1,32,3,5,8,34,6,40,1.80
MN0273100,CORCORAN PD,CORCORAN PD,City,MN,2022,7295,10,0,10,1,3,4,11,3,14,1.92
MS0640100,MAGEE PD,MAGEE PD,City,MS,2022,3849,15,0,15,0,6,6,15,6,21,5.46
NC0160000,CARTERET CO SO BEAUFORT,CARTERET CO SO BEAUFORT,County,NC,2022,41467,61,29,90,7,16,23,68,45,113,2.73
AL0610400,LINCOLN PD,LINCOLN PD,City,AL,2022,7256,14,0,14,2,2,4,16,2,18,2.48
KY1050100,GEORGETOWN PD,GEORGETOWN PD,City,KY,2022,38213,59,2,61,2,4,6,61,6,67,1.75
GA0350100,MOULTRIE PD,MOULTRIE PD,City,GA,2022,14454,31,2,33,2,4,6,33,6,39,2.70
NY0022400,BOLIVAR VILLAGE PD BOLIVAR,BOLIVAR VILLAGE PD BOLIVAR,City,NY,2022,1023,1,0,1,0,0,0,1,0,1,0.98
WA0140100,ABERDEEN PD,ABERDEEN PD,City,WA,2022,17338,34,7,41,1,9,10,35,16,51,2.94
NY0357400,MONTGOMERY TOWN PD,MONTGOMERY TOWN PD,City,NY,2022,9563,10,0,10,3,3,6,13,3,16,1.67
MS0410700,GUNTOWN,GUNTOWN,City,MS,2022,2416,4,0,4,1,0,1,5,0,5,2.07
TX0290300,SEADRIFT PD,SEADRIFT PD,City,TX,2022,997,3,0,3,0,0,0,3,0,3,3.01
MN0610200,,,City,MN,2022,1382,3,0,3,1,0,1,4,0,4,2.89
NH0062000,GREENVILLE,GREENVILLE,City,NH,2022,1970,3,0,3,0,0,0,3,0,3,1.52
AL0210300,REPTON,REPTON,City,AL,2022,230,1,0,1,0,1,1,1,1,2,8.70
NY0180000,GENESEE CO SHERIFF'S DEPARTMENT BATAVIA,GENESEE CO SHERIFF'S DEPARTMENT BATAVIA,County,NY,2022,38053,48,12,60,3,17,20,51,29,80,2.10
IN0450000,LAKE CO SO CROWN POINT,LAKE CO SO CROWN POINT,County,IN,2022,50442,146,153,299,18,114,132,164,267,431,8.54
KY0420000,GRAVES CO SO MAYFIELD,GRAVES CO SO MAYFIELD,County,KY,2022,26729,17,0,17,1,3,4,18,3,21,0.79
NY0572100,CAMBRIDGE VILLAGE PD CAMBRIDGE,CAMBRIDGE VILLAGE PD CAMBRIDGE,City,NY,2022,1799,3,0,3,0,0,0,3,0,3,1.67
TX2200700,DALWORTHINGTON PD ARLINGTON,DALWORTHINGTON PD ARLINGTON,City,TX,2022,2260,9,2,11,0,4,4,9,6,15,6.64
TN0540300,ETOWAH,ETOWAH,City,TN,2022,3668,8,0,8,1,1,2,9,1,10,2.73
MA0112400,WALPOLE PD,WALPOLE PD,City,MA,2022,26829,42,5,47,5,6,11,47,11,58,2.16
CT0000400,AVON PD,AVON PD,City,CT,2022,18806,30,5,35,3,4,7,33,9,42,2.23
TX2090000,SHACKELFORD CO SO ALBANY,SHACKELFORD CO SO ALBANY,County,TX,2022,3325,6,2,8,0,9,9,6,11,17,5.11
PA0151400,WEST GOSHEN TWP PD WEST CHESTER,WEST GOSHEN TWP PD WEST CHESTER,City,PA,2022,23293,28,0,28,3,4,7,31,4,35,1.50
TX0080900,ISD: SEALY,ISD: SEALY,Other,TX,2022,0,4,0,4,1,0,1,5,0,5,
VA1090100,MARY WASHINGTON COLLEGE PD FREDERICKSBURG,MARY WASHINGTON COLLEGE PD FREDERICKSBURG,University or College,VA,2022,0,10,4,14,3,2,5,13,6,19,
TX0220100,ALPINE PD,ALPINE PD,City,TX,2022,5757,6,4,10,2,2,4,8,6,14,2.43
NY0592400,ARDSLEY VILLAGE PD ARDSLEY,ARDSLEY VILLAGE PD ARDSLEY,City,NY,2022,4944,18,0,18,2,0,2,20,0,20,4.05
MD0150200,CHESTERTOWN PD,CHESTERTOWN PD,City,MD,2022,5638,8,0,8,1,1,2,9,1,10,1.77
GA0610100,ELLIJAY PD,ELLIJAY PD,City,GA,2022,1861,11,0,11,0,1,1,11,1,12,6.45
MS0370100,PURVIS PD,PURVIS PD,City,MS,2022,1951,11,0,11,0,2,2,11,2,13,6.66
GA0330300,MARIETTA PD,MARIETTA PD,City,GA,2022,62059,110,16,126,18,22,40,128,38,166,2.67
OK0690000,STEPHENS,STEPHENS,County,OK,2022,14281,17,0,17,2,4,6,19,4,23,1.61
SC0020100,AIKEN PD,AIKEN PD,City,SC,2022,31985,67,10,77,22,13,35,89,23,112,3.50
PA0670900,WEST MANCHESTER TWP PD YORK,WEST MANCHESTER TWP PD YORK,City,PA,2022,19161,28,0,28,0,4,4,28,4,32,1.67
GA0310500,RIVERDALE PD,RIVERDALE PD,City,GA,2022,14771,30,0,30,2,9,11,32,9,41,2.78
IA0310400,,,City,IA,2022,6005,6,0,6,0,0,0,6,0,6,1.00
TX1011200,JERSEY VILLAGE PD HOUSTON,JERSEY VILLAGE PD HOUSTON,City,TX,2022,7575,25,0,25,1,3,4,26,3,29,3.83
MI3267400,PORT AUSTIN PD,PORT AUSTIN PD,City,MI,2022,659,2,0,2,0,0,0,2,0,2,3.03
NC0010500,HAW RIVER PD HAW RIVER,HAW RIVER PD HAW RIVER,City,NC,2022,2271,10,0,10,0,0,0,10,0,10,4.40
TN0440100,GAINESBORO PD,GAINESBORO PD,City,TN,2022,913,3,0,3,1,0,1,4,0,4,4.38
FL0640500,CITY OF DAYTONA BEACH SHORES DPS,CITY OF DAYTONA BEACH SHORES DPS,City,FL,2022,5251,17,3,20,5,6,11,22,9,31,5.90
AZ0010000,APACHE CO SO ST JOHNS,APACHE CO SO ST JOHNS,County,AZ,2022,55677,13,3,16,2,9,11,15,12,27,0.48
MN0650400,,,City,MN,2022,1286,3,0,3,0,0,0,3,0,3,2.33
CA0540200,EXETER PD,EXETER PD,City,CA,2022,10318,11,1,12,2,2,4,13,3,16,1.55
NJ0151900,MANTOLOKING PD,MANTOLOKING PD,City,NJ,2022,324,8,0,8,1,1,2,9,1,10,30.86
MO0250200,GOWER,GOWER,City,MO,2022,1511,2,0,2,0,0,0,2,0,2,1.32
MI6171000,ROOSEVELT PARK PD ROOSEVELT PARK,ROOSEVELT PARK PD ROOSEVELT PARK,City,MI,2022,4186,5,0,5,0,2,2,5,2,7,1.67
OK0160700,,,City,OK,2022,1171,1,0,1,0,0,0,1,0,1,0.85
NB0190100,SCHUYLER PD,SCHUYLER PD,City,NB,2022,6476,10,0,10,0,2,2,10,2,12,1.85
MI3392600,MERIDIAN TOWNSHIP PUBLIC SAFETY,MERIDIAN TOWNSHIP PUBLIC SAFETY,City,MI,2022,44038,26,0,26,9,4,13,35,4,39,0.89
FL0310300,VERO BEACH PD,VERO BEACH PD,City,FL,2022,17038,48,5,53,7,16,23,55,21,76,4.46
TX1010200,BELLAIRE PD,BELLAIRE PD,City,TX,2022,16783,31,5,36,7,12,19,38,17,55,3.28
SC0041100,,,University or College,SC,2022,0,9,0,9,2,3,5,11,3,14,
FL0370000,LEON CO SOTALLAHASSEE,LEON CO SOTALLAHASSEE,County,FL,2022,98654,264,46,310,49,92,141,313,138,451,4.57
MI7317300,SAGINAW CO SO SAGINAW,SAGINAW CO SO SAGINAW,County,MI,2022,41308,51,1,52,3,5,8,54,6,60,1.45
MN0510100,,,City,MN,2022,1393,1,0,1,1,0,1,2,0,2,1.44
AL0280500,POWELL PD POWELL,POWELL PD POWELL,City,AL,2022,885,4,0,4,0,0,0,4,0,4,4.52
OH0051100,HOCKING COLLEGE,HOCKING COLLEGE,University or College,OH,2022,0,3,0,3,1,2,3,4,2,6,
VA1000000,BRISTOL PD,BRISTOL PD,City,VA,2022,16909,49,3,52,5,18,23,54,21,75,4.44
MI4693500,MADISON TWP PD ADRIAN,MADISON TWP PD ADRIAN,City,MI,2022,8404,5,0,5,0,0,0,5,0,5,0.59
WV0050300,LAW ENF DIV DEPT NATRL RESOURCES CAMERON,LAW ENF DIV DEPT NATRL RESOURCES CAMERON,Other State Agency,WV,2022,0,1,0,1,0,0,0,1,0,1,
NJ0080900,LOGAN TWP PD BRIDGEPORT,LOGAN TWP PD BRIDGEPORT,City,NJ,2022,6103,20,0,20,3,1,4,23,1,24,3.93
WV0170800,LUMBERPORT PD,LUMBERPORT PD,City,WV,2022,701,2,0,2,0,0,0,2,0,2,2.85
IL0600000,MADISON CO SO EDWARDSVILLE,MADISON CO SO EDWARDSVILLE,County,IL,2022,75636,77,44,121,5,38,43,82,82,164,2.17
NJ0032900,PEMBERTON PD,PEMBERTON PD,City,NJ,2022,1363,6,0,6,0,0,0,6,0,6,4.40
MA0050700,GEORGETOWN PD,GEORGETOWN PD,City,MA,2022,8409,10,3,13,3,2,5,13,5,18,2.14
PA0022400,SEWICKLEY HEIGHTS PD SEWICKLEY,SEWICKLEY HEIGHTS PD SEWICKLEY,City,PA,2022,833,3,0,3,1,0,1,4,0,4,4.80
OH0431100,WICKLIFFE,WICKLIFFE,City,OH,2022,12622,27,1,28,3,8,11,30,9,39,3.09
NJ0041800,HADDON HEIGHTS PD,HADDON HEIGHTS PD,City,NJ,2022,7461,14,0,14,1,1,2,15,1,16,2.14
KS0010100,HUMBOLDT PD,HUMBOLDT PD,City,KS,2022,1822,3,0,3,2,2,4,5,2,7,3.84
NJ0031500,FLORENCE TWP PD FLORENCE,FLORENCE TWP PD FLORENCE,City,NJ,2022,12747,29,1,30,2,1,3,31,2,33,2.59
OK0420300,CRESCENT,CRESCENT,City,OK,2022,1355,4,0,4,0,2,2,4,2,6,4.43
OR026140X,LIQUOR COMM: MULTNOMAH C,LIQUOR COMM: MULTNOMAH C,Other State Agency,OR,2022,0,17,0,17,8,0,8,25,0,25,
OK0551000,CHOCTAW,CHOCTAW,City,OK,2022,12228,12,0,12,4,1,5,16,1,17,1.39
TX0151700,UNIVERSITY OF TEXAS HEALTH SCIENCE CENTER PD,UNIVERSITY OF TEXAS HEALTH SCIENCE CENTER PD,University or College,TX,2022,0,27,33,60,6,22,28,33,55,88,
OK0530100,NOWATA,NOWATA,City,OK,2022,3480,5,1,6,1,2,3,6,3,9,2.59
GA0750500,HENRY COUNTY POLICE DEPARTMENT,HENRY COUNTY POLICE DEPARTMENT,County,GA,2022,170245,214,5,219,29,42,71,243,47,290,1.70
TX0153600,,,Other,TX,2022,0,79,13,92,15,8,23,94,21,115,
CO0510100,PUEBLO,PUEBLO,City,CO,2022,112618,176,9,185,24,47,71,200,56,256,2.27
MN0191000,APPLE VALLEY PD,APPLE VALLEY PD,City,MN,2022,55145,41,0,41,9,8,17,50,8,58,1.05
GA1190300,TALLULAH FALLS PD,TALLULAH FALLS PD,City,GA,2022,201,0,0,0,1,0,1,1,0,1,4.98
VA0920000,TAZEWELL CO SO TAZEWELL,TAZEWELL CO SO TAZEWELL,County,VA,2022,23862,49,7,56,8,18,26,57,25,82,3.44
MI7386300,BRIDGEPORT TWP PD BRIDGEPORT,BRIDGEPORT TWP PD BRIDGEPORT,City,MI,2022,9975,7,0,7,2,1,3,9,1,10,1.00
TN0450400,NEW MARKET POLICE DEPARTMENT,NEW MARKET POLICE DEPARTMENT,City,TN,2022,1369,2,1,3,0,0,0,2,1,3,2.19
CA0070500,EL CERRITO PD,EL CERRITO PD,City,CA,2022,25718,20,5,25,3,4,7,23,9,32,1.24
TN0310400,MONTEAGLE POLICE DEPARTMENT MONTEAGLE,MONTEAGLE POLICE DEPARTMENT MONTEAGLE,City,TN,2022,1375,7,0,7,0,0,0,7,0,7,5.09
AR0602400,,,University or College,AR,2022,0,9,0,9,2,1,3,11,1,12,
PA0674500,CO DETECTIVE BU YORK,CO DETECTIVE BU YORK,Other,PA,2022,0,16,1,17,2,2,4,18,3,21,
MA011309E,,,University or College,MA,2022,0,13,4,17,6,5,11,19,9,28,
KS1050400,KANSAS UNIV MEDICAL CENTER POLICE DEPARTMENT,KANSAS UNIV MEDICAL CENTER POLICE DEPARTMENT,University or College,KS,2022,0,52,103,155,4,33,37,56,136,192,
OH0780800,CORTLAND,CORTLAND,City,OH,2022,7090,10,0,10,1,1,2,11,1,12,1.69
PA0520300,CO DETECTIVE BU MILFORD,CO DETECTIVE BU MILFORD,Other,PA,2022,0,2,0,2,2,0,2,4,0,4,
MI8257200,MELVINDALE PD,MELVINDALE PD,City,MI,2022,12524,14,0,14,3,1,4,17,1,18,1.44
IL0163200,EVANSTON PD,EVANSTON PD,City,IL,2022,76259,102,18,120,29,29,58,131,47,178,2.33
NC0840100,ALBEMARLE PD,ALBEMARLE PD,City,NC,2022,16819,32,8,40,5,7,12,37,15,52,3.09
MO1050500,KIMBERLING CITY,KIMBERLING CITY,City,MO,2022,2385,3,0,3,2,0,2,5,0,5,2.10
TN0490400,GATES PD,GATES PD,City,TN,2022,661,4,0,4,1,0,1,5,0,5,7.56
GA0190000,CALHOUN CO SO MORGAN,CALHOUN CO SO MORGAN,County,GA,2022,2802,8,3,11,0,5,5,8,8,16,5.71
WI0030300,CHETEK PD,CHETEK PD,City,WI,2022,2160,2,0,2,2,1,3,4,1,5,2.31
NVDI06300,ELKO BAND LAW ENFORCEMENT,ELKO BAND LAW ENFORCEMENT,Tribal,NV,2022,0,3,0,3,0,0,0,3,0,3,
AZ0131400,SEDONA POLICE DEPARTMENT,SEDONA POLICE DEPARTMENT,City,AZ,2022,9829,19,3,22,5,10,15,24,13,37,3.76
TX2460100,FLORENCE PD,FLORENCE PD,City,TX,2022,1218,5,0,5,0,0,0,5,0,5,4.11
GA0280700,CHEROKEE CAMPUS PD CANTON,CHEROKEE CAMPUS PD CANTON,Other,GA,2022,0,19,3,22,6,2,8,25,5,30,
WI0290200,MAUSTON PD,MAUSTON PD,City,WI,2022,4294,10,0,10,0,2,2,10,2,12,2.79
VA0750200,MANASSAS PARK PD,MANASSAS PARK PD,City,VA,2022,16923,23,1,24,6,8,14,29,9,38,2.25
CA0250000,MODOC CO SO ALTURAS,MODOC CO SO ALTURAS,County,CA,2022,5982,11,11,22,0,8,8,11,19,30,5.02
RIRSP0200,SP CHEPACHET,SP CHEPACHET,State Police,RI,2022,0,31,0,31,1,0,1,32,0,32,
MO0920500,WENTZVILLE,WENTZVILLE,City,MO,2022,46018,70,7,77,12,13,25,82,20,102,2.22
PA0040500,BEAVER FALLS PD,BEAVER FALLS PD,City,PA,2022,10095,17,0,17,2,2,4,19,2,21,2.08
MD0023C00,DPSCS INTERNAL INVEST UN,DPSCS INTERNAL INVEST UN,Other State Agency,MD,2022,0,74,29,103,9,18,27,83,47,130,
TX1880100,AMARILLO PD,AMARILLO PD,City,TX,2022,201572,301,27,328,41,53,94,342,80,422,2.09
CA0371000,OCEANSIDE PD,OCEANSIDE PD,City,CA,2022,171844,181,7,188,22,72,94,203,79,282,1.64
MI3245600,HARBOR BEACH PD,HARBOR BEACH PD,City,MI,2022,1589,4,0,4,0,0,0,4,0,4,2.52
NV0070000,HUMBOLT COUNTY SHERIFF'S OFFICE,HUMBOLT COUNTY SHERIFF'S OFFICE,County,NV,2022,9266,33,2,35,5,20,25,38,22,60,6.48
OR0360500,CARLTON,CARLTON,City,OR,2022,2243,4,0,4,0,0,0,4,0,4,1.78
WI0250800,AVOCA PD,AVOCA PD,City,WI,2022,556,1,0,1,0,0,0,1,0,1,1.80
CO0450000,OTERO,OTERO,County,CO,2022,5839,9,4,13,0,6,6,9,10,19,3.25
TN0020200,WARTRACE PD,WARTRACE PD,City,TN,2022,674,1,0,1,0,0,0,1,0,1,1.48
OH0670000,PORTAGE,PORTAGE,County,OH,2022,69516,72,47,119,12,45,57,84,92,176,2.53
PA0351700,MAYFIELD PD,MAYFIELD PD,City,PA,2022,1753,2,0,2,0,0,0,2,0,2,1.14
FL0480400,ORLANDO PD,ORLANDO PD,City,FL,2022,310713,672,71,743,118,169,287,790,240,1030,3.31
AZ0010100,EAGAR PD,EAGAR PD,City,AZ,2022,4448,6,0,6,0,1,1,6,1,7,1.57
FL0450100,FERNANDINA BEACH PD,FERNANDINA BEACH PD,City,FL,2022,13381,32,2,34,5,3,8,37,5,42,3.14
NJ0026100,TENAFLY PD,TENAFLY PD,City,NJ,2022,15109,33,3,36,1,2,3,34,5,39,2.58
IA0660100,OSAGE PD,OSAGE PD,City,IA,2022,3528,6,0,6,0,1,1,6,1,7,1.98
KS0730000,PAWNEE CO SO LARNED,PAWNEE CO SO LARNED,County,KS,2022,2607,11,0,11,0,1,1,11,1,12,4.60
NC0390300,CREEDMOOR PD,CREEDMOOR PD,City,NC,2022,5095,14,0,14,2,4,6,16,4,20,3.93
KY0920400,CENTERTOWN POLICE DEPARTMENT,CENTERTOWN POLICE DEPARTMENT,City,KY,2022,414,1,0,1,0,0,0,1,0,1,2.42
TX1270000,JONES COUNTY SHERIFFS OFFICE,JONES COUNTY SHERIFFS OFFICE,County,TX,2022,7059,7,13,20,1,14,15,8,27,35,4.96
NB0650100,SUPERIOR PD,SUPERIOR PD,City,NB,2022,1791,0,0,0,1,0,1,1,0,1,0.56
CA0240200,DOS PALOS PD,DOS PALOS PD,City,CA,2022,5793,8,1,9,2,4,6,10,5,15,2.59
VA1221000,DEPT CONSERV & RECREA LAW ENFOR DIV ST PARKS,DEPT CONSERV & RECREA LAW ENFOR DIV ST PARKS,Other State Agency,VA,2022,0,82,0,82,11,0,11,93,0,93,
KS0110300,BAXTER SPRINGS PD,BAXTER SPRINGS PD,City,KS,2022,3826,9,1,10,1,1,2,10,2,12,3.14
VA0030000,ALLEGHANY CO SO COVINGTON,ALLEGHANY CO SO COVINGTON,County,VA,2022,11431,42,1,43,11,19,30,53,20,73,6.39
MOKPD0000,KANSAS CITY,KANSAS CITY,City,MO,2022,508856,954,182,1136,165,323,488,1119,505,1624,3.19
IL1010300,PECATONICA PD,PECATONICA PD,City,IL,2022,2044,3,0,3,0,0,0,3,0,3,1.47
TN0472200,,,University or College,TN,2022,0,13,1,14,2,2,4,15,3,18,
MN0820700,COTTAGE GROVE PD,COTTAGE GROVE PD,City,MN,2022,40871,40,0,40,4,8,12,44,8,52,1.27
NC0930000,WARREN CO SO WARRENTON,WARREN CO SO WARRENTON,County,NC,2022,17211,23,12,35,3,19,22,26,31,57,3.31
SC0320100,BATESBURG LEESVILLE POLICE DEPARTMENT,BATESBURG LEESVILLE POLICE DEPARTMENT,City,SC,2022,5249,14,5,19,4,3,7,18,8,26,4.95
TX2420000,WHEELER CO SO WHEELER,WHEELER CO SO WHEELER,County,TX,2022,3157,12,2,14,0,17,17,12,19,31,9.82
AR0700100,EL DORADO PD,EL DORADO PD,City,AR,2022,17037,41,1,42,7,15,22,48,16,64,3.76
IL0167500,NORTHBROOK PD,NORTHBROOK PD,City,IL,2022,34039,58,9,67,8,18,26,66,27,93,2.73
MI6351100,LAKE ANGELUS PD,LAKE ANGELUS PD,City,MI,2022,290,1,0,1,0,0,0,1,0,1,3.45
GA0140000,BROOKS CO SO QUITMAN,BROOKS CO SO QUITMAN,County,GA,2022,11501,22,6,28,1,15,16,23,21,44,3.83
GA0810200,WADLEY PD,WADLEY PD,City,GA,2022,1606,4,1,5,0,0,0,4,1,5,3.11
ND0070500,POWERS LAKE PD,POWERS LAKE PD,City,ND,2022,377,1,0,1,0,0,0,1,0,1,2.65
NY0250000,LIVINGSTON CO SHERIFF'S DEPARTMENT GENESEO,LIVINGSTON CO SHERIFF'S DEPARTMENT GENESEO,County,NY,2022,38597,47,0,47,5,5,10,52,5,57,1.48
CO0620200,GREELEY,GREELEY,City,CO,2022,109258,134,18,152,17,40,57,151,58,209,1.91
NV0020400,BOULDER CITY PD,BOULDER CITY PD,City,NV,2022,14848,34,4,38,3,12,15,37,16,53,3.57
OH0350000,HENRY,HENRY,County,OH,2022,17103,16,2,18,2,5,7,18,7,25,1.46
SC0381400,ORANGEBURG-CALHOUN TEC C,ORANGEBURG-CALHOUN TEC C,University or College,SC,2022,0,3,0,3,1,0,1,4,0,4,
PA0650900,NORTH HUNTINGDON TWP PD NORTH HUNTINGDON,NORTH HUNTINGDON TWP PD NORTH HUNTINGDON,City,PA,2022,31709,28,4,32,2,2,4,30,6,36,1.14
TN0830700,SUMNER COUNTY DRUG TASK FORCE GALLATIN,SUMNER COUNTY DRUG TASK FORCE GALLATIN,Other,TN,2022,0,1,0,1,1,1,2,2,1,3,
VA0420000,HANOVER CO SO HANOVER,HANOVER CO SO HANOVER,County,VA,2022,105855,225,1,226,19,18,37,244,19,263,2.48
TX0910200,DENISON PD,DENISON PD,City,TX,2022,25828,43,3,46,4,13,17,47,16,63,2.44
WI0320800,UNIV OF WI DEPT OF SECURITY LA CROSSE,UNIV OF WI DEPT OF SECURITY LA CROSSE,University or College,WI,2022,0,10,1,11,1,4,5,11,5,16,
FL0540100,PALATKA PD,PALATKA PD,City,FL,2022,10599,23,1,24,1,3,4,24,4,28,2.64
VA0960000,WISE CO SO WISE,WISE CO SO WISE,County,VA,2022,25125,55,1,56,4,16,20,59,17,76,3.02
GA1140000,PIKE CO SO ZEBULON,PIKE CO SO ZEBULON,County,GA,2022,18401,24,8,32,2,12,14,26,20,46,2.50
OK0140000,CLEVELAND,CLEVELAND,County,OK,2022,18267,90,49,139,23,51,74,113,100,213,11.66
MN0800100,WADENA PD,WADENA PD,City,MN,2022,4339,8,0,8,1,1,2,9,1,10,2.30
TX0560000,DALLAM COUNTY SHERIFFS OFFICE,DALLAM COUNTY SHERIFFS OFFICE,County,TX,2022,1706,6,0,6,0,1,1,6,1,7,4.10
OR0140000,HOOD RIVER,HOOD RIVER,County,OR,2022,15713,21,4,25,3,21,24,24,25,49,3.12
WA0380500,WASHINGTON STATE UNIVERSITY PD PULLMAN,WASHINGTON STATE UNIVERSITY PD PULLMAN,University or College,WA,2022,0,13,1,14,4,3,7,17,4,21,
VA0690000,PAGE CO SO LURAY,PAGE CO SO LURAY,County,VA,2022,14961,53,1,54,11,7,18,64,8,72,4.81
WV0290200,PIEDMONT PD,PIEDMONT PD,City,WV,2022,701,2,0,2,0,0,0,2,0,2,2.85
NJ0024000,NORTHVALE PD,NORTHVALE PD,City,NJ,2022,4759,15,0,15,0,0,0,15,0,15,3.15
TX1083500,PALMHURST POLICE DEPARTMENT,PALMHURST POLICE DEPARTMENT,City,TX,2022,2600,13,3,16,2,3,5,15,6,21,8.08
PA0462300,SPRINGFIELD TWP PD PHILADELPHIA,SPRINGFIELD TWP PD PHILADELPHIA,City,PA,2022,20839,26,0,26,3,1,4,29,1,30,1.44
FL0210000,GILCHRIST CO SO TRENTON,GILCHRIST CO SO TRENTON,County,FL,2022,16894,41,1,42,9,10,19,50,11,61,3.61
VT0090000,ORANGE CO SO CHELSEA,ORANGE CO SO CHELSEA,County,VT,2022,23093,10,0,10,2,4,6,12,4,16,0.69
PA0351800,MOSCOW PD,MOSCOW PD,City,PA,2022,2050,2,0,2,1,0,1,3,0,3,1.46
MN0820000,WASHINGTON CO SO STILLWATER,WASHINGTON CO SO STILLWATER,County,MN,2022,75392,105,59,164,17,80,97,122,139,261,3.46
KSKHP0300,,,State Police,KS,2022,0,31,0,31,1,2,3,32,2,34,
PA0150700,NORTH COVENTRY TWP PD POTTSTOWN,NORTH COVENTRY TWP PD POTTSTOWN,City,PA,2022,8388,11,0,11,2,1,3,13,1,14,1.67
TX2410100,EL CAMPO PD,EL CAMPO PD,City,TX,2022,12235,21,3,24,5,9,14,26,12,38,3.11
WI0030000,BARRON CO SO BARRON,BARRON CO SO BARRON,County,WI,2022,29724,30,17,47,4,22,26,34,39,73,2.46
VA0850400,STRASBURG PD,STRASBURG PD,City,VA,2022,7270,14,0,14,2,2,4,16,2,18,2.48
TX0970000,HAMILTON CO SO HAMILTON,HAMILTON CO SO HAMILTON,County,TX,2022,4057,9,1,10,1,7,8,10,8,18,4.44
WA0391400,MOXEE CITY PD,MOXEE CITY PD,City,WA,2022,4408,7,0,7,0,1,1,7,1,8,1.81
OK0211600,WEST SILOAM SPRINGS,WEST SILOAM SPRINGS,City,OK,2022,989,8,0,8,1,1,2,9,1,10,10.11
PA0221700,LOWER SWATARA TWP PD MIDDLETOWN,LOWER SWATARA TWP PD MIDDLETOWN,City,PA,2022,9567,13,1,14,0,0,0,13,1,14,1.46
WA0170300,BOTHELL PD,BOTHELL PD,City,WA,2022,47407,60,9,69,10,29,39,70,38,108,2.28
NJ0200200,CLARK TWP PD CLARK,CLARK TWP PD CLARK,City,NJ,2022,15308,43,3,46,2,8,10,45,11,56,3.66
MI5951700,LAKEVIEW PD,LAKEVIEW PD,City,MI,2022,1057,2,0,2,0,0,0,2,0,2,1.89
FL0050900,ROCKLEDGE PD,ROCKLEDGE PD,City,FL,2022,28961,44,1,45,17,19,36,61,20,81,2.80
AL0060000,BARBOUR CO SO CLAYTON,BARBOUR CO SO CLAYTON,County,AL,2022,8272,15,6,21,1,12,13,16,18,34,4.11
IL0492600,VERNON HILLS PD,VERNON HILLS PD,City,IL,2022,26717,35,10,45,8,14,22,43,24,67,2.51
PA0461000,HORSHAM TWP PD HORSHAM,HORSHAM TWP PD HORSHAM,City,PA,2022,26539,33,3,36,7,4,11,40,7,47,1.77
NC0922100,ST FAIRGROUNDS PUB SAFETY DEPT OF AGRI RALEIGH,ST FAIRGROUNDS PUB SAFETY DEPT OF AGRI RALEIGH,Other State Agency,NC,2022,0,2,1,3,0,2,2,2,3,5,
IN0220100,NEW ALBANY PD,NEW ALBANY PD,City,IN,2022,37198,63,8,71,4,3,7,67,11,78,2.10
MN0390000,LAKE OF THE WOODS CO SO BAUDETTE,LAKE OF THE WOODS CO SO BAUDETTE,County,MN,2022,3893,7,1,8,0,6,6,7,7,14,3.60
NC0180600,CLAREMONT PD,CLAREMONT PD,City,NC,2022,1712,8,0,8,1,0,1,9,0,9,5.26
PA0063600,LOWER HEIDELBERG TWP PD SINKING SPRING,LOWER HEIDELBERG TWP PD SINKING SPRING,City,PA,2022,6404,7,0,7,1,1,2,8,1,9,1.41
TN0810300,DOVER PD DOVER,DOVER PD DOVER,City,TN,2022,1768,6,0,6,1,0,1,7,0,7,3.96
NC0110100,ASHEVILLE PD,ASHEVILLE PD,City,NC,2022,93729,143,20,163,22,22,44,165,42,207,2.21
MO0720600,PORTAGEVILLE,PORTAGEVILLE,City,MO,2022,2832,10,2,12,0,2,2,10,4,14,4.94
FL0640800,LAKE HELEN PD,LAKE HELEN PD,City,FL,2022,2867,6,0,6,0,1,1,6,1,7,2.44
NY0342900,CANANDAIGUA CITY PD CANANDAIGUA,CANANDAIGUA CITY PD CANANDAIGUA,City,NY,2022,10479,22,0,22,1,2,3,23,2,25,2.39
CO0180000,DOUGLAS,DOUGLAS,County,CO,2022,218547,342,59,401,60,136,196,402,195,597,2.73
AZ0140800,SAN LUIS POLICE DEPARTMENT,SAN LUIS POLICE DEPARTMENT,City,AZ,2022,38528,36,9,45,3,13,16,39,22,61,1.58
NC0250600,BRIDGETON PD,BRIDGETON PD,City,NC,2022,345,0,0,0,1,0,1,1,0,1,2.90
MO0870000,RALLS,RALLS,County,MO,2022,7921,14,0,14,0,2,2,14,2,16,2.02
NV0030000,DOUGLAS CO SO MINDEN,DOUGLAS CO SO MINDEN,County,NV,2022,50331,98,3,101,10,12,22,108,15,123,2.44
PA0362500,MANOR TWP PD LANCASTER,MANOR TWP PD LANCASTER,City,PA,2022,22003,16,0,16,3,2,5,19,2,21,0.95
SC0190200,JOHNSTON PD,JOHNSTON PD,City,SC,2022,2081,6,0,6,1,1,2,7,1,8,3.84
TX1980200,CALVERT PD,CALVERT PD,City,TX,2022,965,3,0,3,0,0,0,3,0,3,3.11
OH0313400,SPRINGFIELD TOWNSHIP,SPRINGFIELD TOWNSHIP,City,OH,2022,35363,46,1,47,3,4,7,49,5,54,1.53
PA0063100,BERN TWP POLICE DEPT READING,BERN TWP POLICE DEPT READING,City,PA,2022,6597,12,0,12,0,0,0,12,0,12,1.82
OK0700600,GOODWELL,GOODWELL,City,OK,2022,1059,1,0,1,1,0,1,2,0,2,1.89
PA0150000,CHESTER CO SO WEST CHESTER,CHESTER CO SO WEST CHESTER,County,PA,2022,0,41,8,49,9,8,17,50,16,66,
WI0700600,,,City,WI,2022,799,1,0,1,0,0,0,1,0,1,1.25
NY0310200,NIAGARA FALLS CITY PD NIAGARA FALLS,NIAGARA FALLS CITY PD NIAGARA FALLS,City,NY,2022,48129,123,2,125,23,12,35,146,14,160,3.32
MI0823400,BARRY TWP PD DELTON,BARRY TWP PD DELTON,City,MI,2022,3469,2,0,2,1,0,1,3,0,3,0.86
MA0073300,,,University or College,MA,2022,0,12,0,12,1,3,4,13,3,16,
LA0330100,TALLULAH PD,TALLULAH PD,City,LA,2022,5975,3,6,9,0,1,1,3,7,10,1.67
TX1470300,MEXIA PD,MEXIA PD,City,TX,2022,6865,10,1,11,4,1,5,14,2,16,2.33
IL0190800,DE KALB PD,DE KALB PD,City,IL,2022,40555,52,3,55,8,14,22,60,17,77,1.90
AL0260500,NEWTON PD,NEWTON PD,City,AL,2022,1615,3,0,3,1,1,2,4,1,5,3.10
VT0090400,THETFORD POLICE DEPARTMENT,THETFORD POLICE DEPARTMENT,City,VT,2022,2826,2,0,2,0,0,0,2,0,2,0.71
AR0041400,N WEST ARKANSAS COMM COLLEGE PD,N WEST ARKANSAS COMM COLLEGE PD,University or College,AR,2022,0,12,2,14,0,2,2,12,4,16,
TN0192100,DEPT OF REVENUE SPECIAL INVEST UNIT NASHVILLE,DEPT OF REVENUE SPECIAL INVEST UNIT NASHVILLE,Other State Agency,TN,2022,0,27,6,33,4,6,10,31,12,43,
MN0470100,LITCHFIELD PD,LITCHFIELD PD,City,MN,2022,6490,10,0,10,0,1,1,10,1,11,1.69
AR0620200,HUGHES,HUGHES,City,AR,2022,999,1,0,1,1,0,1,2,0,2,2.00
MN0650100,,,City,MN,2022,1235,2,0,2,0,0,0,2,0,2,1.62
AR0010500,,,City,AR,2022,196,1,0,1,0,0,0,1,0,1,5.10
TX1530200,TAHOKA PD,TAHOKA PD,City,TX,2022,2419,5,0,5,0,0,0,5,0,5,2.07
FL0580700,NEW COLLEGE OF FLORIDA POLICE DEPARTMENT,NEW COLLEGE OF FLORIDA POLICE DEPARTMENT,University or College,FL,2022,0,7,2,9,4,2,6,11,4,15,
CA0120400,FERNDALE PD,FERNDALE PD,City,CA,2022,1399,5,0,5,0,0,0,5,0,5,3.57
IA0320100,ESTHERVILLE PD,ESTHERVILLE PD,City,IA,2022,5847,9,0,9,0,0,0,9,0,9,1.54
SD0160000,CUSTER CO SO CUSTER,CUSTER CO SO CUSTER,County,SD,2022,8587,10,0,10,2,1,3,12,1,13,1.51
FL0550200,ST AUGUSTINE BEACH PD ST AUGUSTINE BEACH,ST AUGUSTINE BEACH PD ST AUGUSTINE BEACH,City,FL,2022,7100,14,0,14,2,3,5,16,3,19,2.68
WV0190100,CHARLES TOWN PD,CHARLES TOWN PD,City,WV,2022,6524,13,1,14,1,1,2,14,2,16,2.45
NC032039E,DUKE UNIVERSITY POLICE DEPARTMENT,DUKE UNIVERSITY POLICE DEPARTMENT,University or College,NC,2022,0,49,56,105,12,36,48,61,92,153,
IN0410000,JOHNSON CO SO FRANKLIN,JOHNSON CO SO FRANKLIN,County,IN,2022,47029,113,3,116,27,11,38,140,14,154,3.27
WVWSP5100,STATE POLICE UNION,STATE POLICE UNION,State Police,WV,2022,0,4,0,4,0,1,1,4,1,5,
FL0500300,BOYNTON BEACH PD,BOYNTON BEACH PD,City,FL,2022,79551,104,10,114,34,22,56,138,32,170,2.14
WI0132300,BLUE MOUNDS,BLUE MOUNDS,City,WI,2022,935,1,1,2,0,0,0,1,1,2,2.14
MS0500000,NESHOBA CO SO PHILADELPHIA,NESHOBA CO SO PHILADELPHIA,County,MS,2022,21466,16,0,16,1,3,4,17,3,20,0.93
VA0540000,LOUISA CO SO LOUISA,LOUISA CO SO LOUISA,County,VA,2022,37991,49,5,54,3,16,19,52,21,73,1.92
MI7371700,SAGINAW PD,SAGINAW PD,City,MI,2022,43651,40,2,42,5,10,15,45,12,57,1.31
NC1000000,YANCEY CO SO BURNSVILLE,YANCEY CO SO BURNSVILLE,County,NC,2022,17478,24,17,41,4,10,14,28,27,55,3.15
GA0590000,FRANKLIN CO SO CARNESVILLE,FRANKLIN CO SO CARNESVILLE,County,GA,2022,18301,35,13,48,4,11,15,39,24,63,3.44
TX0432600,CITY OF ANNA POLICE DEPARTMENT,CITY OF ANNA POLICE DEPARTMENT,City,TX,2022,23541,27,1,28,4,2,6,31,3,34,1.44
MS0630000,SHARKEY CO SO ROLLING FORK,SHARKEY CO SO ROLLING FORK,County,MS,2022,1833,4,1,5,1,3,4,5,4,9,4.91
IL1010200,LOVES PARK PD IL,LOVES PARK PD IL,City,IL,2022,23222,37,0,37,1,3,4,38,3,41,1.77
CA0370000,SAN DIEGO CO SO SAN DIEGO,SAN DIEGO CO SO SAN DIEGO,County,CA,2022,512568,1885,604,2489,458,1030,1488,2343,1634,3977,7.76
WA0174900,KENMORE POLICE DEPARTMENT,KENMORE POLICE DEPARTMENT,City,WA,2022,23107,15,1,16,1,3,4,16,4,20,0.87
MT0420000,RICHLAND CO SO SIDNEY,RICHLAND CO SO SIDNEY,County,MT,2022,4145,11,4,15,0,18,18,11,22,33,7.96
PA0650800,MOUNT PLEASANT PD,MOUNT PLEASANT PD,City,PA,2022,4185,3,0,3,1,0,1,4,0,4,0.96
MA0070100,AGAWAM PD,AGAWAM PD,City,MA,2022,28536,47,4,51,3,7,10,50,11,61,2.14
NB0530000,KIMBALL CO SO KIMBALL,KIMBALL CO SO KIMBALL,County,NB,2022,1163,2,0,2,0,6,6,2,6,8,6.88
MS0230200,BAY ST LOUIS PD,BAY ST LOUIS PD,City,MS,2022,10591,24,0,24,3,1,4,27,1,28,2.64
WVWSP4100,STATE POLICE RICHWOOD,STATE POLICE RICHWOOD,State Police,WV,2022,0,2,0,2,0,1,1,2,1,3,
SC005FC00,FC: BAMBERG COUNTY,FC: BAMBERG COUNTY,Other State Agency,SC,2022,0,1,0,1,0,0,0,1,0,1,
SC0309E00,PRESBYTERIAN COLLEGE,PRESBYTERIAN COLLEGE,University or College,SC,2022,0,3,2,5,0,1,1,3,3,6,
KY0590500,KENTON COUNTY PD INDEPENDENCE,KENTON COUNTY PD INDEPENDENCE,County,KY,2022,15814,33,0,33,1,2,3,34,2,36,2.28
ND0130200,KILLDEER PD,KILLDEER PD,City,ND,2022,892,6,0,6,0,0,0,6,0,6,6.73
WI0240500,GREEN LAKE PD,GREEN LAKE PD,City,WI,2022,995,3,3,6,1,1,2,4,4,8,8.04
OH0221000,PERKINS TOWNSHIP,PERKINS TOWNSHIP,City,OH,2022,12075,18,0,18,3,1,4,21,1,22,1.82
VA0010200,ONANCOCK PD,ONANCOCK PD,City,VA,2022,1156,4,0,4,0,0,0,4,0,4,3.46
PA0024700,WEST MIFFLIN PD,WEST MIFFLIN PD,City,PA,2022,19122,33,2,35,0,4,4,33,6,39,2.04
ME0100700,HAMPDEN PD,HAMPDEN PD,City,ME,2022,7864,9,0,9,1,1,2,10,1,11,1.40
TX0470200,DE LEON PD,DE LEON PD,City,TX,2022,2310,4,0,4,0,0,0,4,0,4,1.73
SC0260800,SURFSIDE PUBLIC SAFETY,SURFSIDE PUBLIC SAFETY,City,SC,2022,4301,15,1,16,4,4,8,19,5,24,5.58
NDBCA0000,,,Other State Agency,ND,2022,0,50,0,50,7,0,7,57,0,57,
WA0311900,LAKE STEVENS PD,LAKE STEVENS PD,City,WA,2022,36828,26,0,26,4,9,13,30,9,39,1.06
PA0022A00,FRAZER TOWNSHIP PD TARENTUM,FRAZER TOWNSHIP PD TARENTUM,City,PA,2022,1133,3,0,3,0,0,0,3,0,3,2.65
GA1170000,PUTNAM CO SO EATONTON,PUTNAM CO SO EATONTON,County,GA,2022,16550,20,2,22,16,7,23,36,9,45,2.72
KS0461000,LENEXA PD,LENEXA PD,City,KS,2022,59289,77,24,101,15,28,43,92,52,144,2.43
NY0030200,ENDICOTT VILLAGE PD ENDICOTT,ENDICOTT VILLAGE PD ENDICOTT,City,NY,2022,13397,28,0,28,4,2,6,32,2,34,2.54
LA0590000,WASHINGTON CO SO FRANKLINTON,WASHINGTON CO SO FRANKLINTON,County,LA,2022,30802,52,0,52,14,13,27,66,13,79,2.56
OH0290100,FAIRBORN,FAIRBORN,City,OH,2022,34725,47,5,52,3,14,17,50,19,69,1.99
CA0120500,FORTUNA PD,FORTUNA PD,City,CA,2022,12481,17,0,17,2,7,9,19,7,26,2.08
GA0603800,GA WORLD CONGRESS CENTER POLICE DEPT ATLANTA,GA WORLD CONGRESS CENTER POLICE DEPT ATLANTA,Other State Agency,GA,2022,0,17,3,20,2,6,8,19,9,28,
MO0262200,,,Other State Agency,MO,2022,0,14,0,14,0,3,3,14,3,17,
NJ0208900,UNION CO PROSECUTOR ELIZABETH,UNION CO PROSECUTOR ELIZABETH,Other,NJ,2022,0,56,14,70,20,78,98,76,92,168,
NH0082400,FREMONT PD,FREMONT PD,City,NH,2022,4797,5,0,5,1,1,2,6,1,7,1.46
PA0432800,,,City,PA,2022,4203,12,0,12,1,1,2,13,1,14,3.33
MO0953200,GLENDALE,GLENDALE,City,MO,2022,6104,11,0,11,0,0,0,11,0,11,1.80
NJ0070400,FAIRFIELD PD,FAIRFIELD PD,City,NJ,2022,7777,41,2,43,2,1,3,43,3,46,5.91
LA0160100,MANSFIELD PD,MANSFIELD PD,City,LA,2022,4472,11,0,11,5,5,10,16,5,21,4.70
PA0561700,INDIAN LAKE PD CENTRAL CITY,INDIAN LAKE PD CENTRAL CITY,City,PA,2022,390,1,0,1,0,0,0,1,0,1,2.56
CA0270700,PACIFIC GROVE PD,PACIFIC GROVE PD,City,CA,2022,14902,15,4,19,6,8,14,21,12,33,2.21
FL0130100,BAL HARBOUR VILLAGE PD BAL HARBOUR,BAL HARBOUR VILLAGE PD BAL HARBOUR,City,FL,2022,2945,21,0,21,4,9,13,25,9,34,11.54
SC0250300,HAMPTON PD,HAMPTON PD,City,SC,2022,2727,12,0,12,2,1,3,14,1,15,5.50
MA0093500,PEPPERELL PD,PEPPERELL PD,City,MA,2022,11600,17,0,17,0,1,1,17,1,18,1.55
KS0280200,HOLCOMB PD,HOLCOMB PD,City,KS,2022,2217,3,1,4,1,0,1,4,1,5,2.26
SC040NR00,DNR: RICHLAND COUNTY,DNR: RICHLAND COUNTY,Other State Agency,SC,2022,0,49,5,54,4,9,13,53,14,67,
TN0070100,JELLICO PD,JELLICO PD,City,TN,2022,2131,7,0,7,0,1,1,7,1,8,3.75
NY0275000,BRIGHTON TOWN PD ROCHESTER,BRIGHTON TOWN PD ROCHESTER,City,NY,2022,36380,32,1,33,7,5,12,39,6,45,1.24
PA0430800,PYMATUNING TWP PD TRANSFER,PYMATUNING TWP PD TRANSFER,City,PA,2022,3064,5,2,7,0,1,1,5,3,8,2.61
CO0190000,EAGLE,EAGLE,County,CO,2022,25509,44,3,47,5,13,18,49,16,65,2.55
ND0300200,MANDAN PD,MANDAN PD,City,ND,2022,24666,31,4,35,9,4,13,40,8,48,1.95
AL0631100,LAKE VIEW POLICE DEPARTMENT,LAKE VIEW POLICE DEPARTMENT,City,AL,2022,3709,2,0,2,2,1,3,4,1,5,1.35
FL0500000,PALM BEACH CO SO WEST PALM BEACH,PALM BEACH CO SO WEST PALM BEACH,County,FL,2022,687081,1452,774,2226,225,1195,1420,1677,1969,3646,5.31
SC0211000,FRANCIS MARION UNIVERSITY FLORENCE,FRANCIS MARION UNIVERSITY FLORENCE,University or College,SC,2022,0,8,0,8,2,3,5,10,3,13,
WI0290300,NEW LISBON PD,NEW LISBON PD,City,WI,2022,1745,4,0,4,0,0,0,4,0,4,2.29
PA0360800,MANHEIM TWP PD LANCASTER,MANHEIM TWP PD LANCASTER,City,PA,2022,62277,56,1,57,7,10,17,63,11,74,1.19
NJ0031900,MANSFIELD TWP PD COLUMBUS,MANSFIELD TWP PD COLUMBUS,City,NJ,2022,8868,14,0,14,0,2,2,14,2,16,1.80
GA1380200,VIDALIA PD,VIDALIA PD,City,GA,2022,10656,15,2,17,5,8,13,20,10,30,2.82
PA0093200,NEW BRITAIN TWP PD CHALFONT,NEW BRITAIN TWP PD CHALFONT,City,PA,2022,12330,13,0,13,1,1,2,14,1,15,1.22
MO0810100,ROLLA,ROLLA,City,MO,2022,20321,34,9,43,2,15,17,36,24,60,2.95
FL0290100,PLANT CITY PD,PLANT CITY PD,City,FL,2022,39615,60,2,62,8,14,22,68,16,84,2.12
IA0600000,LYON CO SO ROCK RAPIDS,LYON CO SO ROCK RAPIDS,County,IA,2022,12117,11,7,18,1,8,9,12,15,27,2.23
PA0141800,,,Other State Agency,PA,2022,0,4,0,4,2,0,2,6,0,6,
OK0580600,,,City,OK,2022,1112,3,0,3,1,0,1,4,0,4,3.60
SC0370100,SENECA PD,SENECA PD,City,SC,2022,8964,28,0,28,5,11,16,33,11,44,4.91
NB0740100,FALLS CITY PD,FALLS CITY PD,City,NB,2022,4032,9,0,9,0,6,6,9,6,15,3.72
WV0200600,SOUTH CHARLESTON PD,SOUTH CHARLESTON PD,City,WV,2022,13138,46,0,46,1,2,3,47,2,49,3.73
IL0660100,ALEDO PD,ALEDO PD,City,IL,2022,3602,6,0,6,0,1,1,6,1,7,1.94
MI1011000,BENZIE CO SO BEULAH,BENZIE CO SO BEULAH,County,MI,2022,17188,16,9,25,2,10,12,18,19,37,2.15
NC0780900,UNIVERSITY OF NORTH CAROLINA AT PEMBROKE,UNIVERSITY OF NORTH CAROLINA AT PEMBROKE,University or College,NC,2022,0,19,7,26,1,2,3,20,9,29,
TX2320100,UVALDE PD,UVALDE PD,City,TX,2022,15410,30,6,36,4,10,14,34,16,50,3.24
TX0460100,NEW BRAUNFELS PD,NEW BRAUNFELS PD,City,TX,2022,107017,125,8,133,9,24,33,134,32,166,1.55
CT0012600,SHELTON PD,SHELTON PD,City,CT,2022,42189,50,5,55,4,4,8,54,9,63,1.49
IL0060400,PRINCETON PD,PRINCETON PD,City,IL,2022,7630,13,0,13,2,2,4,15,2,17,2.23
TX2401100,LAREDO INDEPENDENT SCHOOL DISTRICT POLICE DEPT,LAREDO INDEPENDENT SCHOOL DISTRICT POLICE DEPT,Other,TX,2022,0,36,37,73,5,37,42,41,74,115,
NC0680300,CARRBORO PD,CARRBORO PD,City,NC,2022,21190,27,0,27,5,3,8,32,3,35,1.65
TX1071000,TOOL PD KEMP,TOOL PD KEMP,City,TX,2022,2243,3,1,4,1,3,4,4,4,8,3.57
KS0400100,NEWTON PD,NEWTON PD,City,KS,2022,18337,38,0,38,3,4,7,41,4,45,2.45
CO0622700,GARDEN CITY,GARDEN CITY,City,CO,2022,256,4,0,4,1,0,1,5,0,5,19.53
ID0280200,POST FALLS PD,POST FALLS PD,City,ID,2022,46306,42,4,46,5,17,22,47,21,68,1.47
WV0060100,BARBOURSVILLE PD,BARBOURSVILLE PD,City,WV,2022,4264,23,0,23,0,2,2,23,2,25,5.86
PA0230600,COLLINGDALE PD,COLLINGDALE PD,City,PA,2022,8775,13,0,13,0,1,1,13,1,14,1.60
ID0070200,SUN VALLEY PD,SUN VALLEY PD,City,ID,2022,1828,12,0,12,0,1,1,12,1,13,7.11
PA0095300,BEDMINSTER TWP POLICE DEPARTMENT BEDMINISTER,BEDMINSTER TWP POLICE DEPARTMENT BEDMINISTER,City,PA,2022,7514,8,0,8,0,1,1,8,1,9,1.20
TN0750400,MIDDLE TN STATE UNIV DEPT OF PUBLIC SAFETY,MIDDLE TN STATE UNIV DEPT OF PUBLIC SAFETY,University or College,TN,2022,0,32,1,33,5,9,14,37,10,47,
IL0491100,LAKE VILLA PD,LAKE VILLA PD,City,IL,2022,8649,16,0,16,1,1,2,17,1,18,2.08
WI0170600,UNIV OF WI STOUT CAMPUS POLICE MENOMONIE,UNIV OF WI STOUT CAMPUS POLICE MENOMONIE,University or College,WI,2022,0,7,1,8,2,0,2,9,1,10,
WA0210700,NAPAVINE PD,NAPAVINE PD,City,WA,2022,1999,4,0,4,0,1,1,4,1,5,2.50
WA0311300,MUKILTEO PD,MUKILTEO PD,City,WA,2022,21009,24,1,25,6,5,11,30,6,36,1.71
NY0500200,HORNELL CITY PD HORNELL,HORNELL CITY PD HORNELL,City,NY,2022,8088,22,0,22,0,1,1,22,1,23,2.84
KY1170300,CLAY PD,CLAY PD,City,KY,2022,998,1,0,1,0,0,0,1,0,1,1.00
OH0431000,WAITE HILL,WAITE HILL,City,OH,2022,530,6,0,6,1,0,1,7,0,7,13.21
CA0210000,MARIN CO SO SAN RAFAEL,MARIN CO SO SAN RAFAEL,County,CA,2022,68535,143,28,171,41,63,104,184,91,275,4.01
NJ0121300,MONROE TOWNSHIP POLICE DEPARTMENT,MONROE TOWNSHIP POLICE DEPARTMENT,City,NJ,2022,48097,63,6,69,5,15,20,68,21,89,1.85
CODPD0000,DENVER,DENVER,City,CO,2022,705264,1278,139,1417,234,180,414,1512,319,1831,2.60
IA0560100,FORT MADISON PD,FORT MADISON PD,City,IA,2022,10084,21,1,22,2,2,4,23,3,26,2.58
CT0014000,THOMASTON PD,THOMASTON PD,City,CT,2022,7449,12,3,15,1,0,1,13,3,16,2.15
PA0400100,DALLAS PD,DALLAS PD,City,PA,2022,2688,5,0,5,1,0,1,6,0,6,2.23
TN0840000,TIPTON CO SO COVINGTON,TIPTON CO SO COVINGTON,County,TN,2022,31611,58,0,58,4,4,8,62,4,66,2.09
VT0120700,,,Other State Agency,VT,2022,0,4,0,4,1,0,1,5,0,5,
IA0440100,MT PLEASANT PD,MT PLEASANT PD,City,IA,2022,8959,14,1,15,0,1,1,14,2,16,1.79
TX1160600,TEXAS A&M UNIVERSITY PD COMMERCE,TEXAS A&M UNIVERSITY PD COMMERCE,University or College,TX,2022,0,19,6,25,1,6,7,20,12,32,
WI0560100,HUDSON PD,HUDSON PD,City,WI,2022,15571,27,0,27,3,3,6,30,3,33,2.12
TX0140400,KILLEEN PD,KILLEEN PD,City,TX,2022,159546,205,11,216,32,46,78,237,57,294,1.84
NC0922700,ST PARK RANGER JORDAN LAKE ST REC AREA APEX,ST PARK RANGER JORDAN LAKE ST REC AREA APEX,Other State Agency,NC,2022,0,9,4,13,1,1,2,10,5,15,
AL0580900,STEELE PD,STEELE PD,City,AL,2022,1007,2,0,2,0,0,0,2,0,2,1.99
OK0611800,KREBS,KREBS,City,OK,2022,2085,7,0,7,1,2,3,8,2,10,4.80
CT0005400,GLASTONBURY PD,GLASTONBURY PD,City,CT,2022,35034,50,8,58,8,9,17,58,17,75,2.14
OK0551300,LUTHER,LUTHER,City,OK,2022,1491,6,0,6,1,0,1,7,0,7,4.69
NY212UN00,SUNY COLLEGE: TECHNOLOGY,SUNY COLLEGE: TECHNOLOGY,University or College,NY,2022,0,11,1,12,1,3,4,12,4,16,
NY0310100,LOCKPORT CITY PD LOCKPORT,LOCKPORT CITY PD LOCKPORT,City,NY,2022,20642,38,0,38,9,2,11,47,2,49,2.37
NJ0160700,PASSAIC PD,PASSAIC PD,City,NJ,2022,69003,137,6,143,23,18,41,160,24,184,2.67
KY1100300,GUTHRIE PD,GUTHRIE PD,City,KY,2022,1334,3,0,3,0,0,0,3,0,3,2.25
SD0390100,MADISON PD,MADISON PD,City,SD,2022,5967,14,0,14,0,1,1,14,1,15,2.51
OH0182400,HUNTING VALLEY,HUNTING VALLEY,City,OH,2022,774,11,0,11,0,0,0,11,0,11,14.21
NY0082800,TOWN OF NEW BERLIN POLICE DEPARTMENT,TOWN OF NEW BERLIN POLICE DEPARTMENT,City,NY,2022,1588,0,0,0,1,0,1,1,0,1,0.63
TXHPD0000,HOUSTON POLICE DEPARTMENT,HOUSTON POLICE DEPARTMENT,City,TX,2022,2276533,4323,429,4752,900,633,1533,5223,1062,6285,2.76
NJ0168900,PASSAIC CO PROSECUTOR PATERSON,PASSAIC CO PROSECUTOR PATERSON,Other,NJ,2022,0,49,30,79,26,66,92,75,96,171,
PA0010800,EAST BERLIN PD,EAST BERLIN PD,City,PA,2022,1544,1,1,2,0,1,1,1,2,3,1.94
MO0220000,CHRISTIAN,CHRISTIAN,County,MO,2022,39098,50,13,63,10,20,30,60,33,93,2.38
NC0780200,MAXTON PD,MAXTON PD,City,NC,2022,2110,6,1,7,0,3,3,6,4,10,4.74
RIRSP0500,SP LINCOLN,SP LINCOLN,State Police,RI,2022,0,37,0,37,3,0,3,40,0,40,
NC0760500,RANDLEMAN PD,RANDLEMAN PD,City,NC,2022,4647,14,0,14,0,0,0,14,0,14,3.01
PA0410400,SOUTH WILLIAMSPORT PD,SOUTH WILLIAMSPORT PD,City,PA,2022,7389,10,0,10,0,0,0,10,0,10,1.35
PA0480200,COLONIAL REGIONAL PD,COLONIAL REGIONAL PD,City,PA,2022,18933,23,0,23,2,2,4,25,2,27,1.43
VTVSP1100,STATE POLICE ROYALTON,STATE POLICE ROYALTON,State Police,VT,2022,17228,13,1,14,2,1,3,15,2,17,0.99
OH0312300,MONTGOMERY,MONTGOMERY,City,OH,2022,10766,18,1,19,2,2,4,20,3,23,2.14
GA0100000,BERRIEN CO SO NASHVILLE,BERRIEN CO SO NASHVILLE,County,GA,2022,10843,25,11,36,2,8,10,27,19,46,4.24
MN0272700,MAPLE GROVE PD,MAPLE GROVE PD,City,MN,2022,70935,56,5,61,13,12,25,69,17,86,1.21
MI6769400,REED CITY PD,REED CITY PD,City,MI,2022,2518,4,0,4,0,1,1,4,1,5,1.99
PA0100200,BUTLER TWP PD LYNDORA,BUTLER TWP PD LYNDORA,City,PA,2022,16814,20,0,20,1,2,3,21,2,23,1.37
TX2250100,MOUNT PLEASANT PD,MOUNT PLEASANT PD,City,TX,2022,16044,28,4,32,5,9,14,33,13,46,2.87
TN0110000,CHEATHAM CO SO ASHLAND CITY,CHEATHAM CO SO ASHLAND CITY,County,TN,2022,28746,50,21,71,2,13,15,52,34,86,2.99
CT0003700,DERBY PD,DERBY PD,City,CT,2022,12243,31,1,32,2,1,3,33,2,35,2.86
NJ0032800,PALMYRA BORO PD,PALMYRA BORO PD,City,NJ,2022,7418,14,0,14,1,1,2,15,1,16,2.16
SC014NR00,DNR: CLARENDON COUNTY,DNR: CLARENDON COUNTY,Other State Agency,SC,2022,0,5,0,5,0,0,0,5,0,5,
AL0470000,MADISON CO SO HUNTSVILLE,MADISON CO SO HUNTSVILLE,County,AL,2022,130863,133,58,191,12,99,111,145,157,302,2.31
AZ0020900,SIERRA VISTA PD,SIERRA VISTA PD,City,AZ,2022,45611,53,2,55,8,16,24,61,18,79,1.73
WI0670200,HARTFORD PD,HARTFORD PD,City,WI,2022,15803,25,25,50,2,8,10,27,33,60,3.80
NH0066200,WILTON PD,WILTON PD,City,NH,2022,3994,6,0,6,2,1,3,8,1,9,2.25
IL0601400,TROY PD,TROY PD,City,IL,2022,11260,20,0,20,1,6,7,21,6,27,2.40
MI8131000,CHELSEA PD,CHELSEA PD,City,MI,2022,5322,10,2,12,1,2,3,11,4,15,2.82
SC0050500,DPS DENMARK TECHNICAL COLLEGE DENMARK,DPS DENMARK TECHNICAL COLLEGE DENMARK,University or College,SC,2022,0,2,4,6,1,0,1,3,4,7,
TX0840400,GALVESTON PD,GALVESTON PD,City,TX,2022,52920,127,19,146,15,23,38,142,42,184,3.48
NJ0121700,PISCATAWAY TWP PD PISCATAWAY,PISCATAWAY TWP PD PISCATAWAY,City,NJ,2022,61170,73,5,78,8,11,19,81,16,97,1.59
NY0353300,GREENWOOD LAKE VILLAGE PD GREENWOOD LAKE,GREENWOOD LAKE VILLAGE PD GREENWOOD LAKE,City,NY,2022,3042,4,0,4,1,2,3,5,2,7,2.30
WI0300300,UW PARKSIDE UNIV POLICE & PUBLIC SAFETY KENOSHA,UW PARKSIDE UNIV POLICE & PUBLIC SAFETY KENOSHA,University or College,WI,2022,0,6,2,8,2,3,5,8,5,13,
PA0460500,CHELTENHAM TWP PD ELKINS PARK,CHELTENHAM TWP PD ELKINS PARK,City,PA,2022,37355,61,2,63,2,3,5,63,5,68,1.82
ME0090700,FRYEBURG PD,FRYEBURG PD,City,ME,2022,3480,6,0,6,0,0,0,6,0,6,1.72
TN0560200,RED BOILING SPRINGS PD,RED BOILING SPRINGS PD,City,TN,2022,1199,5,0,5,0,0,0,5,0,5,4.17
CT0005200,FARMINGTON PD,FARMINGTON PD,City,CT,2022,26618,38,7,45,5,8,13,43,15,58,2.18
SC0030200,FAIRFAX PD,FAIRFAX PD,City,SC,2022,1455,4,0,4,1,0,1,5,0,5,3.44
NC0740300,GREENVILLE PD,GREENVILLE PD,City,NC,2022,89363,148,15,163,27,32,59,175,47,222,2.48
NC0820300,NEWTON GROVE PD,NEWTON GROVE PD,City,NC,2022,564,1,0,1,1,0,1,2,0,2,3.55
PA0020700,CORAOPOLIS PD,CORAOPOLIS PD,City,PA,2022,5405,11,4,15,0,0,0,11,4,15,2.78
WA0211000,TOLEDO PD,TOLEDO PD,City,WA,2022,663,1,0,1,0,1,1,1,1,2,3.02
NH0050200,ALEXANDRIA PD,ALEXANDRIA PD,City,NH,2022,1789,2,0,2,0,0,0,2,0,2,1.12
IL0164900,HODGKINS PD LA GRANGE,HODGKINS PD LA GRANGE,City,IL,2022,1452,17,2,19,3,1,4,20,3,23,15.84
IL0600700,GRANITE CITY PD,GRANITE CITY PD,City,IL,2022,27273,50,4,54,6,9,15,56,13,69,2.53
MN0690800,EVELETH PD,EVELETH PD,City,MN,2022,3434,10,0,10,0,1,1,10,1,11,3.20
IL0370700,GENESEO PD,GENESEO PD,City,IL,2022,6488,11,1,12,2,5,7,13,6,19,2.93
NJ0040800,CAMDEN PD,CAMDEN PD,City,NJ,2022,71616,328,13,341,55,17,72,383,30,413,5.77
OH0140400,WILMINGTON,WILMINGTON,City,OH,2022,12506,22,1,23,0,6,6,22,7,29,2.32
MO0957000,SUNSET HILLS,SUNSET HILLS,City,MO,2022,9053,20,3,23,3,4,7,23,7,30,3.31
WA0211200,WINLOCK PD,WINLOCK PD,City,WA,2022,1704,2,0,2,0,0,0,2,0,2,1.17
OH0860100,BRYAN,BRYAN,City,OH,2022,8560,17,1,18,1,5,6,18,6,24,2.80
AL0021300,,,Other,AL,2022,0,10,1,11,1,5,6,11,6,17,
PA0045400,DARLINGTON TOWNSHIP PD DARLINGTON,DARLINGTON TOWNSHIP PD DARLINGTON,City,PA,2022,1777,2,0,2,0,0,0,2,0,2,1.13
KS0140100,CLAY CENTER PD,CLAY CENTER PD,City,KS,2022,4105,5,0,5,1,1,2,6,1,7,1.71
PA0370400,BESSEMER PD,BESSEMER PD,City,PA,2022,1058,1,0,1,0,0,0,1,0,1,0.95
TX1012800,NASSAU BAY POLICE DEPARTMENT,NASSAU BAY POLICE DEPARTMENT,City,TX,2022,5105,13,0,13,0,1,1,13,1,14,2.74
MT0320300,UNIVERSITY OF MONTANA PUBLIC SAFETY,UNIVERSITY OF MONTANA PUBLIC SAFETY,University or College,MT,2022,0,14,1,15,1,5,6,15,6,21,
GA0720100,PINE MOUNTAIN PD,PINE MOUNTAIN PD,City,GA,2022,1282,6,0,6,1,1,2,7,1,8,6.24
WV0250100,FAIRMONT PD,FAIRMONT PD,City,WV,2022,18121,34,1,35,1,4,5,35,5,40,2.21
OR003SP00,SP: CLACKAMAS COUNTY,SP: CLACKAMAS COUNTY,State Police,OR,2022,0,45,30,75,6,68,74,51,98,149,
NY0352100,CHESTER VILLAGE PD CHESTER,CHESTER VILLAGE PD CHESTER,City,NY,2022,4079,10,0,10,4,1,5,14,1,15,3.68
FL0460200,FORT WALTON BEACH PD,FORT WALTON BEACH PD,City,FL,2022,20876,41,2,43,9,10,19,50,12,62,2.97
GA0970300,DANIELSVILLE PD,DANIELSVILLE PD,City,GA,2022,677,4,0,4,1,0,1,5,0,5,7.39
IA0640100,MARSHALLTOWN PD,MARSHALLTOWN PD,City,IA,2022,27207,33,1,34,3,4,7,36,5,41,1.51
MNMHP1300,DPS-SP CAPITOL SECURITY ST PAUL,DPS-SP CAPITOL SECURITY ST PAUL,Other State Agency,MN,2022,0,18,53,71,1,9,10,19,62,81,
TN0300400,TUSCULUM POLICE DEPARTMENT GREENEVILLE,TUSCULUM POLICE DEPARTMENT GREENEVILLE,City,TN,2022,3025,2,0,2,0,0,0,2,0,2,0.66
PA0029200,TARENTUM PD,TARENTUM PD,City,PA,2022,4235,10,0,10,0,0,0,10,0,10,2.36
OH0130300,MILFORD,MILFORD,City,OH,2022,6456,15,0,15,4,2,6,19,2,21,3.25
IL0500200,LELAND PD,LELAND PD,City,IL,2022,927,2,0,2,0,0,0,2,0,2,2.16
PA0541500,HEGINS TWP PD VALLEY VIEW,HEGINS TWP PD VALLEY VIEW,City,PA,2022,3363,1,0,1,0,0,0,1,0,1,0.30
CO0240200,BLACK HAWK,BLACK HAWK,City,CO,2022,129,17,3,20,7,6,13,24,9,33,255.81
CO034019E,FORT LEWIS STATE COLLEGE SECURITY POL DURANGO,FORT LEWIS STATE COLLEGE SECURITY POL DURANGO,University or College,CO,2022,0,7,1,8,2,1,3,9,2,11,
TX2050300,PORTLAND PD,PORTLAND PD,City,TX,2022,20742,30,6,36,2,11,13,32,17,49,2.36
IL0601600,WOOD RIVER PD,WOOD RIVER PD,City,IL,2022,10350,17,6,23,1,5,6,18,11,29,2.80
NC0910100,HENDERSON PD,HENDERSON PD,City,NC,2022,14806,33,2,35,7,5,12,40,7,47,3.17
NC0920400,FUQUAY-VARINA PD,FUQUAY-VARINA PD,City,NC,2022,39037,53,1,54,6,9,15,59,10,69,1.77
MI8244900,GROSSE POINTE SHORES PD,GROSSE POINTE SHORES PD,City,MI,2022,2584,15,0,15,0,0,0,15,0,15,5.80
MN0010100,,,City,MN,2022,2092,7,0,7,0,1,1,7,1,8,3.82
WA0320000,SPOKANE CO SO SPOKANE,SPOKANE CO SO SPOKANE,County,WA,2022,179155,117,8,125,10,19,29,127,27,154,0.86
MN0430000,MC LEOD CO SO GLENCOE,MC LEOD CO SO GLENCOE,County,MN,2022,11686,25,14,39,1,23,24,26,37,63,5.39
CA0198100,CALIFORNIA STATE COLLEGE PD DOMINGUEZ HILLS,CALIFORNIA STATE COLLEGE PD DOMINGUEZ HILLS,University or College,CA,2022,0,16,0,16,0,0,0,16,0,16,
PA0170200,DU BOIS PD,DU BOIS PD,City,PA,2022,7423,18,0,18,1,1,2,19,1,20,2.69
ME0060600,MONMOUTH PD,MONMOUTH PD,City,ME,2022,4137,3,0,3,1,0,1,4,0,4,0.97
SC0382600,STATE TRANSPORT POLICE,STATE TRANSPORT POLICE,Other State Agency,SC,2022,0,1,1,2,0,0,0,1,1,2,
VA0710000,PITTSYLVANIA CO SO CHATHAM,PITTSYLVANIA CO SO CHATHAM,County,VA,2022,56135,57,26,83,9,28,37,66,54,120,2.14
TX1890100,MARFA PD,MARFA PD,City,TX,2022,1749,3,0,3,2,0,2,5,0,5,2.86
MO0541600,LAKE LAFAYETTE,LAKE LAFAYETTE,City,MO,2022,286,1,0,1,0,0,0,1,0,1,3.50
WA0190200,CLE ELUM PD,CLE ELUM PD,City,WA,2022,3198,7,0,7,1,2,3,8,2,10,3.13
OH0360400,LYNCHBURG,LYNCHBURG,City,OH,2022,1526,1,0,1,1,0,1,2,0,2,1.31
TX0711300,EL PASO ISD PD EL PASO,EL PASO ISD PD EL PASO,Other,TX,2022,0,30,5,35,6,3,9,36,8,44,
WA0300000,SKAMANIA CO SO STEVENSON,SKAMANIA CO SO STEVENSON,County,WA,2022,12350,29,0,29,5,3,8,34,3,37,3.00
CA019A900,,,Other State Agency,CA,2022,0,102,3,105,19,12,31,121,15,136,
AL0230500,RED LEVEL PD,RED LEVEL PD,City,AL,2022,431,2,0,2,0,0,0,2,0,2,4.64
GA1000100,COLQUITT PD,COLQUITT PD,City,GA,2022,1910,11,0,11,2,0,2,13,0,13,6.81
IA0250000,DALLAS CO SO ADEL,DALLAS CO SO ADEL,County,IA,2022,17652,29,15,44,3,30,33,32,45,77,4.36
TX0430300,FARMERSVILLE PD,FARMERSVILLE PD,City,TX,2022,4024,6,1,7,3,1,4,9,2,11,2.73
IA0010000,ADAIR CO SO GREENFIELD,ADAIR CO SO GREENFIELD,County,IA,2022,7613,6,5,11,0,3,3,6,8,14,1.84
CA0570400,WEST SACRAMENTO PD WEST SACRAMENTO,WEST SACRAMENTO PD WEST SACRAMENTO,City,CA,2022,53643,62,6,68,6,22,28,68,28,96,1.79
VA0820200,BROADWAY PD,BROADWAY PD,City,VA,2022,4269,5,0,5,1,1,2,6,1,7,1.64
NM0140200,CARRIZOZO PD,CARRIZOZO PD,City,NM,2022,976,1,0,1,0,1,1,1,1,2,2.05
SC0050300,EHRHARDT PD,EHRHARDT PD,City,SC,2022,450,1,0,1,0,1,1,1,1,2,4.44
KY1200000,WOODFORD CO SO VERSAILLES,WOODFORD CO SO VERSAILLES,County,KY,2022,0,9,3,12,1,2,3,10,5,15,
KY0240000,CHRISTIAN CO SO HOPKINSVILLE,CHRISTIAN CO SO HOPKINSVILLE,County,KY,2022,32786,44,0,44,3,4,7,47,4,51,1.56
NM0230600,RIO RANCHO PD,RIO RANCHO PD,City,NM,2022,107435,108,25,133,18,46,64,126,71,197,1.83
CA0360200,CHINO PD,CHINO PD,City,CA,2022,94611,101,3,104,15,52,67,116,55,171,1.81
NJ0160900,POMPTON LAKES PD,POMPTON LAKES PD,City,NJ,2022,10875,23,2,25,1,3,4,24,5,29,2.67
FL0061200,DAVIE POLICE DEPARTMENT,DAVIE POLICE DEPARTMENT,City,FL,2022,104215,166,20,186,31,58,89,197,78,275,2.64
PA0155900,SPR: WHITE CLAY,SPR: WHITE CLAY,Other State Agency,PA,2022,0,3,0,3,1,0,1,4,0,4,
FL0061000,COOPER CITY POLICE DEPARTMENT,COOPER CITY POLICE DEPARTMENT,City,FL,2022,33647,47,4,51,11,13,24,58,17,75,2.23
GA0370300,SPARKS,SPARKS,City,GA,2022,2025,3,0,3,0,0,0,3,0,3,1.48
TX0910400,SHERMAN POLICE DEPT,SHERMAN POLICE DEPT,City,TX,2022,45881,71,7,78,7,27,34,78,34,112,2.44
ND0260200,WISHEK PD,WISHEK PD,City,ND,2022,852,2,0,2,0,0,0,2,0,2,2.35
NM0130000,LEA CO SO LOVINGTON,LEA CO SO LOVINGTON,County,NM,2022,15618,61,1,62,8,10,18,69,11,80,5.12
OK0361800,KAW TRIBAL,KAW TRIBAL,Tribal,OK,2022,0,7,0,7,0,1,1,7,1,8,
SD0370100,MURDO PD,MURDO PD,City,SD,2022,435,1,0,1,0,0,0,1,0,1,2.30
GA1470200,LOGANVILLE PD,LOGANVILLE PD,City,GA,2022,15250,26,1,27,2,4,6,28,5,33,2.16
PA0491200,RALPHO TWP PD ELYSBURG,RALPHO TWP PD ELYSBURG,City,PA,2022,4184,6,0,6,0,0,0,6,0,6,1.43
MA0110600,COHASSET PD,COHASSET PD,City,MA,2022,8417,19,0,19,1,1,2,20,1,21,2.49
MO0550400,MOUNT VERNON,MOUNT VERNON,City,MO,2022,4555,10,0,10,1,0,1,11,0,11,2.41
PA0392100,LEHIGH-NORTHAMPTON AIRPORT AUTH LEHIGH VALLEY,LEHIGH-NORTHAMPTON AIRPORT AUTH LEHIGH VALLEY,Other,PA,2022,0,11,0,11,0,0,0,11,0,11,
NJ0141000,EAST HANOVER PD,EAST HANOVER PD,City,NJ,2022,11103,34,3,37,0,1,1,34,4,38,3.42
AL0080300,CLEVELAND PD,CLEVELAND PD,City,AL,2022,1242,4,0,4,1,0,1,5,0,5,4.03
PA0090300,BRISTOL TWP PD LEVITTOWN,BRISTOL TWP PD LEVITTOWN,City,PA,2022,54196,51,3,54,10,6,16,61,9,70,1.29
PA0363000,STRASBURG PD,STRASBURG PD,City,PA,2022,3103,6,0,6,0,0,0,6,0,6,1.93
FL0280300,SEBRING PD,SEBRING PD,City,FL,2022,11245,29,4,33,8,2,10,37,6,43,3.82
GA1190000,RABUN CO SO CLAYTON,RABUN CO SO CLAYTON,County,GA,2022,13453,26,15,41,4,8,12,30,23,53,3.94
KS0350000,GRAY CO SO CIMARRON,GRAY CO SO CIMARRON,County,KS,2022,4711,4,0,4,0,6,6,4,6,10,2.12
OK0250300,WYNNEWOOD,WYNNEWOOD,City,OK,2022,1939,7,0,7,0,1,1,7,1,8,4.13
WI0540500,CLINTON PD,CLINTON PD,City,WI,2022,2178,5,5,10,0,0,0,5,5,10,4.59
PA0062800,NORTHERN BERKS REGIONAL PD,NORTHERN BERKS REGIONAL PD,City,PA,2022,14047,13,0,13,0,1,1,13,1,14,1.00
MN0050200,SAUK RAPIDS PD,SAUK RAPIDS PD,City,MN,2022,13860,15,0,15,3,1,4,18,1,19,1.37
MN0020200,BLAINE PD,BLAINE PD,City,MN,2022,71368,62,1,63,11,10,21,73,11,84,1.18
PA0600300,MIFFLINBURG PD,MIFFLINBURG PD,City,PA,2022,3394,5,0,5,2,1,3,7,1,8,2.36
NJ0153100,SURF CITY PD,SURF CITY PD,City,NJ,2022,1302,10,0,10,1,0,1,11,0,11,8.45
OK0230000,ELLIS,ELLIS,County,OK,2022,2538,5,1,6,1,1,2,6,2,8,3.15
FL0020000,BAKER CO SO MACCLENNY,BAKER CO SO MACCLENNY,County,FL,2022,29451,39,3,42,3,16,19,42,19,61,2.07
MI3145400,HANCOCK PD,HANCOCK PD,City,MI,2022,4515,6,0,6,3,0,3,9,0,9,1.99
TX0201600,,,University or College,TX,2022,0,6,0,6,2,2,4,8,2,10,
MA0040500,OAK BLUFFS PD,OAK BLUFFS PD,City,MA,2022,5653,14,0,14,2,2,4,16,2,18,3.18
FL0131300,SURFSIDE PD,SURFSIDE PD,City,FL,2022,5418,25,0,25,5,4,9,30,4,34,6.28
AL0014500,FIRE AND EXPLOSION INVEST UNIT TRUSSVILLE FIRE,FIRE AND EXPLOSION INVEST UNIT TRUSSVILLE FIRE,Other,AL,2022,0,3,0,3,0,0,0,3,0,3,
AR0330000,IZARD CO SO MELBOURNE,IZARD CO SO MELBOURNE,County,AR,2022,14280,24,8,32,0,9,9,24,17,41,2.87
IL0160700,BELLWOOD PD,BELLWOOD PD,City,IL,2022,17972,42,0,42,6,4,10,48,4,52,2.89
OR002050X,LIQUOR COMM: BENTON CNTY,LIQUOR COMM: BENTON CNTY,Other State Agency,OR,2022,0,2,0,2,1,0,1,3,0,3,
PA0570400,SPR: WORLDS END,SPR: WORLDS END,Other State Agency,PA,2022,0,2,1,3,0,1,1,2,2,4,
PA0041100,ECONOMY PD BADEN,ECONOMY PD BADEN,City,PA,2022,8952,12,0,12,1,1,2,13,1,14,1.56
WI0140000,DODGE CO SO JUNEAU,DODGE CO SO JUNEAU,County,WI,2022,33720,50,53,103,4,50,54,54,103,157,4.66
UT0250300,OREM PUBLIC SAFETY,OREM PUBLIC SAFETY,City,UT,2022,97430,88,5,93,8,22,30,96,27,123,1.26
PA0550100,SELINSGROVE PD,SELINSGROVE PD,City,PA,2022,5724,4,0,4,2,1,3,6,1,7,1.22
VA1100000,GALAX PD,GALAX PD,City,VA,2022,6652,17,3,20,6,11,17,23,14,37,5.56
WA0271600,DU PONT PD,DU PONT PD,City,WA,2022,10024,11,0,11,1,2,3,12,2,14,1.40
CA0330300,BLYTHE PD,BLYTHE PD,City,CA,2022,17853,18,4,22,3,5,8,21,9,30,1.68
NJ0071500,NORTH CALDWELL PD CALDWELL,NORTH CALDWELL PD CALDWELL,City,NJ,2022,6556,14,2,16,2,2,4,16,4,20,3.05
KY0920200,BEAVER DAM PD,BEAVER DAM PD,City,KY,2022,3538,5,0,5,1,0,1,6,0,6,1.70
CA0579700,UNIVERSITY OF CALIFORNIA PD DAVIS,UNIVERSITY OF CALIFORNIA PD DAVIS,University or College,CA,2022,0,33,10,43,9,16,25,42,26,68,
KS0930300,MACKSVILLE PD,MACKSVILLE PD,City,KS,2022,469,1,0,1,0,0,0,1,0,1,2.13
GA0120200,MIDDLE GA COLLEGE PUBLIC SAFETY DEPT COCHRAN,MIDDLE GA COLLEGE PUBLIC SAFETY DEPT COCHRAN,University or College,GA,2022,0,16,1,17,6,5,11,22,6,28,
NC0940000,WASHINGTON CO SO PLYMOUTH,WASHINGTON CO SO PLYMOUTH,County,NC,2022,7678,9,6,15,3,14,17,12,20,32,4.17
KY0561500,UNIVERSITY OF LOUISVILLE PD,UNIVERSITY OF LOUISVILLE PD,University or College,KY,2022,0,33,20,53,5,14,19,38,34,72,
MN0180700,,,City,MN,2022,872,1,0,1,0,0,0,1,0,1,1.15
LA0510600,CHITIMACHA POLICE DEPARTMENT CHARENTON,CHITIMACHA POLICE DEPARTMENT CHARENTON,Tribal,LA,2022,0,5,0,5,6,2,8,11,2,13,
MS0310100,BAY SPRINGS PD,BAY SPRINGS PD,City,MS,2022,1569,7,0,7,0,0,0,7,0,7,4.46
CA0432700,DPS FOOTHILL-DEANZA CC DIST LOS ALTOS HILLS,DPS FOOTHILL-DEANZA CC DIST LOS ALTOS HILLS,University or College,CA,2022,0,10,5,15,0,2,2,10,7,17,
PA0420400,BRADFORD TWP PD BRADFORD,BRADFORD TWP PD BRADFORD,City,PA,2022,4800,5,0,5,0,0,0,5,0,5,1.04
AZ0070300,BUCKEYE PD,BUCKEYE PD,City,AZ,2022,110002,95,11,106,12,26,38,107,37,144,1.31
MA0130300,CHELSEA PD,CHELSEA PD,City,MA,2022,37590,96,2,98,9,6,15,105,8,113,3.01
KY0580000,JOHNSON CO SO PAINTSVILLE,JOHNSON CO SO PAINTSVILLE,County,KY,2022,18151,7,4,11,0,3,3,7,7,14,0.77
MO0480400,GRANDVIEW,GRANDVIEW,City,MO,2022,25542,44,4,48,6,8,14,50,12,62,2.43
IA0340000,FLOYD CO SO CHARLES CITY,FLOYD CO SO CHARLES CITY,County,IA,2022,8077,12,0,12,0,0,0,12,0,12,1.49
IL0530000,LIVINGSTON CO SO PONTIAC,LIVINGSTON CO SO PONTIAC,County,IL,2022,16665,27,30,57,3,5,8,30,35,65,3.90
WI0371400,KRONENWETTER POLICE DEPARTMENT,KRONENWETTER POLICE DEPARTMENT,City,WI,2022,8530,7,0,7,0,1,1,7,1,8,0.94
MI5875000,SOUTH ROCKWOOD PD,SOUTH ROCKWOOD PD,City,MI,2022,1589,2,0,2,0,0,0,2,0,2,1.26
AR0260000,GARLAND CO SO HOT SPRINGS,GARLAND CO SO HOT SPRINGS,County,AR,2022,62509,55,55,110,10,43,53,65,98,163,2.61
NY0596800,YORKTOWN TOWN PD YORKTOWN HEIGHTS,YORKTOWN TOWN PD YORKTOWN HEIGHTS,City,NY,2022,35529,55,3,58,3,6,9,58,9,67,1.89
TX2200900,EULESS PD,EULESS PD,City,TX,2022,59901,80,18,98,10,27,37,90,45,135,2.25
NC0070300,BELHAVEN PD,BELHAVEN PD,City,NC,2022,1405,6,0,6,1,1,2,7,1,8,5.69
OK0610000,PITTSBURG,PITTSBURG,County,OK,2022,18654,23,19,42,1,17,18,24,36,60,3.22
NJ0042400,MERCHANTVILLE PD,MERCHANTVILLE PD,City,NJ,2022,3799,13,2,15,0,1,1,13,3,16,4.21
PA0461200,LANSDALE PD,LANSDALE PD,City,PA,2022,19033,22,3,25,4,3,7,26,6,32,1.68
NC0160400,NEWPORT PD,NEWPORT PD,City,NC,2022,4564,10,0,10,0,0,0,10,0,10,2.19
OK0210900,,,City,OK,2022,732,5,0,5,0,1,1,5,1,6,8.20
FL0590100,ALTAMONTE SPRINGS PD,ALTAMONTE SPRINGS PD,City,FL,2022,44833,80,0,80,14,16,30,94,16,110,2.45
NC0100400,HOLDEN BEACH PD,HOLDEN BEACH PD,City,NC,2022,950,6,0,6,2,1,3,8,1,9,9.47
MI6370200,ROCHESTER PD,ROCHESTER PD,City,MI,2022,12868,20,4,24,2,4,6,22,8,30,2.33
TX1500500,SUNRISE BEACH VILLAGE POLICE DEPT,SUNRISE BEACH VILLAGE POLICE DEPT,City,TX,2022,787,4,0,4,2,0,2,6,0,6,7.62
MS0660100,WIGGINS PD,WIGGINS PD,City,MS,2022,4324,12,1,13,3,4,7,15,5,20,4.63
MD0030500,TOWSON UNIVERSITY POLICE,TOWSON UNIVERSITY POLICE,University or College,MD,2022,0,32,2,34,5,9,14,37,11,48,
CA0501000,CALIFORNIA STATE COLLEGE PD TURLOCK,CALIFORNIA STATE COLLEGE PD TURLOCK,University or College,CA,2022,0,10,2,12,4,5,9,14,7,21,
UT0060500,FARMINGTON PD,FARMINGTON PD,City,UT,2022,24935,23,0,23,1,2,3,24,2,26,1.04
NJ0142300,MORRIS PLAINS PD,MORRIS PLAINS PD,City,NJ,2022,6138,15,0,15,1,2,3,16,2,18,2.93
WY0110000,LARAMIE CO SO CHEYENNE,LARAMIE CO SO CHEYENNE,County,WY,2022,35116,41,61,102,5,55,60,46,116,162,4.61
VA1040000,CLIFTON FORGE PD,CLIFTON FORGE PD,City,VA,2022,3433,7,0,7,0,1,1,7,1,8,2.33
CA0271100,SOLEDAD PD,SOLEDAD PD,City,CA,2022,24811,17,2,19,1,4,5,18,6,24,0.97
TN0110100,ASHLAND CITY PD ASHLAND,ASHLAND CITY PD ASHLAND,City,TN,2022,5152,17,0,17,1,2,3,18,2,20,3.88
MD0230100,DELMAR PD,DELMAR PD,City,MD,2022,3971,12,1,13,0,0,0,12,1,13,3.27
MA005429E,,,University or College,MA,2022,0,11,3,14,2,1,3,13,4,17,
OH0450700,HEATH,HEATH,City,OH,2022,10641,19,0,19,0,8,8,19,8,27,2.54
TX0330000,CARSON CO SO PANHANDLE,CARSON CO SO PANHANDLE,County,TX,2022,3409,9,2,11,1,12,13,10,14,24,7.04
MN0660400,,,City,MN,2022,4908,7,0,7,0,1,1,7,1,8,1.63
TN0580500,KIMBALL PD,KIMBALL PD,City,TN,2022,1578,9,0,9,0,0,0,9,0,9,5.70
NY0146500,HAMBURG TOWN PD HAMBURG,HAMBURG TOWN PD HAMBURG,City,NY,2022,47939,57,0,57,5,3,8,62,3,65,1.36
AL0560200,WADLEY PD,WADLEY PD,City,AL,2022,596,3,0,3,0,0,0,3,0,3,5.03
MA0030200,ATTLEBORO PD,ATTLEBORO PD,City,MA,2022,46942,66,9,75,8,6,14,74,15,89,1.90
NH0056400,,,City,NH,2022,778,1,0,1,0,0,0,1,0,1,1.29
NH0020000,SO CARROLL COUNTY OSSIPEE,SO CARROLL COUNTY OSSIPEE,County,NH,2022,1609,10,2,12,1,8,9,11,10,21,13.05
MS0610500,RICHLAND PD,RICHLAND PD,City,MS,2022,7245,27,2,29,1,4,5,28,6,34,4.69
RI0041500,NORTH SMITHFIELD PD SLATERSVILLE,NORTH SMITHFIELD PD SLATERSVILLE,City,RI,2022,12538,23,2,25,2,2,4,25,4,29,2.31
AR0720300,PRAIRIE GROVE PD,PRAIRIE GROVE PD,City,AR,2022,7714,15,0,15,1,0,1,16,0,16,2.07
ME0030600,SOUTH PORTLAND PD SOUTH PORTLAND,SOUTH PORTLAND PD SOUTH PORTLAND,City,ME,2022,27445,39,3,42,9,4,13,48,7,55,2.00
TX1431000,MOULTON,MOULTON,City,TX,2022,869,4,0,4,0,0,0,4,0,4,4.60
WI0440400,THREE LAKES TOWNSHIP PD THREE LAKES,THREE LAKES TOWNSHIP PD THREE LAKES,City,WI,2022,2481,5,0,5,0,0,0,5,0,5,2.02
NJ0200400,ELIZABETH PD,ELIZABETH PD,City,NJ,2022,134065,303,44,347,40,61,101,343,105,448,3.34
WY0110400,,,Other State Agency,WY,2022,0,36,13,49,1,36,37,37,49,86,
GA0560200,PEACHTREE CITY PD,PEACHTREE CITY PD,City,GA,2022,39301,46,0,46,9,5,14,55,5,60,1.53
MA0142100,HOPEDALE PD,HOPEDALE PD,City,MA,2022,6021,13,2,15,0,2,2,13,4,17,2.82
VA0650000,NORTHAMPTON CO SO EASTVILLE,NORTHAMPTON CO SO EASTVILLE,County,VA,2022,9077,45,1,46,14,9,23,59,10,69,7.60
KS0400300,HALSTEAD PD,HALSTEAD PD,City,KS,2022,2159,5,0,5,0,1,1,5,1,6,2.78
PA0462100,PLYMOUTH TWP PD PLYMOUTH MEETING,PLYMOUTH TWP PD PLYMOUTH MEETING,City,PA,2022,18329,45,2,47,3,6,9,48,8,56,3.06
CO0590400,FRISCO,FRISCO,City,CO,2022,2858,13,0,13,0,2,2,13,2,15,5.25
NC0770000,RICHMOND CO SO ROCKINGHAM,RICHMOND CO SO ROCKINGHAM,County,NC,2022,27903,57,12,69,2,11,13,59,23,82,2.94
MI3151400,LAKE LINDEN PD,LAKE LINDEN PD,City,MI,2022,1047,1,0,1,0,0,0,1,0,1,0.96
WA0190800,CAMPUS SEC CENTRAL WASH STATE UNIV ELLENSBURG,CAMPUS SEC CENTRAL WASH STATE UNIV ELLENSBURG,University or College,WA,2022,0,12,0,12,2,2,4,14,2,16,
NH0083400,KENSINGTON,KENSINGTON,City,NH,2022,2090,6,0,6,0,1,1,6,1,7,3.35
TX1081800,,,Other,TX,2022,0,15,1,16,2,1,3,17,2,19,
IN0450900,HOBART PD,HOBART PD,City,IN,2022,29374,66,0,66,2,11,13,68,11,79,2.69
AR0260100,HOT SPRINGS PD,HOT SPRINGS PD,City,AR,2022,38174,101,15,116,5,25,30,106,40,146,3.82
MS0360000,LAFAYETTE CO SO OXFORD,LAFAYETTE CO SO OXFORD,County,MS,2022,30839,45,0,45,4,2,6,49,2,51,1.65
NJ0090300,GUTTENBERG PD,GUTTENBERG PD,City,NJ,2022,11107,26,4,30,4,6,10,30,10,40,3.60
PA023579E,,,University or College,PA,2022,0,18,29,47,4,12,16,22,41,63,
KS0820100,PLAINVILLE PD,PLAINVILLE PD,City,KS,2022,1738,9,0,9,0,5,5,9,5,14,8.06
OR0030500,MILWAUKIE,MILWAUKIE,City,OR,2022,20784,28,1,29,6,4,10,34,5,39,1.88
NJ0142800,NETCONG PD,NETCONG PD,City,NJ,2022,3973,13,0,13,0,1,1,13,1,14,3.52
FL0131100,CITY OF DORAL POLICE DEPARTMENT,CITY OF DORAL POLICE DEPARTMENT,City,FL,2022,75838,117,11,128,31,34,65,148,45,193,2.54
GA1420300,,,Other,GA,2022,0,1,2,3,0,0,0,1,2,3,
WA0140600,COSMOPOLIS PD,COSMOPOLIS PD,City,WA,2022,1704,4,0,4,0,1,1,4,1,5,2.93
MN0870000,YELLOW MEDICINE CO SO GRANITE FALLS,YELLOW MEDICINE CO SO GRANITE FALLS,County,MN,2022,5886,10,8,18,0,7,7,10,15,25,4.25
CT0000700,BERLIN PD,BERLIN PD,City,CT,2022,20109,37,6,43,7,7,14,44,13,57,2.83
TN0610000,MEIGS CO SO DECATUR,MEIGS CO SO DECATUR,County,TN,2022,11709,21,0,21,0,6,6,21,6,27,2.31
MI1232200,COLDWATER PD,COLDWATER PD,City,MI,2022,13930,12,2,14,5,2,7,17,4,21,1.51
NJ0102100,RARITAN TWP PD FLEMINGTON,RARITAN TWP PD FLEMINGTON,City,NJ,2022,24202,40,2,42,2,1,3,42,3,45,1.86
WI0080200,NEW HOLSTEIN PD,NEW HOLSTEIN PD,City,WI,2022,3033,5,0,5,1,1,2,6,1,7,2.31
MD0230200,FRUITLAND PD,FRUITLAND PD,City,MD,2022,5888,16,2,18,1,3,4,17,5,22,3.74
OH0091800,FAIRFIELD TOWNSHIP,FAIRFIELD TOWNSHIP,City,OH,2022,22636,20,0,20,3,2,5,23,2,25,1.10
NH0056800,,,City,NH,2022,1513,1,0,1,1,0,1,2,0,2,1.32
MT0140000,FERGUS CO SO LEWISTOWN,FERGUS CO SO LEWISTOWN,County,MT,2022,5644,15,0,15,3,2,5,18,2,20,3.54
DE0020100,DE RIVER BAY AUTH MEM BRIDGE POLICE NEW CASTLE,DE RIVER BAY AUTH MEM BRIDGE POLICE NEW CASTLE,Other State Agency,DE,2022,0,42,3,45,6,7,13,48,10,58,
OH0120200,SPRINGFIELD,SPRINGFIELD,City,OH,2022,58725,96,2,98,18,12,30,114,14,128,2.18
VA1230000,ROANOKE CITY PD,ROANOKE CITY PD,City,VA,2022,98204,161,10,171,41,32,73,202,42,244,2.48
TX2201200,FORT WORTH PD,FORT WORTH PD,City,TX,2022,948605,1434,145,1579,238,288,526,1672,433,2105,2.22
AL0370300,NEWVILLE PD,NEWVILLE PD,City,AL,2022,555,1,0,1,0,0,0,1,0,1,1.80
ND0250000,MCHENRY CO SO TOWNER,MCHENRY CO SO TOWNER,County,ND,2022,5231,6,0,6,2,0,2,8,0,8,1.53
TN0790000,SHELBY CO SO MEMPHIS,SHELBY CO SO MEMPHIS,County,TN,2022,138198,538,338,876,82,582,664,620,920,1540,11.14
CA0429700,UNIVERSITY OF CALIFORNIA PD SANTA BARBARA,UNIVERSITY OF CALIFORNIA PD SANTA BARBARA,University or College,CA,2022,0,24,3,27,6,11,17,30,14,44,
VA0130000,BRUNSWICK CO SO LAWRENCEVILLE,BRUNSWICK CO SO LAWRENCEVILLE,County,VA,2022,15106,32,2,34,2,9,11,34,11,45,2.98
CO0150300,HOTCHKISS,HOTCHKISS,City,CO,2022,922,5,0,5,0,0,0,5,0,5,5.42
TX1810800,ROSE CITY PD VIDOR,ROSE CITY PD VIDOR,City,TX,2022,333,0,0,0,2,1,3,2,1,3,9.01
WI0250300,HIGHLAND PD,HIGHLAND PD,City,WI,2022,866,1,0,1,0,0,0,1,0,1,1.15
GA0190200,EDISON PD,EDISON PD,City,GA,2022,1237,2,0,2,2,1,3,4,1,5,4.04
IL0491700,ROUND LAKE BEACH PD ROUND LAKE,ROUND LAKE BEACH PD ROUND LAKE,City,IL,2022,26928,37,2,39,3,2,5,40,4,44,1.63
AL0030700,AUBURN UNIVERSITY CAMPUS POLICE MONTGOMERY,AUBURN UNIVERSITY CAMPUS POLICE MONTGOMERY,University or College,AL,2022,0,6,3,9,4,2,6,10,5,15,
TX227409E,,,University or College,TX,2022,0,4,1,5,0,0,0,4,1,5,
KS0980000,TREGO CO SO WA KEENEY,TREGO CO SO WA KEENEY,County,KS,2022,1002,3,2,5,0,0,0,3,2,5,4.99
NY0122100,DELHI VILLAGE PD DELHI,DELHI VILLAGE PD DELHI,City,NY,2022,2912,4,0,4,1,0,1,5,0,5,1.72
MD0120200,OAKLAND PD,OAKLAND PD,City,MD,2022,1811,2,0,2,0,0,0,2,0,2,1.10
NY0555600,LLOYD TOWN PD HIGHLAND,LLOYD TOWN PD HIGHLAND,City,NY,2022,11372,9,1,10,0,1,1,9,2,11,0.97
OH0450000,LICKING,LICKING,County,OH,2022,67832,90,72,162,10,62,72,100,134,234,3.45
CA0270500,KING CITY PD,KING CITY PD,City,CA,2022,13518,14,1,15,3,2,5,17,3,20,1.48
AL0540500,PICKENSVILLE PD,PICKENSVILLE PD,City,AL,2022,545,1,0,1,0,0,0,1,0,1,1.83
IA0050000,AUDUBON CO SO AUDUBON,AUDUBON CO SO AUDUBON,County,IA,2022,3586,6,0,6,0,6,6,6,6,12,3.35
TX0810100,FAIRFIELD PD,FAIRFIELD PD,City,TX,2022,2939,6,0,6,2,4,6,8,4,12,4.08
SC0280000,KERSHAW CO SO CAMDEN,KERSHAW CO SO CAMDEN,County,SC,2022,57154,61,6,67,10,5,15,71,11,82,1.43
GA0760000,SHERRIFS OFFICE HOUSTON,SHERRIFS OFFICE HOUSTON,County,GA,2022,56884,126,68,194,8,134,142,134,202,336,5.91
MI7920400,AKRON,AKRON,City,MI,2022,367,1,0,1,0,0,0,1,0,1,2.72
AL0650300,CHATOM PD,CHATOM PD,City,AL,2022,1034,3,0,3,0,0,0,3,0,3,2.90
WVWSP1800,STATE POLICE HINTON,STATE POLICE HINTON,State Police,WV,2022,0,4,0,4,0,1,1,4,1,5,
NJ0022900,LEONIA PD,LEONIA PD,City,NJ,2022,9198,19,2,21,2,1,3,21,3,24,2.61
CO0620300,EATON,EATON,City,CO,2022,5898,9,0,9,3,2,5,12,2,14,2.37
AZ0070700,EL MIRAGE PD,EL MIRAGE PD,City,AZ,2022,36039,54,7,61,3,13,16,57,20,77,2.14
OH0370100,LOGAN,LOGAN,City,OH,2022,7377,17,1,18,0,3,3,17,4,21,2.85
CA0520200,RED BLUFF PD,RED BLUFF PD,City,CA,2022,14529,19,4,23,4,13,17,23,17,40,2.75
NY0592600,HASTINGS ON HUDSON VILL PD HASTINGS ON HUDSON,HASTINGS ON HUDSON VILL PD HASTINGS ON HUDSON,City,NY,2022,8381,16,0,16,3,0,3,19,0,19,2.27
AR0040200,ROGERS PD,ROGERS PD,City,AR,2022,72115,93,12,105,15,26,41,108,38,146,2.02
NC0410400,NC A&T UNIV POLICE GREENSBORO,NC A&T UNIV POLICE GREENSBORO,University or College,NC,2022,0,18,12,30,5,19,24,23,31,54,
LA0050200,MARKSVILLE PD,MARKSVILLE PD,City,LA,2022,4843,11,1,12,2,5,7,13,6,19,3.92
VA0650100,CAPE CHARLES PD,CAPE CHARLES PD,City,VA,2022,1177,6,0,6,1,0,1,7,0,7,5.95
SD0180000,DAY CO SO WEBSTER,DAY CO SO WEBSTER,County,SD,2022,3750,4,1,5,0,4,4,4,5,9,2.40
GA0070200,AUBURN PD,AUBURN PD,City,GA,2022,8658,16,0,16,0,4,4,16,4,20,2.31
VA0310000,FLOYD CO SO FLOYD,FLOYD CO SO FLOYD,County,VA,2022,15713,24,4,28,3,6,9,27,10,37,2.35
TX1750000,NAVARRO CO SO CORSICANA,NAVARRO CO SO CORSICANA,County,TX,2022,24373,40,36,76,6,36,42,46,72,118,4.84
IL0280300,ROYALTON PD,ROYALTON PD,City,IL,2022,1042,3,0,3,0,0,0,3,0,3,2.88
TX2370800,PRAIRIE VIEW PD,PRAIRIE VIEW PD,City,TX,2022,7059,12,0,12,3,1,4,15,1,16,2.27
MI3399800,,,Other State Agency,MI,2022,0,193,9,202,22,21,43,215,30,245,
ND0220300,STEELE PD,STEELE PD,City,ND,2022,657,1,0,1,0,0,0,1,0,1,1.52
PA0363400,WEST HEMPFIELD TWP PD LANCASTER,WEST HEMPFIELD TWP PD LANCASTER,City,PA,2022,20301,20,0,20,3,1,4,23,1,24,1.18
MD0172500,UNIVERSITY OF MARYLAND PD COLLEGE PARK,UNIVERSITY OF MARYLAND PD COLLEGE PARK,University or College,MD,2022,0,64,21,85,12,16,28,76,37,113,
MS0290100,FULTON PD,FULTON PD,City,MS,2022,4005,12,0,12,0,0,0,12,0,12,3.00
PA0070100,ALTOONA PD,ALTOONA PD,City,PA,2022,43183,59,2,61,4,6,10,63,8,71,1.64
TX1070500,SEVEN POINTS DEPARTMENT OF PUBLIC SAFETY,SEVEN POINTS DEPARTMENT OF PUBLIC SAFETY,City,TX,2022,1430,5,1,6,0,3,3,5,4,9,6.29
IA0680100,ALBIA PD,ALBIA PD,City,IA,2022,3717,6,0,6,0,1,1,6,1,7,1.88
TX0770200,LOCKNEY POLICE DEPT,LOCKNEY POLICE DEPT,City,TX,2022,1474,3,0,3,0,1,1,3,1,4,2.71
MA0010900,MASHPEE PD,MASHPEE PD,City,MA,2022,15730,35,1,36,3,7,10,38,8,46,2.92
OR0270200,INDEPENDENCE,INDEPENDENCE,City,OR,2022,10368,12,2,14,1,2,3,13,4,17,1.64
TX0930000,GRIMES CO SO ANDERSON,GRIMES CO SO ANDERSON,County,TX,2022,22788,25,9,34,2,16,18,27,25,52,2.28
AR0010100,DE WITT PD,DE WITT PD,City,AR,2022,2832,6,0,6,1,5,6,7,5,12,4.24
NC0700000,PASQUOTANK CO SO ELIZABETH CITY,PASQUOTANK CO SO ELIZABETH CITY,County,NC,2022,22489,38,2,40,12,6,18,50,8,58,2.58
OH0770700,MACEDONIA,MACEDONIA,City,OH,2022,12248,22,0,22,1,10,11,23,10,33,2.69
MI2749400,IRONWOOD DPS IRONWOOD,IRONWOOD DPS IRONWOOD,City,MI,2022,5021,11,0,11,1,0,1,12,0,12,2.39
NJ0201700,SPRINGFIELD TWP PD SPRINGFIELD,SPRINGFIELD TWP PD SPRINGFIELD,City,NJ,2022,16860,38,0,38,6,4,10,44,4,48,2.85
MI6159100,MONTAGUE PD,MONTAGUE PD,City,MI,2022,2437,4,0,4,0,0,0,4,0,4,1.64
CA0360500,MONTCLAIR PD,MONTCLAIR PD,City,CA,2022,38203,38,6,44,7,17,24,45,23,68,1.78
MI7472100,ST CLAIR PD,ST CLAIR PD,City,MI,2022,5450,6,0,6,2,0,2,8,0,8,1.47
PA0321000,INDIANA UNIVERSITY CAMPUS PD INDIANA,INDIANA UNIVERSITY CAMPUS PD INDIANA,University or College,PA,2022,0,10,3,13,3,3,6,13,6,19,
GA0530000,EMANUEL CO SO SWAINSBORO,EMANUEL CO SO SWAINSBORO,County,GA,2022,12504,25,0,25,15,4,19,40,4,44,3.52
NY0435000,CLARKSTOWN TOWN PD NEW CITY,CLARKSTOWN TOWN PD NEW CITY,City,NY,2022,80487,150,12,162,14,12,26,164,24,188,2.34
TN0470000,KNOX CO SO KNOXVILLE,KNOX CO SO KNOXVILLE,County,TN,2022,299956,331,275,606,42,189,231,373,464,837,2.79
VTVSP0800,STATE POLICE DERBY,STATE POLICE DERBY,State Police,VT,2022,23236,11,1,12,3,0,3,14,1,15,0.65
CA0230400,WILLITS PD,WILLITS PD,City,CA,2022,4963,8,2,10,1,2,3,9,4,13,2.62
NH0040600,BERLIN PD,BERLIN PD,City,NH,2022,9717,20,6,26,2,2,4,22,8,30,3.09
WI0670600,,,City,WI,2022,3399,1,0,1,0,0,0,1,0,1,0.29
WA0080500,WOODLAND PD,WOODLAND PD,City,WA,2022,6544,13,0,13,1,2,3,14,2,16,2.44
TN0330600,SODDY-DAISY PD,SODDY-DAISY PD,City,TN,2022,13112,25,1,26,3,7,10,28,8,36,2.75
IL0841500,SOUTHERNVIEW PD,SOUTHERNVIEW PD,City,IL,2022,1553,4,0,4,0,0,0,4,0,4,2.58
KY0561400,,,City,KY,2022,931,1,0,1,0,0,0,1,0,1,1.07
TX0620000,DEWITT COUNTY SHERIFFS OFFICE,DEWITT COUNTY SHERIFFS OFFICE,County,TX,2022,7990,12,18,30,2,14,16,14,32,46,5.76
NC0560300,ST PARK RANGER LAKE JAMES ST PARK NEBO,ST PARK RANGER LAKE JAMES ST PARK NEBO,Other State Agency,NC,2022,0,4,0,4,1,0,1,5,0,5,
IL0680300,NOKOMIS PD,NOKOMIS PD,City,IL,2022,2117,4,0,4,1,1,2,5,1,6,2.83
OR0120200,JOHN DAY,JOHN DAY,City,OR,2022,1691,4,0,4,0,1,1,4,1,5,2.96
NM0140400,CAPITAN PD,CAPITAN PD,City,NM,2022,1414,4,0,4,0,1,1,4,1,5,3.54
WADI01100,SKOKOMISH TRIBAL POLICE DEPARTMENT,SKOKOMISH TRIBAL POLICE DEPARTMENT,Tribal,WA,2022,0,3,1,4,1,0,1,4,1,5,
NJ0078900,ESSEX CO PROSECUTOR NEWARK,ESSEX CO PROSECUTOR NEWARK,Other,NJ,2022,0,96,36,132,27,90,117,123,126,249,
PA0461400,LOWER MERION TWP PD ARDMORE,LOWER MERION TWP PD ARDMORE,City,PA,2022,64642,110,6,116,11,11,22,121,17,138,2.13
FL0470100,OKEECHOBEE PD,OKEECHOBEE PD,City,FL,2022,5442,17,1,18,6,6,12,23,7,30,5.51
ND0290100,BEULAH PD,BEULAH PD,City,ND,2022,3032,6,0,6,0,1,1,6,1,7,2.31
MI4714700,LIVINGSTON CO SO HOWELL,LIVINGSTON CO SO HOWELL,County,MI,2022,128362,56,42,98,3,23,26,59,65,124,0.97
SD0410000,LINCOLN CO SO CANTON,LINCOLN CO SO CANTON,County,SD,2022,18871,27,9,36,6,5,11,33,14,47,2.49
MA0052800,SALEM PD,SALEM PD,City,MA,2022,45345,79,6,85,8,7,15,87,13,100,2.21
PA0652400,TRAFFORD PD,TRAFFORD PD,City,PA,2022,3259,6,0,6,0,0,0,6,0,6,1.84
NY0294300,OLD WESTBURY VILLAGE PD OLD WESTBURY,OLD WESTBURY VILLAGE PD OLD WESTBURY,City,NY,2022,4229,24,2,26,2,3,5,26,5,31,7.33
WI0690600,MARION PD,MARION PD,City,WI,2022,1300,4,0,4,0,0,0,4,0,4,3.08
NV016781J,,,Other,NV,2022,0,6,1,7,4,1,5,10,2,12,
TX0440000,COLLINGSWORTH CO SO WELLINGTON,COLLINGSWORTH CO SO WELLINGTON,County,TX,2022,2611,3,0,3,0,0,0,3,0,3,1.15
TX1631000,,,City,TX,2022,1342,2,0,2,1,0,1,3,0,3,2.24
IL0169F00,MORTON JUNIOR COLLEGE PD CICERO,MORTON JUNIOR COLLEGE PD CICERO,University or College,IL,2022,0,3,0,3,0,1,1,3,1,4,
MO0450100,FAYETTE,FAYETTE,City,MO,2022,2725,4,0,4,1,0,1,5,0,5,1.83
NY0515500,RIVERHEAD TOWN PD RIVERHEAD,RIVERHEAD TOWN PD RIVERHEAD,City,NY,2022,36064,78,3,81,11,14,25,89,17,106,2.94
MO0220300,OZARK,OZARK,City,MO,2022,22447,29,1,30,5,3,8,34,4,38,1.69
VA1120000,HARRISONBURG PD,HARRISONBURG PD,City,VA,2022,51363,71,7,78,15,17,32,86,24,110,2.14
NB0750000,ROCK CO SO BASSETT,ROCK CO SO BASSETT,County,NB,2022,1262,3,0,3,1,4,5,4,4,8,6.34
FL0360400,LEE COUNTY PORT AUTHORITY,LEE COUNTY PORT AUTHORITY,Other,FL,2022,0,42,10,52,5,11,16,47,21,68,
NB0840000,STANTON CO SO STANTON,STANTON CO SO STANTON,County,NB,2022,5814,9,0,9,0,1,1,9,1,10,1.72
NB0700300,OSMOND PD,OSMOND PD,City,NB,2022,806,1,0,1,0,0,0,1,0,1,1.24
LA0240500,ROSEDALE PD,ROSEDALE PD,City,LA,2022,618,5,2,7,0,2,2,5,4,9,14.56
OHCIP0000,CINCINNATI,CINCINNATI,City,OH,2022,307761,763,32,795,223,79,302,986,111,1097,3.56
MA0092700,MALDEN PD,MALDEN PD,City,MA,2022,64356,94,4,98,8,4,12,102,8,110,1.71
SC0101500,AIRPORT PD COUNTY AVIATION AUTH CHARLESTON,AIRPORT PD COUNTY AVIATION AUTH CHARLESTON,Other,SC,2022,0,34,9,43,3,20,23,37,29,66,
PA0463000,UPPER MORELAND TWP PD WILLOW GROVE,UPPER MORELAND TWP PD WILLOW GROVE,City,PA,2022,26071,32,3,35,5,3,8,37,6,43,1.65
MA0021900,NORTH ADAMS PD,NORTH ADAMS PD,City,MA,2022,12836,21,4,25,5,2,7,26,6,32,2.49
SC0152600,STATE TRANSPORT POLICE,STATE TRANSPORT POLICE,Other State Agency,SC,2022,0,1,0,1,0,0,0,1,0,1,
GA1250100,DONALSONVILLE PD,DONALSONVILLE PD,City,GA,2022,2834,5,0,5,3,1,4,8,1,9,3.18
KY0450100,FLATWOODS PD,FLATWOODS PD,City,KY,2022,7231,9,0,9,1,0,1,10,0,10,1.38
CO0300900,MOUNTAIN VIEW,MOUNTAIN VIEW,City,CO,2022,531,10,1,11,0,0,0,10,1,11,20.72
MN0540100,,,City,MN,2022,1741,3,0,3,0,1,1,3,1,4,2.30
NJ0180400,BOUND BROOK PD,BOUND BROOK PD,City,NJ,2022,11948,24,2,26,0,4,4,24,6,30,2.51
AR0480100,BRINKLEY PD,BRINKLEY PD,City,AR,2022,2616,7,1,8,1,6,7,8,7,15,5.73
NJ0134400,SEA GIRT PD,SEA GIRT PD,City,NJ,2022,1885,12,0,12,0,1,1,12,1,13,6.90
PA0381300,NORTH LEBANON TWP PD LEBANON,NORTH LEBANON TWP PD LEBANON,City,PA,2022,12030,12,0,12,0,1,1,12,1,13,1.08
NJ0170500,PENNSVILLE TWP PD PENNSVILLE,PENNSVILLE TWP PD PENNSVILLE,City,NJ,2022,12651,22,1,23,0,1,1,22,2,24,1.90
AK0013000,DILLINGHAM PD,DILLINGHAM PD,City,AK,2022,2172,6,4,10,0,2,2,6,6,12,5.52
WI0440100,MINOCQUA PD,MINOCQUA PD,City,WI,2022,5186,8,1,9,2,5,7,10,6,16,3.09
MA0092100,HOPKINTON PD,HOPKINTON PD,City,MA,2022,19180,20,3,23,2,6,8,22,9,31,1.62
CA0130600,IMPERIAL PD,IMPERIAL PD,City,CA,2022,21626,14,1,15,4,3,7,18,4,22,1.02
NJ0150900,HARVEY CEDARS PD,HARVEY CEDARS PD,City,NJ,2022,410,9,0,9,0,1,1,9,1,10,24.39
GA0700100,SPARTA PD,SPARTA PD,City,GA,2022,1315,5,0,5,1,5,6,6,5,11,8.37
AL0040000,AUTAUGA CO SO PRATTVILLE,AUTAUGA CO SO PRATTVILLE,County,AL,2022,21706,28,7,35,3,24,27,31,31,62,2.86
TX0110200,ELGIN PD,ELGIN PD,City,TX,2022,11245,13,1,14,7,3,10,20,4,24,2.13
NJ0140100,BOONTON PD,BOONTON PD,City,NJ,2022,8805,23,0,23,0,1,1,23,1,24,2.73
MA0081900,WILLIAMSBURG PD,WILLIAMSBURG PD,City,MA,2022,2460,1,0,1,1,0,1,2,0,2,0.81
MI5072200,ST CLAIR SHORES PD,ST CLAIR SHORES PD,City,MI,2022,57654,72,0,72,8,5,13,80,5,85,1.47
OK0261300,RUSH SPRINGS,RUSH SPRINGS,City,OK,2022,1008,4,0,4,0,0,0,4,0,4,3.97
OH0290700,CEDARVILLE,CEDARVILLE,City,OH,2022,4333,4,0,4,1,0,1,5,0,5,1.15
OK0340000,JEFFERSON,JEFFERSON,County,OK,2022,2740,3,5,8,0,7,7,3,12,15,5.47
OH0600000,MUSKINGUM,MUSKINGUM,County,OH,2022,53778,69,22,91,11,29,40,80,51,131,2.44
OR0260000,MULTNOMAH,MULTNOMAH,County,OR,2022,47223,110,421,531,16,193,209,126,614,740,15.67
IL0821200,MILLSTADT PD,MILLSTADT PD,City,IL,2022,3986,8,0,8,0,0,0,8,0,8,2.01
VA0290200,HERNDON PD,HERNDON PD,City,VA,2022,24070,45,4,49,3,14,17,48,18,66,2.74
VA0710100,CHATHAM PD,CHATHAM PD,City,VA,2022,1182,3,0,3,0,0,0,3,0,3,2.54
SC0342600,STATE TRANSPORT POLICE,STATE TRANSPORT POLICE,Other State Agency,SC,2022,0,3,0,3,0,0,0,3,0,3,
TX1010000,HARRIS CO SO HOUSTON,HARRIS CO SO HOUSTON,County,TX,2022,2029908,1865,1162,3027,395,1215,1610,2260,2377,4637,2.28
IL0452700,FOX VALLEY PARK DISTRICT,FOX VALLEY PARK DISTRICT,Other,IL,2022,0,2,0,2,0,1,1,2,1,3,
SD0460100,STURGIS PD,STURGIS PD,City,SD,2022,7121,17,0,17,1,3,4,18,3,21,2.95
MD0160100,CHEVY CHASE VILLAGE POLICE DEPARTMENT,CHEVY CHASE VILLAGE POLICE DEPARTMENT,City,MD,2022,2013,11,2,13,0,3,3,11,5,16,7.95
MA0091300,CHELMSFORD PD,CHELMSFORD PD,City,MA,2022,35630,51,2,53,5,3,8,56,5,61,1.71
ME0040400,RANGELEY PD,RANGELEY PD,City,ME,2022,1253,2,0,2,0,0,0,2,0,2,1.60
IL0820000,SAINT CLAIR CO SO BELLEVILLE,SAINT CLAIR CO SO BELLEVILLE,County,IL,2022,52994,58,49,107,2,23,25,60,72,132,2.49
NC0602900,MINT HILL POLICE DEPARTMENT,MINT HILL POLICE DEPARTMENT,City,NC,2022,26728,36,0,36,4,3,7,40,3,43,1.61
IL0166M00,NORTHEASTERN IL ST UNIV PD CHICAGO,NORTHEASTERN IL ST UNIV PD CHICAGO,University or College,IL,2022,0,13,1,14,2,4,6,15,5,20,
OR0030900,WEST LINN,WEST LINN,City,OR,2022,26842,21,1,22,2,5,7,23,6,29,1.08
SC0240500,PUBLIC SAFETY DEPT LANDER COLLEGE GREENWOOD,PUBLIC SAFETY DEPT LANDER COLLEGE GREENWOOD,University or College,SC,2022,0,11,3,14,1,6,7,12,9,21,
TX1080200,DONNA POLICE DEPT,DONNA POLICE DEPT,City,TX,2022,16842,33,8,41,4,7,11,37,15,52,3.09
TX2390100,BRENHAM PD,BRENHAM PD,City,TX,2022,18785,28,0,28,6,4,10,34,4,38,2.02
NC0640200,SPRING HOPE PD,SPRING HOPE PD,City,NC,2022,1309,5,0,5,0,0,0,5,0,5,3.82
CA0152100,,,Other,CA,2022,0,29,0,29,3,4,7,32,4,36,
KY1090100,CAMPBELLSVILLE PD,CAMPBELLSVILLE PD,City,KY,2022,11548,17,1,18,0,0,0,17,1,18,1.56
PA0392700,UPPER MACUNGINE TOWNSHIP,UPPER MACUNGINE TOWNSHIP,City,PA,2022,27057,28,0,28,2,3,5,30,3,33,1.22
SC0180400,RIDGEVILLE PD,RIDGEVILLE PD,City,SC,2022,1539,2,0,2,0,0,0,2,0,2,1.30
WI0600300,SHEBOYGAN FALLS PD,SHEBOYGAN FALLS PD,City,WI,2022,8140,10,0,10,5,0,5,15,0,15,1.84
RI0050200,NORTH KINGSTOWN PD,NORTH KINGSTOWN PD,City,RI,2022,28008,52,0,52,1,5,6,53,5,58,2.07
MI6571200,ROSE CITY PD,ROSE CITY PD,City,MI,2022,561,1,0,1,0,0,0,1,0,1,1.78
NY232UN00,SUNY COLLEGE: UTICA-ROME,SUNY COLLEGE: UTICA-ROME,University or College,NY,2022,0,10,3,13,2,2,4,12,5,17,
SD0330100,FREEMAN PD,FREEMAN PD,City,SD,2022,1317,2,0,2,0,0,0,2,0,2,1.52
PA0630600,DONORA PD,DONORA PD,City,PA,2022,4504,4,0,4,0,0,0,4,0,4,0.89
TN0630200,AUSTIN PEAY UNIV SAFETY & SEC DEPT CLARKSVILLE,AUSTIN PEAY UNIV SAFETY & SEC DEPT CLARKSVILLE,University or College,TN,2022,0,11,4,15,6,5,11,17,9,26,
TN0730600,ROANE STATE COMMUNITY COLLEGE DPS,ROANE STATE COMMUNITY COLLEGE DPS,University or College,TN,2022,0,10,10,20,1,1,2,11,11,22,
KY0190500,HIGHLAND HEIGHTS SOUTHGATE POLICE AUTHORITY,HIGHLAND HEIGHTS SOUTHGATE POLICE AUTHORITY,City,KY,2022,6784,12,0,12,0,2,2,12,2,14,2.06
TX0070300,POTEET PD,POTEET PD,City,TX,2022,2970,10,0,10,0,1,1,10,1,11,3.70
OH0330100,ADA,ADA,City,OH,2022,5238,6,0,6,2,0,2,8,0,8,1.53
MD0160600,TAKOMA PARK PD MONTGOMERY CO TAKOMA PARK,TAKOMA PARK PD MONTGOMERY CO TAKOMA PARK,City,MD,2022,17322,32,9,41,6,19,25,38,28,66,3.81
SC0170000,DILLON CO SO DILLON,DILLON CO SO DILLON,County,SC,2022,19826,36,6,42,5,6,11,41,12,53,2.67
OH0181700,EAST CLEVELAND,EAST CLEVELAND,City,OH,2022,13418,30,5,35,3,7,10,33,12,45,3.35
NB0230100,CHADRON PD,CHADRON PD,City,NB,2022,5222,10,2,12,1,5,6,11,7,18,3.45
PA0064200,BETHEL TWP PD BETHEL,BETHEL TWP PD BETHEL,City,PA,2022,4065,6,0,6,0,1,1,6,1,7,1.72
NJ0180800,FRANKLIN TWP PD SOMERSET,FRANKLIN TWP PD SOMERSET,City,NJ,2022,68782,89,5,94,13,16,29,102,21,123,1.79
AL0280400,HENAGAR PD,HENAGAR PD,City,AL,2022,2293,7,1,8,0,3,3,7,4,11,4.80
VT0120800,SECRETARY OF STATE INV U,SECRETARY OF STATE INV U,Other State Agency,VT,2022,0,4,0,4,1,0,1,5,0,5,
NH0022800,SANDWICH PD,SANDWICH PD,City,NH,2022,1573,2,0,2,0,0,0,2,0,2,1.27
AR0160300,LAKE CITY PD,LAKE CITY PD,City,AR,2022,2517,4,0,4,0,0,0,4,0,4,1.59
IL0822200,SAUGET PD,SAUGET PD,City,IL,2022,134,11,0,11,0,1,1,11,1,12,89.55
CO0340100,DURANGO,DURANGO,City,CO,2022,19402,47,12,59,5,7,12,52,19,71,3.66
NM0040500,ANGEL FIRE POLICE DEPARTMENT,ANGEL FIRE POLICE DEPARTMENT,City,NM,2022,1215,4,0,4,0,1,1,4,1,5,4.12
SC0212600,STATE TRANSPORT POLICE,STATE TRANSPORT POLICE,Other State Agency,SC,2022,0,6,0,6,0,1,1,6,1,7,
GA0220000,CARROLL CO SO CARROLLTON,CARROLL CO SO CARROLLTON,County,GA,2022,75398,94,45,139,14,30,44,108,75,183,2.43
IA0850400,IOWA STATE UNIVERSITY POLICE,IOWA STATE UNIVERSITY POLICE,University or College,IA,2022,0,21,9,30,12,15,27,33,24,57,
UT0040000,CARBON CO SO PRICE,CARBON CO SO PRICE,County,UT,2022,6757,24,19,43,1,6,7,25,25,50,7.40
KS0630100,COFFEYVILLE PD,COFFEYVILLE PD,City,KS,2022,8788,19,3,22,4,4,8,23,7,30,3.41
NJ0130300,ASBURY PARK PD,ASBURY PARK PD,City,NJ,2022,15209,83,1,84,6,3,9,89,4,93,6.11
PA0480500,HELLERTOWN PD,HELLERTOWN PD,City,PA,2022,6095,8,0,8,0,0,0,8,0,8,1.31
TX1740200,NACOGDOCHES PD,NACOGDOCHES PD,City,TX,2022,32055,51,6,57,4,19,23,55,25,80,2.50
CA0150900,TEHACHAPI PD,TEHACHAPI PD,City,CA,2022,13212,17,1,18,2,7,9,19,8,27,2.04
CO0010300,COMMERCE CITY,COMMERCE CITY,City,CO,2022,65817,81,15,96,20,29,49,101,44,145,2.20
AR0240100,OZARK PD,OZARK PD,City,AR,2022,3575,10,0,10,0,2,2,10,2,12,3.36
GAGSP0000,SP HDQ ATLANTA,SP HDQ ATLANTA,State Police,GA,2022,0,1022,212,1234,35,270,305,1057,482,1539,
WV0120100,PETERSBURG PD,PETERSBURG PD,City,WV,2022,2247,1,0,1,0,0,0,1,0,1,0.45
MT0030100,CHINOOK PD,CHINOOK PD,City,MT,2022,1173,3,0,3,0,0,0,3,0,3,2.56
MO0570800,MOSCOW MILLS,MOSCOW MILLS,City,MO,2022,3911,6,0,6,1,0,1,7,0,7,1.79
MN0740000,STEELE CO SO OWATONNA,STEELE CO SO OWATONNA,County,MN,2022,9070,23,0,23,2,6,8,25,6,31,3.42
MN0400200,LE SUEUR PD,LE SUEUR PD,City,MN,2022,4174,8,0,8,0,1,1,8,1,9,2.16
ID0040100,MONTPELIER PD,MONTPELIER PD,City,ID,2022,2720,5,0,5,0,1,1,5,1,6,2.21
PA0045600,SPR: RACCOON,SPR: RACCOON,Other State Agency,PA,2022,0,3,7,10,2,2,4,5,9,14,
WI0040200,BAYFIELD PD,BAYFIELD PD,City,WI,2022,590,3,3,6,0,0,0,3,3,6,10.17
MA0141700,GRAFTON PD,GRAFTON PD,City,MA,2022,19965,1,0,1,0,0,0,1,0,1,0.05
AR0230600,UNIV OF CENTRAL ARKANSAS POLICE DEPARTMENT,UNIV OF CENTRAL ARKANSAS POLICE DEPARTMENT,University or College,AR,2022,0,22,4,26,2,6,8,24,10,34,
NB0780200,ASHLAND PD,ASHLAND PD,City,NB,2022,3279,3,1,4,1,1,2,4,2,6,1.83
SC0370400,WEST UNION PD,WEST UNION PD,City,SC,2022,380,1,0,1,0,0,0,1,0,1,2.63
NY0540100,ITHACA CITY PD ITHACA,ITHACA CITY PD ITHACA,City,NY,2022,31576,44,1,45,8,7,15,52,8,60,1.90
CA0570200,WINTERS PD,WINTERS PD,City,CA,2022,7531,11,0,11,0,2,2,11,2,13,1.73
NJ0122500,WOODBRIDGE PD,WOODBRIDGE PD,City,NJ,2022,102980,196,21,217,17,42,59,213,63,276,2.68
CADI0990X,,,Tribal,CA,2022,0,2,0,2,0,0,0,2,0,2,
NY0592800,TARRYTOWN VILLAGE PD TARRYTOWN,TARRYTOWN VILLAGE PD TARRYTOWN,City,NY,2022,11587,30,0,30,3,4,7,33,4,37,3.19
SC0100700,SULLIVANS ISLAND PD,SULLIVANS ISLAND PD,City,SC,2022,1870,10,2,12,1,0,1,11,2,13,6.95
TN0240500,OAKLAND PD,OAKLAND PD,City,TN,2022,10004,18,0,18,2,2,4,20,2,22,2.20
TX2440000,WILBARGER COUNTY SHERIFFS OFFICE,WILBARGER COUNTY SHERIFFS OFFICE,County,TX,2022,2748,6,6,12,2,6,8,8,12,20,7.28
MS0240000,HARRISON CO SO GULFPORT,HARRISON CO SO GULFPORT,County,MS,2022,52749,97,43,140,13,77,90,110,120,230,4.36
WI0520000,RACINE CO SO RACINE,RACINE CO SO RACINE,County,WI,2022,40600,145,81,226,17,32,49,162,113,275,6.77
PA0026800,ETNA PD,ETNA PD,City,PA,2022,3345,7,0,7,0,0,0,7,0,7,2.09
OK0570100,BARNSDALL,BARNSDALL,City,OK,2022,1016,3,0,3,0,1,1,3,1,4,3.94
NC0570000,MACON CO SO FRANKLIN,MACON CO SO FRANKLIN,County,NC,2022,32891,50,10,60,3,10,13,53,20,73,2.22
OR0300800,STANFIELD,STANFIELD,City,OR,2022,2153,0,0,0,1,0,1,1,0,1,0.46
IL0601300,ROXANA PD,ROXANA PD,City,IL,2022,1438,6,0,6,0,1,1,6,1,7,4.87
CO0530000,RIO GRANDE,RIO GRANDE,County,CO,2022,5153,11,15,26,1,12,13,12,27,39,7.57
NC0800300,LANDIS PD,LANDIS PD,City,NC,2022,3732,7,0,7,2,0,2,9,0,9,2.41
PA0101200,CRANBERRY TWP POLICE DEPARTMENT CRANBERRY TWP,CRANBERRY TWP POLICE DEPARTMENT CRANBERRY TWP,City,PA,2022,34468,29,0,29,2,3,5,31,3,34,0.99
NC0361200,RANLO PD GASTONIA,RANLO PD GASTONIA,City,NC,2022,4621,9,0,9,2,1,3,11,1,12,2.60
TX0540000,CROSBY CO SO CROSBYTON,CROSBY CO SO CROSBYTON,County,TX,2022,1051,10,3,13,0,7,7,10,10,20,19.03
GA1550200,TUNNEL HILL PD,TUNNEL HILL PD,City,GA,2022,965,4,0,4,0,0,0,4,0,4,4.15
MN0590000,PIPESTONE CO SO PIPESTONE,PIPESTONE CO SO PIPESTONE,County,MN,2022,9236,14,3,17,1,7,8,15,10,25,2.71
SC0450100,HEMINGWAY PD,HEMINGWAY PD,City,SC,2022,489,4,0,4,0,1,1,4,1,5,10.22
GA0450000,DODGE CO SO EASTMAN,DODGE CO SO EASTMAN,County,GA,2022,13859,23,15,38,1,14,15,24,29,53,3.82
NM0290000,TAOS CO SO TAOS,TAOS CO SO TAOS,County,NM,2022,25860,26,1,27,3,2,5,29,3,32,1.24
WV0280200,BLUEFIELD PD,BLUEFIELD PD,City,WV,2022,9411,26,4,30,2,2,4,28,6,34,3.61
WA0340200,TUMWATER PD,TUMWATER PD,City,WA,2022,26227,27,2,29,5,5,10,32,7,39,1.49
NM032100X,PERALTA,PERALTA,City,NM,2022,3432,6,0,6,0,1,1,6,1,7,2.04
IL0168800,PARK FOREST PD,PARK FOREST PD,City,IL,2022,20896,35,5,40,6,11,17,41,16,57,2.73
MN0070200,MAPLETON PD,MAPLETON PD,City,MN,2022,2193,4,0,4,1,0,1,5,0,5,2.28
SC0101300,ST PORTS AUTHORITY CHARLESTON,ST PORTS AUTHORITY CHARLESTON,Other State Agency,SC,2022,0,22,32,54,6,30,36,28,62,90,
WA0030000,BENTON CO SO PROSSER,BENTON CO SO PROSSER,County,WA,2022,41753,62,0,62,6,14,20,68,14,82,1.96
ND0310000,MOUNTRAIL CO SO STANLEY,MOUNTRAIL CO SO STANLEY,County,ND,2022,4449,9,2,11,2,11,13,11,13,24,5.39
TX2210300,MERKEL PD,MERKEL PD,City,TX,2022,2431,2,0,2,2,0,2,4,0,4,1.65
PA0320900,,,Other,PA,2022,0,2,0,2,0,0,0,2,0,2,
MA0110900,FOXBORO PD,FOXBORO PD,City,MA,2022,18549,36,2,38,3,1,4,39,3,42,2.26
FL0063200,BROWARD CO DEPT AIRPORTS POLICE FT LAUDERDALE,BROWARD CO DEPT AIRPORTS POLICE FT LAUDERDALE,Other,FL,2022,0,79,6,85,6,15,21,85,21,106,
AL0110300,PIEDMONT PD,PIEDMONT PD,City,AL,2022,4779,13,3,16,1,4,5,14,7,21,4.39
KY0190900,COLD SPRING PD,COLD SPRING PD,City,KY,2022,6272,13,0,13,0,0,0,13,0,13,2.07
AL0520700,TRINITY PD,TRINITY PD,City,AL,2022,2553,9,0,9,0,0,0,9,0,9,3.53
SC018NR00,DNR: DORCHESTER COUNTY,DNR: DORCHESTER COUNTY,Other State Agency,SC,2022,0,4,0,4,0,0,0,4,0,4,
MN0380200,TWO HARBORS PD,TWO HARBORS PD,City,MN,2022,3624,9,0,9,0,1,1,9,1,10,2.76
KS0890100,TOPEKA PD,TOPEKA PD,City,KS,2022,125658,227,11,238,34,36,70,261,47,308,2.45
GA1570000,WILKES CO SO WASHINGTON,WILKES CO SO WASHINGTON,County,GA,2022,9503,32,14,46,2,17,19,34,31,65,6.84
TN0230000,DYER CO SO DYERSBURG,DYER CO SO DYERSBURG,County,TN,2022,16870,36,35,71,2,33,35,38,68,106,6.28
GA0140100,QUITMAN PD,QUITMAN PD,City,GA,2022,4097,8,0,8,2,2,4,10,2,12,2.93
OH0481200,WHITEHOUSE,WHITEHOUSE,City,OH,2022,5042,8,0,8,4,0,4,12,0,12,2.38
KS1051200,,,Other,KS,2022,0,25,5,30,7,12,19,32,17,49,
NB0010000,ADAMS CO SO HASTINGS,ADAMS CO SO HASTINGS,County,NB,2022,6007,15,13,28,1,15,16,16,28,44,7.32
PA0465300,LIMERICK TWP PD LIMERICK,LIMERICK TWP PD LIMERICK,City,PA,2022,20764,26,0,26,3,3,6,29,3,32,1.54
MA0121600,MATTAPOISETT PD,MATTAPOISETT PD,City,MA,2022,6932,16,1,17,2,1,3,18,2,20,2.89
WI0620500,,,City,WI,2022,1651,4,0,4,0,0,0,4,0,4,2.42
CA0302700,CALIFORNIA STATE UNIV PD FULLERTON,CALIFORNIA STATE UNIV PD FULLERTON,University or College,CA,2022,0,18,0,18,5,9,14,23,9,32,
NY0015300,COLONIE TOWN PD LATHAM,COLONIE TOWN PD LATHAM,City,NY,2022,81035,107,28,135,7,17,24,114,45,159,1.96
FL0060400,HALLANDALE BEACH POLICE DEPARTMENT,HALLANDALE BEACH POLICE DEPARTMENT,City,FL,2022,40919,73,15,88,13,24,37,86,39,125,3.05
SC0380500,ELLOREE PD,ELLOREE PD,City,SC,2022,553,3,0,3,0,0,0,3,0,3,5.42
TX0141500,KILLEEN ISD POLICE DEPARTMENT KILLEEN,KILLEEN ISD POLICE DEPARTMENT KILLEEN,Other,TX,2022,0,24,0,24,3,1,4,27,1,28,
NC0490400,TROUTMAN PD,TROUTMAN PD,City,NC,2022,3889,16,0,16,0,1,1,16,1,17,4.37
NJ0020700,CLOSTER PD,CLOSTER PD,City,NJ,2022,8474,21,0,21,1,1,2,22,1,23,2.71
MN0500100,AUSTIN PD,AUSTIN PD,City,MN,2022,26275,31,2,33,2,1,3,33,3,36,1.37
VA0580200,CHASE CITY PD,CHASE CITY PD,City,VA,2022,2037,8,0,8,0,1,1,8,1,9,4.42
TX2270100,AUSTIN PD,AUSTIN PD,City,TX,2022,965234,1354,261,1615,173,390,563,1527,651,2178,2.26
SD0360000,JERAULD CO SO WESSINGTON SPRINGS,JERAULD CO SO WESSINGTON SPRINGS,County,SD,2022,1626,3,0,3,1,0,1,4,0,4,2.46
IL0221700,VILLA PARK PD,VILLA PARK PD,City,IL,2022,21752,34,1,35,3,9,12,37,10,47,2.16
NH0075200,WEBSTER PD,WEBSTER PD,City,NH,2022,1976,2,0,2,0,0,0,2,0,2,1.01
TX2460300,GRANGER PD,GRANGER PD,City,TX,2022,1204,3,0,3,1,0,1,4,0,4,3.32
OK0451000,,,City,OK,2022,283,1,0,1,0,0,0,1,0,1,3.53
CA0211700,CENTRAL MARIN,CENTRAL MARIN,City,CA,2022,35543,36,0,36,6,6,12,42,6,48,1.35
PA0041300,HARMONY TWP PD AMBRIDGE,HARMONY TWP PD AMBRIDGE,City,PA,2022,3117,5,0,5,0,0,0,5,0,5,1.60
TX1012500,WEBSTER PD,WEBSTER PD,City,TX,2022,11952,45,5,50,5,16,21,50,21,71,5.94
PA0027000,FRANKLIN PARK POLICE DEPARTMENT PITTSBURGH,FRANKLIN PARK POLICE DEPARTMENT PITTSBURGH,City,PA,2022,15165,13,0,13,3,1,4,16,1,17,1.12
NY0260000,MADISON CO SHERIFF'S DEPARTMENT WAMPSVILLE,MADISON CO SHERIFF'S DEPARTMENT WAMPSVILLE,County,NY,2022,41839,36,1,37,5,10,15,41,11,52,1.24
CA0401900,CUESTA COLLEGE POLICE DEPARTMENT,CUESTA COLLEGE POLICE DEPARTMENT,University or College,CA,2022,0,3,2,5,0,1,1,3,3,6,
NJ0050700,NORTH WILDWOOD PD,NORTH WILDWOOD PD,City,NJ,2022,3602,24,2,26,4,7,11,28,9,37,10.27
UT0290600,RIVERDALE PD,RIVERDALE PD,City,UT,2022,9408,21,0,21,0,3,3,21,3,24,2.55
KY1150000,WASHINGTON CO SO SPRINGFIELD,WASHINGTON CO SO SPRINGFIELD,County,KY,2022,9258,7,0,7,0,2,2,7,2,9,0.97
PA0520400,EASTERN PIKE REGIONAL PD MATAMORAS,EASTERN PIKE REGIONAL PD MATAMORAS,City,PA,2022,5160,8,0,8,2,0,2,10,0,10,1.94
WI0100800,,,City,WI,2022,1767,2,0,2,1,0,1,3,0,3,1.70
TX0530000,CROCKETT CO SO OZONA,CROCKETT CO SO OZONA,County,TX,2022,3044,6,3,9,1,2,3,7,5,12,3.94
MO0958400,WOODSON TERRACE,WOODSON TERRACE,City,MO,2022,3900,17,0,17,0,2,2,17,2,19,4.87
TX1090100,HILLSBORO PD,HILLSBORO PD,City,TX,2022,8407,20,2,22,5,9,14,25,11,36,4.28
OR0300700,PILOT ROCK,PILOT ROCK,City,OR,2022,1332,2,0,2,0,0,0,2,0,2,1.50
MA0060100,ASHFIELD PD,ASHFIELD PD,City,MA,2022,1690,0,0,0,1,0,1,1,0,1,0.59
MO0620300,MARQUAND,MARQUAND,City,MO,2022,193,1,0,1,0,0,0,1,0,1,5.18
NH0074200,PEMBROKE PD,PEMBROKE PD,City,NH,2022,7684,9,0,9,1,2,3,10,2,12,1.56
OR023SP00,SP: MALHEUR COUNTY,SP: MALHEUR COUNTY,State Police,OR,2022,0,24,1,25,3,2,5,27,3,30,
AR0620600,CITY OF MADISON POLICE DEPARTMENT,CITY OF MADISON POLICE DEPARTMENT,City,AR,2022,721,3,3,6,0,0,0,3,3,6,8.32
FL0530300,DAVENPORT PD,DAVENPORT PD,City,FL,2022,12393,12,0,12,3,1,4,15,1,16,1.29
TX0030100,DIBOLL POLICE DEPT,DIBOLL POLICE DEPT,City,TX,2022,4466,11,0,11,2,3,5,13,3,16,3.58
NH0051000,BETHLEHEM PD,BETHLEHEM PD,City,NH,2022,2543,4,0,4,2,0,2,6,0,6,2.36
MI7417400,ST CLAIR CO SO PORT HURON,ST CLAIR CO SO PORT HURON,County,MI,2022,99169,75,72,147,6,33,39,81,105,186,1.88
TX2260100,SAN ANGELO PD,SAN ANGELO PD,City,TX,2022,99243,152,12,164,17,31,48,169,43,212,2.14
ID0120000,BUTTE CO SO ARCO,BUTTE CO SO ARCO,County,ID,2022,2710,4,0,4,1,0,1,5,0,5,1.85
IA0760000,POCAHONTAS CO SO POCAHONTAS,POCAHONTAS CO SO POCAHONTAS,County,IA,2022,7079,8,3,11,0,9,9,8,12,20,2.83
NM0290300,RED RIVER MARSHAL'S OFFICE RED RIVER,RED RIVER MARSHAL'S OFFICE RED RIVER,City,NM,2022,541,3,1,4,1,4,5,4,5,9,16.64
IL0162900,EAST HAZEL CREST PD HAZEL CREST,EAST HAZEL CREST PD HAZEL CREST,City,IL,2022,1237,9,0,9,1,2,3,10,2,12,9.70
NY0298800,OYSTER BAY COVE VILLAGE PD OYSTER BAY,OYSTER BAY COVE VILLAGE PD OYSTER BAY,City,NY,2022,4192,12,0,12,2,0,2,14,0,14,3.34
WV0200300,DUNBAR PD,DUNBAR PD,City,WV,2022,7218,15,0,15,0,1,1,15,1,16,2.22
WA0270000,PIERCE CO SO TACOMA,PIERCE CO SO TACOMA,County,WA,2022,441890,222,11,233,30,49,79,252,60,312,0.71
MN0050300,,,City,MN,2022,2149,2,0,2,0,0,0,2,0,2,0.93
GA0230000,CATOOSA CO SO RINGGOLD,CATOOSA CO SO RINGGOLD,County,GA,2022,55350,60,24,84,10,21,31,70,45,115,2.08
NY0353400,FLORIDA VILLAGE PD FLORIDA,FLORIDA VILLAGE PD FLORIDA,City,NY,2022,2931,1,0,1,0,0,0,1,0,1,0.34
IL0320000,GRUNDY CO SO MORRIS,GRUNDY CO SO MORRIS,County,IL,2022,15472,30,11,41,3,8,11,33,19,52,3.36
MO0240300,EXCELSIOR SPRINGS,EXCELSIOR SPRINGS,City,MO,2022,10608,12,5,17,4,8,12,16,13,29,2.73
NB0830000,SIOUX CO SO HARRISON,SIOUX CO SO HARRISON,County,NB,2022,1143,3,0,3,0,0,0,3,0,3,2.62
SC027NR00,DNR: JASPER COUNTY,DNR: JASPER COUNTY,Other State Agency,SC,2022,0,2,0,2,1,0,1,3,0,3,
PA0363900,EAST EARL TWP PD BLUE BALL,EAST EARL TWP PD BLUE BALL,City,PA,2022,8142,5,0,5,0,0,0,5,0,5,0.61
PA0220300,HUMMELSTOWN PD,HUMMELSTOWN PD,City,PA,2022,4514,7,0,7,1,0,1,8,0,8,1.77
MO0010100,KIRKSVILLE,KIRKSVILLE,City,MO,2022,17515,26,1,27,2,2,4,28,3,31,1.77
UTLED0200,UT LAW ENF DIV PK & REC SALT LAKE CITY,UT LAW ENF DIV PK & REC SALT LAKE CITY,Other State Agency,UT,2022,0,55,0,55,8,1,9,63,1,64,
PA0233300,TINICUM TWP PD ESSINGTON,TINICUM TWP PD ESSINGTON,City,PA,2022,3938,15,0,15,0,2,2,15,2,17,4.32
VA0970100,WYTHEVILLE PD,WYTHEVILLE PD,City,VA,2022,8199,24,1,25,1,2,3,25,3,28,3.42
VA0960300,COEBURN PD,COEBURN PD,City,VA,2022,1559,6,0,6,0,1,1,6,1,7,4.49
OH0131700,PIERCE TOWNSHIP,PIERCE TOWNSHIP,City,OH,2022,15277,14,1,15,4,1,5,18,2,20,1.31
VT0060300,SWANTON PD,SWANTON PD,City,VT,2022,6813,8,0,8,0,0,0,8,0,8,1.17
NJ0115000,PRINCETON UNIVERSITY,PRINCETON UNIVERSITY,University or College,NJ,2022,0,35,37,72,4,21,25,39,58,97,
LANPD0000,NEW ORLEANS PD,NEW ORLEANS PD,City,LA,2022,370128,711,64,775,234,135,369,945,199,1144,3.09
GA0330500,ACWORTH PD,ACWORTH PD,City,GA,2022,22170,35,4,39,7,7,14,42,11,53,2.39
WV0061000,HUNTINGTON VIOLENT CRIME/DRUG TASK FORCE,HUNTINGTON VIOLENT CRIME/DRUG TASK FORCE,Other,WV,2022,0,2,0,2,1,1,2,3,1,4,
IL0630100,HAVANA PD,HAVANA PD,City,IL,2022,2868,8,0,8,1,5,6,9,5,14,4.88
OK0770000,WOODWARD,WOODWARD,County,OK,2022,7048,11,10,21,1,7,8,12,17,29,4.11
NJ0133700,TOWNSHIP OF OCEAN PD,TOWNSHIP OF OCEAN PD,City,NJ,2022,28119,55,4,59,6,11,17,61,15,76,2.70
GA0070300,STATHAM PD,STATHAM PD,City,GA,2022,2880,8,0,8,3,2,5,11,2,13,4.51
PA0060300,CUMRU TWP PD MOHNTON,CUMRU TWP PD MOHNTON,City,PA,2022,15622,24,0,24,2,1,3,26,1,27,1.73
LA0150100,FERRIDAY PD,FERRIDAY PD,City,LA,2022,3041,8,1,9,3,4,7,11,5,16,5.26
TX2270900,PFLUGERVILLE POLICE DEPARTMENT,PFLUGERVILLE POLICE DEPARTMENT,City,TX,2022,67817,83,10,93,8,23,31,91,33,124,1.83
AL0590600,PELHAM PD,PELHAM PD,City,AL,2022,24920,63,4,67,4,11,15,67,15,82,3.29
CA0330200,BEAUMONT PD,BEAUMONT PD,City,CA,2022,57067,45,3,48,9,18,27,54,21,75,1.31
NH0071400,CHICHESTER PD,CHICHESTER PD,City,NH,2022,2777,4,0,4,1,0,1,5,0,5,1.80
GA0630000,GLYNN CO SO BRUNSWICK,GLYNN CO SO BRUNSWICK,County,GA,2022,0,52,48,100,9,50,59,61,98,159,
MI1181000,WATERVLIET PD,WATERVLIET PD,City,MI,2022,1635,5,0,5,0,0,0,5,0,5,3.06
OK0241500,LAHOMA,LAHOMA,City,OK,2022,515,1,0,1,0,0,0,1,0,1,1.94
TN0800200,SOUTH CARTHAGE PD,SOUTH CARTHAGE PD,City,TN,2022,1563,3,0,3,1,0,1,4,0,4,2.56
VA1130000,HOPEWELL PD,HOPEWELL PD,City,VA,2022,23395,48,1,49,9,12,21,57,13,70,2.99
IA0060000,BENTON CO SO VINTON,BENTON CO SO VINTON,County,IA,2022,18578,13,6,19,1,17,18,14,23,37,1.99
CA0010400,EMERYVILLE PD,EMERYVILLE PD,City,CA,2022,12781,30,4,34,3,12,15,33,16,49,3.83
WA0240400,OROVILLE PD,OROVILLE PD,City,WA,2022,1794,5,0,5,0,1,1,5,1,6,3.34
NDDI00100,BU IND AFF LAW ENF TURTLE MTN AGENCY BELCOURT,BU IND AFF LAW ENF TURTLE MTN AGENCY BELCOURT,Tribal,ND,2022,0,18,7,25,4,14,18,22,21,43,
MI3213200,HURON CO SO BAD AXE,HURON CO SO BAD AXE,County,MI,2022,18909,18,12,30,1,5,6,19,17,36,1.90
TN0192300,NASHVILLE ST TECH INSTIT SAFTY & SECURTY OFFICE,NASHVILLE ST TECH INSTIT SAFTY & SECURTY OFFICE,University or College,TN,2022,0,2,18,20,0,0,0,2,18,20,
OH0185400,WALTON HILLS,WALTON HILLS,City,OH,2022,1997,10,1,11,2,3,5,12,4,16,8.01
PA0541300,COALDALE PD,COALDALE PD,City,PA,2022,2435,3,0,3,0,0,0,3,0,3,1.23
NJ0070500,CEDAR GROVE TWP PD CEDAR GROVE,CEDAR GROVE TWP PD CEDAR GROVE,City,NJ,2022,13822,28,0,28,3,1,4,31,1,32,2.32
AK0012200,HOMER PD,HOMER PD,City,AK,2022,5894,11,3,14,2,6,8,13,9,22,3.73
PA0560300,WINDBER PD,WINDBER PD,City,PA,2022,3868,2,0,2,0,1,1,2,1,3,0.78
WA0290000,SKAGIT CO SO MOUNT VERNON,SKAGIT CO SO MOUNT VERNON,County,WA,2022,55741,50,45,95,4,29,33,54,74,128,2.30
KY0510000,HENDERSON CO SO HENDERSON,HENDERSON CO SO HENDERSON,County,KY,2022,16484,24,1,25,1,6,7,25,7,32,1.94
OK0340800,RINGLING,RINGLING,City,OK,2022,902,2,0,2,0,0,0,2,0,2,2.22
NY0332900,TOWN OF MANLIUS PD MANLIUS,TOWN OF MANLIUS PD MANLIUS,City,NY,2022,25533,31,1,32,4,3,7,35,4,39,1.53
KS0670100,CHANUTE PD,CHANUTE PD,City,KS,2022,8571,15,1,16,3,2,5,18,3,21,2.45
LA0080700,SOUTHERN UNIV PD SHREVEPORT,SOUTHERN UNIV PD SHREVEPORT,University or College,LA,2022,0,2,0,2,1,0,1,3,0,3,
NB0920000,WHEELER CO SO BARTLETT,WHEELER CO SO BARTLETT,County,NB,2022,819,2,0,2,0,0,0,2,0,2,2.44
ID0260100,RIGBY PD,RIGBY PD,City,ID,2022,5428,8,1,9,1,0,1,9,1,10,1.84
VA0670300,BURKEVILLE PD,BURKEVILLE PD,City,VA,2022,419,1,0,1,0,0,0,1,0,1,2.39
NH0060600,BEDFORD PD,BEDFORD PD,City,NH,2022,23845,31,6,37,5,6,11,36,12,48,2.01
OH0560000,MONROE,MONROE,County,OH,2022,11078,28,17,45,0,18,18,28,35,63,5.69
TX0140200,BELTON PD,BELTON PD,City,TX,2022,24188,37,6,43,5,8,13,42,14,56,2.32
WI0160000,DOUGLAS CO SO SUPERIOR,DOUGLAS CO SO SUPERIOR,County,WI,2022,17648,27,27,54,3,17,20,30,44,74,4.19
IL0900800,NORTH PEKIN PD,NORTH PEKIN PD,City,IL,2022,1449,6,0,6,0,0,0,6,0,6,4.14
FL0180200,FLAGLER BEACH PD,FLAGLER BEACH PD,City,FL,2022,5361,12,0,12,2,3,5,14,3,17,3.17
NH0031600,JAFFREY PD,JAFFREY PD,City,NH,2022,5495,8,0,8,2,1,3,10,1,11,2.00
WI0230300,ALBANY PD,ALBANY PD,City,WI,2022,1076,3,0,3,0,0,0,3,0,3,2.79
MO0550000,LAWRENCE,LAWRENCE,County,MO,2022,18603,27,6,33,3,5,8,30,11,41,2.20
KY0390100,WARSAW PD,WARSAW PD,City,KY,2022,1740,6,0,6,0,0,0,6,0,6,3.45
AL0490100,HAMILTON PD,HAMILTON PD,City,AL,2022,6970,15,0,15,0,2,2,15,2,17,2.44
KY0600500,,,County,KY,2022,0,1,0,1,0,0,0,1,0,1,
IL0222200,WINFIELD PD,WINFIELD PD,City,IL,2022,10460,15,1,16,0,2,2,15,3,18,1.72
NY0355200,CORNWALL TOWN PD CORNWALL,CORNWALL TOWN PD CORNWALL,City,NY,2022,9840,9,0,9,0,2,2,9,2,11,1.12
WI0700000,WAUSHARA CO SO WAUTOMA,WAUSHARA CO SO WAUTOMA,County,WI,2022,20636,28,11,39,2,17,19,30,28,58,2.81
IL0210100,ARCOLA PD,ARCOLA PD,City,IL,2022,2874,5,0,5,0,1,1,5,1,6,2.09
MO0950B00,UNIV OF MO: ST. LOUIS,UNIV OF MO: ST. LOUIS,University or College,MO,2022,0,11,2,13,4,4,8,15,6,21,
MS0690200,,,University or College,MS,2022,0,14,0,14,0,1,1,14,1,15,
GA0680000,HABERSHAM CO SO CLARKESVILLE,HABERSHAM CO SO CLARKESVILLE,County,GA,2022,33391,47,13,60,9,14,23,56,27,83,2.49
CA0071200,WALNUT CREEK PD,WALNUT CREEK PD,City,CA,2022,69417,65,7,72,10,28,38,75,35,110,1.58
IL0162200,COUNTRY CLUB HILLS PD,COUNTRY CLUB HILLS PD,City,IL,2022,16100,29,2,31,5,5,10,34,7,41,2.55
FL0480300,OCOEE PD,OCOEE PD,City,FL,2022,47445,68,6,74,24,13,37,92,19,111,2.34
MS0610600,FLORENCE PD,FLORENCE PD,City,MS,2022,4680,15,0,15,1,7,8,16,7,23,4.91
MA0145300,WARREN PD,WARREN PD,City,MA,2022,4969,8,0,8,1,1,2,9,1,10,2.01
TX2460500,ROUND ROCK PD,ROUND ROCK PD,City,TX,2022,127349,155,21,176,19,47,66,174,68,242,1.90
FL0641400,PONCE INLET POLICE DEPARTMENT,PONCE INLET POLICE DEPARTMENT,City,FL,2022,3436,13,0,13,0,2,2,13,2,15,4.37
AR0240200,CHARLESTON PD,CHARLESTON PD,City,AR,2022,2642,4,0,4,0,0,0,4,0,4,1.51
PA0550200,MIDDLEBURG PD,MIDDLEBURG PD,City,PA,2022,1310,2,0,2,0,0,0,2,0,2,1.53
CO0040000,ARCHULETA,ARCHULETA,County,CO,2022,12471,14,15,29,3,11,14,17,26,43,3.45
TX1230700,PORT ARTHUR POLICE DEPT,PORT ARTHUR POLICE DEPT,City,TX,2022,55899,94,7,101,21,26,47,115,33,148,2.65
ID0140000,CANYON CO SO CALDWELL,CANYON CO SO CALDWELL,County,ID,2022,58658,58,101,159,6,90,96,64,191,255,4.35
MI3950000,KALAMAZOO TWP PD KALAMAZOO,KALAMAZOO TWP PD KALAMAZOO,City,MI,2022,24309,23,1,24,10,5,15,33,6,39,1.60
VA1300300,VIRGINIA COMMONWEALTH UNIV PD RICHMOND,VIRGINIA COMMONWEALTH UNIV PD RICHMOND,University or College,VA,2022,0,67,7,74,20,17,37,87,24,111,
AZ0071300,GLENDALE PD,GLENDALE PD,City,AZ,2022,250466,369,32,401,49,100,149,418,132,550,2.20
WV0130000,GREENBRIER CO SO LEWISBURG,GREENBRIER CO SO LEWISBURG,County,WV,2022,21893,27,0,27,1,1,2,28,1,29,1.32
KS0560200,EMPORIA STATE UNIVERSITY PD EMPORIA,EMPORIA STATE UNIVERSITY PD EMPORIA,University or College,KS,2022,0,5,0,5,2,0,2,7,0,7,
TX0151500,WINDCREST POLICE DEPT,WINDCREST POLICE DEPT,City,TX,2022,5793,20,5,25,5,7,12,25,12,37,6.39
GA0560400,FAYETTE COUNTY MARSHAL'S OFFICE FAYETTEVILLE,FAYETTE COUNTY MARSHAL'S OFFICE FAYETTEVILLE,Other,GA,2022,0,4,2,6,0,0,0,4,2,6,
NJ0060000,CUMBERLAND CO SHERIFFS OFF BRIDGETON,CUMBERLAND CO SHERIFFS OFF BRIDGETON,County,NJ,2022,0,41,1,42,8,7,15,49,8,57,
MI8237000,ECORSE PD,ECORSE PD,City,MI,2022,9113,17,0,17,2,0,2,19,0,19,2.08
OH0600400,FRAZEYSBURG,FRAZEYSBURG,City,OH,2022,1355,2,0,2,0,0,0,2,0,2,1.48
MI0554800,MANCELONA PD,MANCELONA PD,City,MI,2022,1378,1,0,1,0,0,0,1,0,1,0.73
IL0450300,CARPENTERSVILLE PD,CARPENTERSVILLE PD,City,IL,2022,37334,54,0,54,5,4,9,59,4,63,1.69
MO1080300,LICKING,LICKING,City,MO,2022,2749,5,0,5,0,0,0,5,0,5,1.82
TX0912100,TIOGA POLICE DEPARTMENT,TIOGA POLICE DEPARTMENT,City,TX,2022,1220,4,0,4,0,0,0,4,0,4,3.28
TN0010400,NORRIS PD,NORRIS PD,City,TN,2022,1576,6,0,6,0,0,0,6,0,6,3.81
AR0730600,ROSE BUD PD,ROSE BUD PD,City,AR,2022,499,2,0,2,1,1,2,3,1,4,8.02
OH0300000,GUERNSEY,GUERNSEY,County,OH,2022,25391,25,17,42,3,13,16,28,30,58,2.28
SC0340300,NICHOLS PD,NICHOLS PD,City,SC,2022,226,1,0,1,0,0,0,1,0,1,4.42
TX2500300,MINEOLA PD,MINEOLA PD,City,TX,2022,5031,12,2,14,1,5,6,13,7,20,3.98
IL0840000,SANGAMON CO SO SPRINGFIELD,SANGAMON CO SO SPRINGFIELD,County,IL,2022,34380,130,14,144,21,30,51,151,44,195,5.67
WI0210100,CRANDON PD,CRANDON PD,City,WI,2022,1764,3,0,3,0,1,1,3,1,4,2.27
IL058149E,,,University or College,IL,2022,0,3,9,12,0,4,4,3,13,16,
KY1000100,SOMERSET PD,SOMERSET PD,City,KY,2022,12170,41,2,43,1,3,4,42,5,47,3.86
NY0514400,ASHAROKEN VILLAGE PD NORTHPORT,ASHAROKEN VILLAGE PD NORTHPORT,City,NY,2022,619,3,0,3,0,0,0,3,0,3,4.85
SD0510700,,,University or College,SD,2022,0,2,2,4,0,0,0,2,2,4,
ME0100600,ORONO PD,ORONO PD,City,ME,2022,11651,11,0,11,1,1,2,12,1,13,1.12
NY0319000,NYS PARK POLICE NIAGARA REGION,NYS PARK POLICE NIAGARA REGION,Other State Agency,NY,2022,0,23,1,24,4,1,5,27,2,29,
CA0011200,SAN LEANDRO PD,SAN LEANDRO PD,City,CA,2022,86465,58,6,64,7,30,37,65,36,101,1.17
IL0492900,LINCOLNSHIRE PD,LINCOLNSHIRE PD,City,IL,2022,7931,18,1,19,5,2,7,23,3,26,3.28
NH0084800,NEWTON PD,NEWTON PD,City,NH,2022,4834,8,0,8,0,1,1,8,1,9,1.86
MA0144900,SUTTON PD,SUTTON PD,City,MA,2022,9418,14,1,15,2,4,6,16,5,21,2.23
IL0220300,BLOOMINGDALE PD,BLOOMINGDALE PD,City,IL,2022,22447,34,3,37,3,10,13,37,13,50,2.23
NJ0161500,WEST MILFORD PD,WEST MILFORD PD,City,NJ,2022,24373,40,1,41,5,6,11,45,7,52,2.13
GA0440200,DE KALB COUNTY PD DECATUR,DE KALB COUNTY PD DECATUR,County,GA,2022,516329,483,36,519,103,181,284,586,217,803,1.56
ND0530200,WILLISTON PD,WILLISTON PD,City,ND,2022,25513,69,2,71,10,13,23,79,15,94,3.68
GA1180000,QUITMAN CO SO GEORGETOWN,QUITMAN CO SO GEORGETOWN,County,GA,2022,2270,4,0,4,0,2,2,4,2,6,2.64
TN0191000,TN WILDLIFE RESOURCES DEPT ENFOR DIV NASHVILLE,TN WILDLIFE RESOURCES DEPT ENFOR DIV NASHVILLE,Other State Agency,TN,2022,0,59,27,86,2,3,5,61,30,91,
MD0021000,COMPTROLLER MARYLAND FIELD ENFORCEMENT DIVISION,COMPTROLLER MARYLAND FIELD ENFORCEMENT DIVISION,Other State Agency,MD,2022,0,13,12,25,0,10,10,13,22,35,
MO0952600,EUREKA,EUREKA,City,MO,2022,12589,26,0,26,1,4,5,27,4,31,2.46
PA0250300,MILLCREEK TWP PD ERIE,MILLCREEK TWP PD ERIE,City,PA,2022,53467,63,11,74,3,5,8,66,16,82,1.53
PA0633600,WEST BROWNSVILLE PD,WEST BROWNSVILLE PD,City,PA,2022,969,2,0,2,0,0,0,2,0,2,2.06
NJ0140000,MORRIS CO SHERIFFS OFF MORRISTOWN,MORRIS CO SHERIFFS OFF MORRISTOWN,County,NJ,2022,0,93,7,100,22,21,43,115,28,143,
OR0180500,MALIN,MALIN,City,OR,2022,752,1,0,1,0,0,0,1,0,1,1.33
RI0020200,EAST GREENWICH PD,EAST GREENWICH PD,City,RI,2022,14260,31,3,34,1,5,6,32,8,40,2.81
FL0132200,BAY HARBOR ISLAND PD MIAMI,BAY HARBOR ISLAND PD MIAMI,City,FL,2022,5644,18,2,20,5,7,12,23,9,32,5.67
TX1830100,CARTHAGE PD,CARTHAGE PD,City,TX,2022,6558,13,1,14,3,5,8,16,6,22,3.35
TX1720000,MORRIS CO SO DAINGERFIELD,MORRIS CO SO DAINGERFIELD,County,TX,2022,5901,8,1,9,1,13,14,9,14,23,3.90
LA0230200,JEANERETTE PD,JEANERETTE PD,City,LA,2022,4655,3,0,3,1,5,6,4,5,9,1.93
PA0155500,WEST BRANDYWINE TWP,WEST BRANDYWINE TWP,City,PA,2022,7612,8,0,8,1,1,2,9,1,10,1.31
WV0210200,LAW ENF DIV DEPT NATRL RESOURCES WESTON,LAW ENF DIV DEPT NATRL RESOURCES WESTON,Other State Agency,WV,2022,0,1,0,1,0,0,0,1,0,1,
MI8253400,LINCOLN PARK PD,LINCOLN PARK PD,City,MI,2022,39189,43,2,45,2,5,7,45,7,52,1.33
KY0590300,ERLANGER PD,ERLANGER PD,City,KY,2022,24147,41,0,41,2,3,5,43,3,46,1.90
KS0220100,ELWOOD PD,ELWOOD PD,City,KS,2022,1118,3,0,3,0,0,0,3,0,3,2.68
NJ0130000,MONMOUTH CO SHERIFFS OFF FREEHOLD,MONMOUTH CO SHERIFFS OFF FREEHOLD,County,NJ,2022,0,336,77,413,42,98,140,378,175,553,
CT0012800,SIMSBURY PD,SIMSBURY PD,City,CT,2022,25135,35,2,37,5,9,14,40,11,51,2.03
ID0030300,FORT HALL TRIBAL PD FORT HALL,FORT HALL TRIBAL PD FORT HALL,Tribal,ID,2022,0,15,3,18,0,12,12,15,15,30,
IL0221100,ITASCA PD,ITASCA PD,City,IL,2022,9335,18,1,19,3,3,6,21,4,25,2.68
NH0072200,EPSOM PD,EPSOM PD,City,NH,2022,4957,5,0,5,0,1,1,5,1,6,1.21
KY0710100,RUSSELLVILLE PD,RUSSELLVILLE PD,City,KY,2022,7257,19,0,19,2,1,3,21,1,22,3.03
ME0102000,PENOBSCOT NATION POLICE DEPARTMENT,PENOBSCOT NATION POLICE DEPARTMENT,Tribal,ME,2022,0,6,0,6,0,2,2,6,2,8,
AR0190100,WYNNE PD,WYNNE PD,City,AR,2022,8234,14,0,14,2,2,4,16,2,18,2.19
WI0050100,DE PERE PD,DE PERE PD,City,WI,2022,25382,36,0,36,3,4,7,39,4,43,1.69
TN0710400,BAXTER PD,BAXTER PD,City,TN,2022,1677,7,0,7,0,0,0,7,0,7,4.17
NC0510100,SMITHFIELD PD,SMITHFIELD PD,City,NC,2022,12042,26,0,26,5,4,9,31,4,35,2.91
OK0210400,COLCORD,COLCORD,City,OK,2022,759,5,0,5,0,1,1,5,1,6,7.91
GA1290300,PLAINS,PLAINS,City,GA,2022,548,5,0,5,0,0,0,5,0,5,9.12
KY0320000,ELLIOTT CO SO SANDY HOOK,ELLIOTT CO SO SANDY HOOK,County,KY,2022,7423,3,2,5,0,2,2,3,4,7,0.94
OK0060100,WATONGA,WATONGA,City,OK,2022,2579,7,0,7,1,1,2,8,1,9,3.49
DE0031400,GREENWOOD PD,GREENWOOD PD,City,DE,2022,1062,2,0,2,0,0,0,2,0,2,1.88
NH0051600,CAMPTON PD,CAMPTON PD,City,NH,2022,3418,5,0,5,1,2,3,6,2,8,2.34
NY0592300,TUCKAHOE VILLAGE PD TUCKAHOE,TUCKAHOE VILLAGE PD TUCKAHOE,City,NY,2022,6887,21,2,23,2,1,3,23,3,26,3.78
TN0191700,TN ST U SAFETY/SECURITY NASHVILLE,TN ST U SAFETY/SECURITY NASHVILLE,University or College,TN,2022,0,19,10,29,1,16,17,20,26,46,
GA0510100,GUYTON PD,GUYTON PD,City,GA,2022,2826,6,0,6,0,0,0,6,0,6,2.12
WI0230600,NEW GLARUS PD,NEW GLARUS PD,City,WI,2022,2221,3,0,3,0,0,0,3,0,3,1.35
OH0781600,HUBBARD TOWNSHIP,HUBBARD TOWNSHIP,City,OH,2022,5319,6,0,6,1,0,1,7,0,7,1.32
WV0201700,PRATT PD,PRATT PD,City,WV,2022,462,2,0,2,0,0,0,2,0,2,4.33
ME0130200,SKOWHEGAN PD,SKOWHEGAN PD,City,ME,2022,8595,14,0,14,4,1,5,18,1,19,2.21
NM0100000,GUADALUPE CO SO SANTA ROSA,GUADALUPE CO SO SANTA ROSA,County,NM,2022,1603,5,1,6,1,1,2,6,2,8,4.99
AL0490700,BEAR CREEK PD,BEAR CREEK PD,City,AL,2022,1047,3,0,3,1,0,1,4,0,4,3.82
MA0031700,SOMERSET PD,SOMERSET PD,City,MA,2022,18317,31,4,35,2,4,6,33,8,41,2.24
IL0430000,JO DAVIESS CO SO GALENA,JO DAVIESS CO SO GALENA,County,IL,2022,12249,18,12,30,1,8,9,19,20,39,3.18
OR0050300,ST. HELENS,ST. HELENS,City,OR,2022,14356,17,1,18,1,2,3,18,3,21,1.46
MA003229E,,,University or College,MA,2022,0,12,2,14,1,3,4,13,5,18,
TX2330000,VAL VERDE COUNTY SHERIFF'S OFFICE,VAL VERDE COUNTY SHERIFF'S OFFICE,County,TX,2022,13336,41,7,48,10,19,29,51,26,77,5.77
CA040160X,ATASCADERO STATE HOSPITAL ATASCADERO,ATASCADERO STATE HOSPITAL ATASCADERO,Other State Agency,CA,2022,0,127,0,127,23,14,37,150,14,164,
MO0920900,LAKE ST. LOUIS,LAKE ST. LOUIS,City,MO,2022,17846,34,1,35,4,9,13,38,10,48,2.69
NH0083600,KINGSTON PD,KINGSTON PD,City,NH,2022,6231,6,0,6,0,1,1,6,1,7,1.12
NC0780600,PARKTON PD,PARKTON PD,City,NC,2022,499,1,0,1,1,0,1,2,0,2,4.01
AR0470700,GOSNELL POLICE DEPARTMENT GOSNELL,GOSNELL POLICE DEPARTMENT GOSNELL,City,AR,2022,2761,6,0,6,0,0,0,6,0,6,2.17
OK0520100,PERRY,PERRY,City,OK,2022,4537,14,0,14,0,6,6,14,6,20,4.41
WI0521600,,,City,WI,2022,1629,1,0,1,0,0,0,1,0,1,0.61
WA0171700,DES MOINES PD,DES MOINES PD,City,WA,2022,32541,32,3,35,5,8,13,37,11,48,1.48
MT0240100,POLSON PD,POLSON PD,City,MT,2022,5495,14,0,14,0,1,1,14,1,15,2.73
NVDI05800,MOAPA TRIBAL POLICE DEPARTMENT,MOAPA TRIBAL POLICE DEPARTMENT,Tribal,NV,2022,0,11,0,11,0,5,5,11,5,16,
NJ0023200,LYNDHURST TWP PD LYNDHURST,LYNDHURST TWP PD LYNDHURST,City,NJ,2022,22183,52,0,52,2,3,5,54,3,57,2.57
ME0030400,GORHAM PD,GORHAM PD,City,ME,2022,18482,23,1,24,1,2,3,24,3,27,1.46
MD0040100,TRANSPORTATION AUTHORITY,TRANSPORTATION AUTHORITY,Other State Agency,MD,2022,0,384,28,412,40,64,104,424,92,516,
AL0430100,AUBURN PD,AUBURN PD,City,AL,2022,80759,126,3,129,5,6,11,131,9,140,1.73
GA1410200,LA GRANGE PD,LA GRANGE PD,City,GA,2022,32146,72,4,76,16,15,31,88,19,107,3.33
NJ0212200,WASHINGTON TWP PD WASHINGTON,WASHINGTON TWP PD WASHINGTON,City,NJ,2022,6539,27,0,27,1,1,2,28,1,29,4.43
PA0321600,,,Other State Agency,PA,2022,0,1,0,1,0,0,0,1,0,1,
NJ0152300,PLUMSTED TWP PD NEW EGYPT,PLUMSTED TWP PD NEW EGYPT,City,NJ,2022,8582,13,0,13,1,1,2,14,1,15,1.75
NJ0081100,MONROE TWP PD WILLIAMSTOWN,MONROE TWP PD WILLIAMSTOWN,City,NJ,2022,38222,68,0,68,3,5,8,71,5,76,1.99
DE0030500,MILFORD PD,MILFORD PD,City,DE,2022,13326,30,4,34,3,9,12,33,13,46,3.45
MN0820100,BAYPORT PD,BAYPORT PD,City,MN,2022,3912,5,0,5,2,0,2,7,0,7,1.79
MN0130500,NORTH BRANCH PD,NORTH BRANCH PD,City,MN,2022,11439,12,0,12,1,2,3,13,2,15,1.31
ND0490000,TRAILL CO SO HILLSBORO,TRAILL CO SO HILLSBORO,County,ND,2022,8116,9,1,10,1,3,4,10,4,14,1.72
AL0580700,RIVERSIDE PD,RIVERSIDE PD,City,AL,2022,2265,5,0,5,0,0,0,5,0,5,2.21
IL0830200,ELDORADO PD,ELDORADO PD,City,IL,2022,3644,5,0,5,1,4,5,6,4,10,2.74
NY0490100,SENECA FALLS TOWN,SENECA FALLS TOWN,City,NY,2022,8894,16,0,16,2,2,4,18,2,20,2.25
OH0310800,DELHI TOWNSHIP,DELHI TOWNSHIP,City,OH,2022,28476,28,0,28,3,3,6,31,3,34,1.19
MA0091900,GROTON PD,GROTON PD,City,MA,2022,11074,18,4,22,2,4,6,20,8,28,2.53
WI0630200,VIROQUA PD,VIROQUA PD,City,WI,2022,4421,10,0,10,0,2,2,10,2,12,2.71
IN0020200,NEW HAVEN PD,NEW HAVEN PD,City,IN,2022,15856,23,4,27,1,5,6,24,9,33,2.08
VT0070000,GRAND ISLE CO SO NORTH HERO,GRAND ISLE CO SO NORTH HERO,County,VT,2022,7548,5,0,5,0,2,2,5,2,7,0.93
WADI08200,JAMESTOWN S'KLALLAM TRIBAL POLICE DEPARTMENT,JAMESTOWN S'KLALLAM TRIBAL POLICE DEPARTMENT,Tribal,WA,2022,0,3,0,3,0,1,1,3,1,4,
LA0320600,PORT VINCENT PD,PORT VINCENT PD,City,LA,2022,677,3,0,3,0,0,0,3,0,3,4.43
NH0091800,NEW DURHAM PD,NEW DURHAM PD,City,NH,2022,2765,4,0,4,0,0,0,4,0,4,1.45
ME0150300,MACHIAS PD,MACHIAS PD,City,ME,2022,1834,4,0,4,0,0,0,4,0,4,2.18
NB0900000,WAYNE CO SO WAYNE,WAYNE CO SO WAYNE,County,NB,2022,3835,5,0,5,0,1,1,5,1,6,1.56
PA0400200,DUPONT POLICE DEPARTMENT DUPONT,DUPONT POLICE DEPARTMENT DUPONT,City,PA,2022,2552,4,0,4,0,0,0,4,0,4,1.57
TX2500500,WINNSBORO PD,WINNSBORO PD,City,TX,2022,3581,9,1,10,2,3,5,11,4,15,4.19
TX1650300,MIDLAND ISD POLICE DEPARTMENT,MIDLAND ISD POLICE DEPARTMENT,Other,TX,2022,0,15,1,16,4,4,8,19,5,24,
SC0100500,ISLE OF PALMS PD,ISLE OF PALMS PD,City,SC,2022,4284,16,3,19,4,4,8,20,7,27,6.30
TX2204800,PELICAN BAY PD,PELICAN BAY PD,City,TX,2022,2398,4,0,4,0,0,0,4,0,4,1.67
NC0921600,NC STATE UNIV POLICE RALEIGH,NC STATE UNIV POLICE RALEIGH,University or College,NC,2022,0,41,7,48,9,13,22,50,20,70,
NY0590200,WHITE PLAINS CITY PD WHITE PLAINS,WHITE PLAINS CITY PD WHITE PLAINS,City,NY,2022,59488,155,6,161,40,5,45,195,11,206,3.46
OH0160600,WEST LAFAYETTE,WEST LAFAYETTE,City,OH,2022,2435,4,0,4,1,0,1,5,0,5,2.05
KY0620000,LARUE CO SO HODGENVILLE,LARUE CO SO HODGENVILLE,County,KY,2022,11814,8,0,8,0,1,1,8,1,9,0.76
CA0191200,BURBANK PD,BURBANK PD,City,CA,2022,103516,133,17,150,17,56,73,150,73,223,2.15
TX1522700,,,Other,TX,2022,0,1,0,1,0,0,0,1,0,1,
GA0550000,FANNIN CO SO BLUE RIDGE,FANNIN CO SO BLUE RIDGE,County,GA,2022,25072,35,13,48,4,15,19,39,28,67,2.67
MNMHP0100,DPS-SP DISTRICT 2400,DPS-SP DISTRICT 2400,State Police,MN,2022,0,72,1,73,7,6,13,79,7,86,
AR0100000,CLARK CO SO ARKADELPHIA,CLARK CO SO ARKADELPHIA,County,AR,2022,7970,14,0,14,2,9,11,16,9,25,3.14
LA0400700,WOODWORTH PD,WOODWORTH PD,City,LA,2022,1698,6,0,6,1,2,3,7,2,9,5.30
AL0170200,LINEVILLE PD,LINEVILLE PD,City,AL,2022,2469,7,0,7,0,4,4,7,4,11,4.46
NC0110300,BILTMORE FOREST PD,BILTMORE FOREST PD,City,NC,2022,1433,9,2,11,1,5,6,10,7,17,11.86
CO0390300,PALISADE,PALISADE,City,CO,2022,2600,9,0,9,1,1,2,10,1,11,4.23
IN0420200,VINCENNES PD,VINCENNES PD,City,IN,2022,16487,33,3,36,2,2,4,35,5,40,2.43
TN0790100,COLLIERVILLE PD,COLLIERVILLE PD,City,TN,2022,51439,103,13,116,9,22,31,112,35,147,2.86
CT0016100,WILTON PD,WILTON PD,City,CT,2022,18469,37,2,39,6,2,8,43,4,47,2.54
SC0370200,WALHALLA PD,WALHALLA PD,City,SC,2022,4121,12,0,12,2,1,3,14,1,15,3.64
PA0420300,PORT ALLEGANY PD,PORT ALLEGANY PD,City,PA,2022,2069,3,0,3,0,0,0,3,0,3,1.45
MA0070500,CHICOPEE PD,CHICOPEE PD,City,MA,2022,55265,122,0,122,10,3,13,132,3,135,2.44
ME0150000,WASHINGTON CO SO MACHIAS,WASHINGTON CO SO MACHIAS,County,ME,2022,22399,16,1,17,2,1,3,18,2,20,0.89
UT0260000,WASATCH CO SO HEBER,WASATCH CO SO HEBER,County,UT,2022,19507,36,19,55,2,17,19,38,36,74,3.79
VA0880300,,,University or College,VA,2022,0,2,21,23,0,2,2,2,23,25,
PA0041500,MONACA PD,MONACA PD,City,PA,2022,5488,9,0,9,1,0,1,10,0,10,1.82
TX0840800,LEAGUE CITY PD,LEAGUE CITY PD,City,TX,2022,116511,116,15,131,14,28,42,130,43,173,1.48
OH0570900,MORAINE,MORAINE,City,OH,2022,6540,19,4,23,7,5,12,26,9,35,5.35
PA020239E,,,University or College,PA,2022,0,9,2,11,0,3,3,9,5,14,
IL0560200,CARY PD,CARY PD,City,IL,2022,17892,22,0,22,3,2,5,25,2,27,1.51
NC060189E,DAVIDSON COLLEGE PUBLIC SAFETY,DAVIDSON COLLEGE PUBLIC SAFETY,University or College,NC,2022,0,6,3,9,2,0,2,8,3,11,
SC0032600,STATE TRANSPORT POLICE,STATE TRANSPORT POLICE,Other State Agency,SC,2022,0,1,0,1,0,0,0,1,0,1,
ME0031000,CUMBERLAND PD,CUMBERLAND PD,City,ME,2022,8616,10,1,11,1,1,2,11,2,13,1.51
TX1330500,INGRAM PD INGRAM,INGRAM PD INGRAM,City,TX,2022,1834,4,0,4,0,0,0,4,0,4,2.18
TX2202600,WATAUGA PD,WATAUGA PD,City,TX,2022,23027,23,2,25,5,7,12,28,9,37,1.61
AL0570100,PHENIX CITY PD,PHENIX CITY PD,City,AL,2022,38076,65,3,68,7,18,25,72,21,93,2.44
OH0280100,CHARDON,CHARDON,City,OH,2022,5215,13,1,14,1,4,5,14,5,19,3.64
WVWSP8800,WV STATE POLICE CRIMINAL INVESTIGATIONS,WV STATE POLICE CRIMINAL INVESTIGATIONS,State Police,WV,2022,0,8,0,8,1,1,2,9,1,10,
MO0690000,MONROE,MONROE,County,MO,2022,6619,8,0,8,1,1,2,9,1,10,1.51
TN0010200,LAKE CITY PD,LAKE CITY PD,City,TN,2022,3594,6,0,6,1,0,1,7,0,7,1.95
VA0600100,BLACKSBURG PD,BLACKSBURG PD,City,VA,2022,45749,50,3,53,6,7,13,56,10,66,1.44
NM0040100,RATON PD,RATON PD,City,NM,2022,6063,8,1,9,0,5,5,8,6,14,2.31
WA0390000,YAKIMA CO SO YAKIMA,YAKIMA CO SO YAKIMA,County,WA,2022,90000,57,11,68,2,22,24,59,33,92,1.02
MA0053000,SAUGUS PD,SAUGUS PD,City,MA,2022,28880,62,9,71,5,6,11,67,15,82,2.84
SC005SP00,HP: BAMBERG COUNTY,HP: BAMBERG COUNTY,State Police,SC,2022,0,1,1,2,1,0,1,2,1,3,
TX0570500,CEDAR HILL PD,CEDAR HILL PD,City,TX,2022,48483,57,6,63,8,14,22,65,20,85,1.75
WV0251700,WHITE HALL,WHITE HALL,City,WV,2022,705,5,0,5,0,0,0,5,0,5,7.09
NJ0201300,RAHWAY PD,RAHWAY PD,City,NJ,2022,30149,69,5,74,9,10,19,78,15,93,3.08
AR0550100,MURFREESBORO PD,MURFREESBORO PD,City,AR,2022,1437,4,0,4,0,0,0,4,0,4,2.78
TN0100000,CARTER CO SO ELIZABETHTON,CARTER CO SO ELIZABETHTON,County,TN,2022,40883,49,30,79,1,11,12,50,41,91,2.23
TX0574700,GLENN HEIGHTS POLICE DEPARTMENT,GLENN HEIGHTS POLICE DEPARTMENT,City,TX,2022,18398,18,0,18,5,10,15,23,10,33,1.79
MO0220400,CLEVER,CLEVER,City,MO,2022,3101,5,0,5,0,1,1,5,1,6,1.93
WA0320600,AIRWAY HEIGHTS PD,AIRWAY HEIGHTS PD,City,WA,2022,10803,19,0,19,3,1,4,22,1,23,2.13
DE0030200,DELMAR PD,DELMAR PD,City,DE,2022,2178,13,1,14,0,0,0,13,1,14,6.43
KS0462600,BLUE VALLEY USD 229 CAMPUS POLICE,BLUE VALLEY USD 229 CAMPUS POLICE,Other,KS,2022,0,9,0,9,2,0,2,11,0,11,
TX1500100,LLANO PD,LLANO PD,City,TX,2022,3406,5,0,5,1,1,2,6,1,7,2.06
NJ0133600,TINTON FALLS PD TINTON FALLS BORO,TINTON FALLS PD TINTON FALLS BORO,City,NJ,2022,19556,38,0,38,4,2,6,42,2,44,2.25
IL0460600,ST ANNE PD,ST ANNE PD,City,IL,2022,1111,4,0,4,0,0,0,4,0,4,3.60
PA0026500,EDGEWORTH PD SEWICKLEY,EDGEWORTH PD SEWICKLEY,City,PA,2022,1637,3,2,5,0,0,0,3,2,5,3.05
PA0610500,SUGAR CREEK PD FRANKLIN,SUGAR CREEK PD FRANKLIN,City,PA,2022,4739,3,0,3,0,0,0,3,0,3,0.63
CA0500400,OAKDALE PD,OAKDALE PD,City,CA,2022,23284,19,1,20,4,12,16,23,13,36,1.55
WV0170700,NUTTER FORT PD NUTTER FORT,NUTTER FORT PD NUTTER FORT,City,WV,2022,1464,3,0,3,0,0,0,3,0,3,2.05
TX1720200,LONE STAR POLICE DEPT,LONE STAR POLICE DEPT,City,TX,2022,1412,3,1,4,0,0,0,3,1,4,2.83
ME0030300,FALMOUTH PD,FALMOUTH PD,City,ME,2022,12695,18,5,23,1,4,5,19,9,28,2.21
AZ0150100,PARKER PD,PARKER PD,City,AZ,2022,3263,11,2,13,0,1,1,11,3,14,4.29
MO0890000,RAY,RAY,County,MO,2022,11459,10,7,17,6,7,13,16,14,30,2.62
TX0710400,UNIVERSITY OF TEXAS PD,UNIVERSITY OF TEXAS PD,University or College,TX,2022,0,20,11,31,5,11,16,25,22,47,
NM0210400,SAN JUAN TRIBAL PD SAN JUAN,SAN JUAN TRIBAL PD SAN JUAN,Tribal,NM,2022,0,8,0,8,0,1,1,8,1,9,
WY0140100,LUSK,LUSK,City,WY,2022,1496,5,0,5,0,1,1,5,1,6,4.01
OK0552300,,,Other State Agency,OK,2022,0,33,0,33,7,0,7,40,0,40,
OK0341200,WAURIKA,WAURIKA,City,OK,2022,1921,4,1,5,1,1,2,5,2,7,3.64
UT0250600,PROVO CITY PD,PROVO CITY PD,City,UT,2022,114120,108,6,114,6,23,29,114,29,143,1.25
OH0521400,MEDINA TOWNSHIP,MEDINA TOWNSHIP,City,OH,2022,9286,8,0,8,3,1,4,11,1,12,1.29
NH0030000,SO CHESHIRE COUNTY KEENE,SO CHESHIRE COUNTY KEENE,County,NH,2022,0,8,4,12,0,8,8,8,12,20,
OK0090600,PIEDMONT,PIEDMONT,City,OK,2022,8318,8,0,8,2,2,4,10,2,12,1.44
CT0004700,EAST WINDSOR PD WAREHOUSE POINT,EAST WINDSOR PD WAREHOUSE POINT,City,CT,2022,11148,19,5,24,5,5,10,24,10,34,3.05
IN0350100,HUNTINGTON PD,HUNTINGTON PD,City,IN,2022,17030,30,1,31,2,1,3,32,2,34,2.00
FL0200200,CHATTAHOOCHEE POLICE DEPARTMENT,CHATTAHOOCHEE POLICE DEPARTMENT,City,FL,2022,3324,6,1,7,2,1,3,8,2,10,3.01
WI0010100,ADAMS PD,ADAMS PD,City,WI,2022,1776,5,0,5,0,0,0,5,0,5,2.82
GA1390100,HIAWASSEE PD,HIAWASSEE PD,City,GA,2022,1049,4,0,4,1,0,1,5,0,5,4.77
SC0190000,EDGEFIELD CO SO EDGEFIELD,EDGEFIELD CO SO EDGEFIELD,County,SC,2022,21821,37,10,47,2,23,25,39,33,72,3.30
VA0580500,SOUTH HILL PD,SOUTH HILL PD,City,VA,2022,4737,18,0,18,1,2,3,19,2,21,4.43
NC0690000,PAMLICO CO SO BAYBORO,PAMLICO CO SO BAYBORO,County,NC,2022,11568,22,12,34,0,16,16,22,28,50,4.32
TX1290900,CRANDALL PD,CRANDALL PD,City,TX,2022,4671,16,0,16,2,0,2,18,0,18,3.85
OH0131300,WILLIAMSBURG,WILLIAMSBURG,City,OH,2022,2590,5,0,5,1,0,1,6,0,6,2.32
TX0571500,IRVING POLICE DEPARTMENT,IRVING POLICE DEPARTMENT,City,TX,2022,254141,341,31,372,39,122,161,380,153,533,2.10
PA0630900,MC DONALD PD,MC DONALD PD,City,PA,2022,7527,7,0,7,0,1,1,7,1,8,1.06
CO0260200,MOUNT CRESTED BUTTE,MOUNT CRESTED BUTTE,City,CO,2022,998,8,0,8,0,0,0,8,0,8,8.02
PA0040300,BEAVER CNTY DETECTIVE BUR BEAVER,BEAVER CNTY DETECTIVE BUR BEAVER,Other,PA,2022,0,7,0,7,1,2,3,8,2,10,
NC0070600,BEAUFORT CO COMMUNITY COLLEGE POLICE DEPT,BEAUFORT CO COMMUNITY COLLEGE POLICE DEPT,University or College,NC,2022,0,2,0,2,2,0,2,4,0,4,
MI4668900,RAISIN TOWNSHIP POLICE DEPARTMENT,RAISIN TOWNSHIP POLICE DEPARTMENT,City,MI,2022,7953,4,0,4,0,0,0,4,0,4,0.50
IL0163700,FRANKLIN PARK PD,FRANKLIN PARK PD,City,IL,2022,18230,44,2,46,3,4,7,47,6,53,2.91
PA0381200,NORTH CORNWALL TOWNSHIP POLICE DEPARTMENT,NORTH CORNWALL TOWNSHIP POLICE DEPARTMENT,City,PA,2022,9095,11,0,11,0,2,2,11,2,13,1.43
TX0680000,ECTOR CO SO ODESSA,ECTOR CO SO ODESSA,County,TX,2022,51383,64,37,101,19,82,101,83,119,202,3.93
CA0411100,PACIFICA PD,PACIFICA PD,City,CA,2022,35742,27,1,28,3,4,7,30,5,35,0.98
OK0621600,EAST CENTRAL UNIVERSITY,EAST CENTRAL UNIVERSITY,University or College,OK,2022,0,5,0,5,0,0,0,5,0,5,
TN0400400,HENRY POLICE DEPARTMENT HENRY,HENRY POLICE DEPARTMENT HENRY,City,TN,2022,442,2,0,2,0,0,0,2,0,2,4.52
KY0190700,ALEXANDRIA PD,ALEXANDRIA PD,City,KY,2022,10416,12,0,12,2,3,5,14,3,17,1.63
GA1500000,WASHINGTON CO SO SANDERSVILLE,WASHINGTON CO SO SANDERSVILLE,County,GA,2022,12132,27,1,28,14,2,16,41,3,44,3.63
DE0030100,BRIDGEVILLE PD,BRIDGEVILLE PD,City,DE,2022,2761,8,0,8,0,1,1,8,1,9,3.26
IA0510100,FAIRFIELD PD,FAIRFIELD PD,City,IA,2022,9641,7,0,7,3,7,10,10,7,17,1.76
TX0571000,FARMERS BRANCH PD DALLAS,FARMERS BRANCH PD DALLAS,City,TX,2022,36595,74,7,81,6,16,22,80,23,103,2.81
IL0930000,WABASH CO SO MOUNT CARMEL,WABASH CO SO MOUNT CARMEL,County,IL,2022,4376,8,1,9,1,1,2,9,2,11,2.51
MI6116100,MUSKEGON CO SO MUSKEGON,MUSKEGON CO SO MUSKEGON,County,MI,2022,57941,45,40,85,4,20,24,49,60,109,1.88
CA0480100,BENICIA PD,BENICIA PD,City,CA,2022,26599,24,0,24,5,17,22,29,17,46,1.73
KS0460000,JOHNSON CO SO OLATHE,JOHNSON CO SO OLATHE,County,KS,2022,23568,363,60,423,73,111,184,436,171,607,25.76
PA0650300,IRWIN PD,IRWIN PD,City,PA,2022,3840,6,0,6,0,0,0,6,0,6,1.56
NC0700100,ELIZABETH CITY PD,ELIZABETH CITY PD,City,NC,2022,18751,32,3,35,11,10,21,43,13,56,2.99
PA0110200,CONEMAUGH TOWNSHIP PD JOHNSTOWN,CONEMAUGH TOWNSHIP PD JOHNSTOWN,City,PA,2022,1913,0,0,0,1,0,1,1,0,1,0.52
MD0230300,SALISBURY PD,SALISBURY PD,City,MD,2022,33063,73,10,83,9,21,30,82,31,113,3.42
WA0131000,ROYAL CITY PD,ROYAL CITY PD,City,WA,2022,1828,3,0,3,1,0,1,4,0,4,2.19
NJ0202000,WESTFIELD PD,WESTFIELD PD,City,NJ,2022,30628,57,7,64,4,8,12,61,15,76,2.48
MA0021400,LENOX PD,LENOX PD,City,MA,2022,5105,10,0,10,0,0,0,10,0,10,1.96
NC0850400,ST PARK RANGER HANGING ROCK ST PARK DANBURY,ST PARK RANGER HANGING ROCK ST PARK DANBURY,Other State Agency,NC,2022,0,3,0,3,2,0,2,5,0,5,
CO0080000,CHAFFEE,CHAFFEE,County,CO,2022,11573,21,16,37,1,18,19,22,34,56,4.84
IA0280100,MANCHESTER PD,MANCHESTER PD,City,IA,2022,5134,9,2,11,0,5,5,9,7,16,3.12
NB0280400,RALSTON PD,RALSTON PD,City,NB,2022,6448,13,0,13,1,1,2,14,1,15,2.33
AR0290000,HEMPSTEAD CO SO HOPE,HEMPSTEAD CO SO HOPE,County,AR,2022,10900,15,14,29,4,15,19,19,29,48,4.40
MD0171900,MOUNT RAINIER PD,MOUNT RAINIER PD,City,MD,2022,8112,19,1,20,2,1,3,21,2,23,2.84
NB0240000,DAWSON CO SO LEXINGTON,DAWSON CO SO LEXINGTON,County,NB,2022,6170,23,11,34,4,27,31,27,38,65,10.53
NC0370200,ST PARK RANGER MERCHANTS MILLPOND GATESVILLE,ST PARK RANGER MERCHANTS MILLPOND GATESVILLE,Other State Agency,NC,2022,0,2,0,2,0,1,1,2,1,3,
NV0160800,,,Other State Agency,NV,2022,0,24,6,30,4,7,11,28,13,41,
DE0031600,SELBYVILLE PD,SELBYVILLE PD,City,DE,2022,3104,8,0,8,1,1,2,9,1,10,3.22
CA0390500,STOCKTON PD,STOCKTON PD,City,CA,2022,323501,339,52,391,40,135,175,379,187,566,1.75
GA0380000,COWETA CO SO NEWNAN,COWETA CO SO NEWNAN,County,GA,2022,100407,158,28,186,15,52,67,173,80,253,2.52
PA0010300,CONEWAGO TWP PD HANOVER,CONEWAGO TWP PD HANOVER,City,PA,2022,7885,10,0,10,0,1,1,10,1,11,1.40
KS0300200,WELLSVILLE PD,WELLSVILLE PD,City,KS,2022,1922,5,0,5,0,1,1,5,1,6,3.12
ID0440000,WASHINGTON CO SO WEISER,WASHINGTON CO SO WEISER,County,ID,2022,5181,11,10,21,0,9,9,11,19,30,5.79
IL0161400,BUFFALO GROVE PD,BUFFALO GROVE PD,City,IL,2022,42468,49,3,52,10,10,20,59,13,72,1.70
MN0340100,WILLMAR PD,WILLMAR PD,City,MN,2022,21097,34,0,34,1,4,5,35,4,39,1.85
CT0011600,PUTNAM PD,PUTNAM PD,City,CT,2022,9244,15,3,18,2,2,4,17,5,22,2.38
MN0300300,ISANTI,ISANTI,City,MN,2022,7257,8,0,8,0,1,1,8,1,9,1.24
TX2120100,ARP PD,ARP PD,City,TX,2022,953,5,0,5,1,0,1,6,0,6,6.30
FL0062200,MIRAMAR PD,MIRAMAR PD,City,FL,2022,135785,168,26,194,48,75,123,216,101,317,2.33
NJ0080200,DEPTFORD TWP PD DEPTFORD,DEPTFORD TWP PD DEPTFORD,City,NJ,2022,32429,63,0,63,7,4,11,70,4,74,2.28
UT0201300,SNOW COLLEGE,SNOW COLLEGE,University or College,UT,2022,0,3,0,3,0,0,0,3,0,3,
CA0010700,LIVERMORE PD,LIVERMORE PD,City,CA,2022,85151,77,5,82,15,36,51,92,41,133,1.56
IL0270000,FORD CO SO PAXTON,FORD CO SO PAXTON,County,IL,2022,5595,16,2,18,5,4,9,21,6,27,4.83
NY0594100,BUCHANAN VILLAGE PD BUCHANAN,BUCHANAN VILLAGE PD BUCHANAN,City,NY,2022,2227,6,0,6,1,0,1,7,0,7,3.14
AR0430600,WARD PD WARD,WARD PD WARD,City,AR,2022,6621,11,0,11,2,1,3,13,1,14,2.11
MN0060000,BIG STONE,BIG STONE,County,MN,2022,5151,6,0,6,0,2,2,6,2,8,1.55
MT0130100,BAKER PD,BAKER PD,City,MT,2022,1823,4,0,4,0,0,0,4,0,4,2.19
CA0198300,CALIFORNIA STATE UNIV PD LOS ANGELES,CALIFORNIA STATE UNIV PD LOS ANGELES,University or College,CA,2022,0,14,12,26,4,10,14,18,22,40,
GA0070100,WINDER PD,WINDER PD,City,GA,2022,19401,24,0,24,4,7,11,28,7,35,1.80
PA0260500,MASONTOWN PD,MASONTOWN PD,City,PA,2022,3192,2,0,2,0,0,0,2,0,2,0.63
KY1180200,WILLIAMSBURG PD,WILLIAMSBURG PD,City,KY,2022,5348,14,0,14,1,0,1,15,0,15,2.80
TX0470100,COMANCHE PD,COMANCHE PD,City,TX,2022,4276,8,1,9,2,2,4,10,3,13,3.04
IL0480400,GALESBURG PD,GALESBURG PD,City,IL,2022,29425,37,6,43,8,22,30,45,28,73,2.48
MI7576800,STURGIS PD,STURGIS PD,City,MI,2022,10961,20,1,21,0,4,4,20,5,25,2.28
KS0871100,GODDARD PD,GODDARD PD,City,KS,2022,5644,11,0,11,0,1,1,11,1,12,2.13
MT0490000,SWEET GRASS CO SO BIG TIMBER,SWEET GRASS CO SO BIG TIMBER,County,MT,2022,3776,8,2,10,0,4,4,8,6,14,3.71
AZ0080300,FORT MOJAVE LAW ENFOR SERVICES MOHAVE VALLEY,FORT MOJAVE LAW ENFOR SERVICES MOHAVE VALLEY,Tribal,AZ,2022,0,13,5,18,0,12,12,13,17,30,
MS0590100,BOONEVILLE PD,BOONEVILLE PD,City,MS,2022,8676,15,3,18,2,2,4,17,5,22,2.54
WI0651500,,,City,WI,2022,1590,4,0,4,0,1,1,4,1,5,3.14
NC092109E,WAKEMED CAMPUS POLICE,WAKEMED CAMPUS POLICE,Other,NC,2022,0,36,38,74,5,8,13,41,46,87,
NJ0111000,PRINCETON TWP POLICE DEPARTMENT,PRINCETON TWP POLICE DEPARTMENT,City,NJ,2022,30797,44,3,47,7,5,12,51,8,59,1.92
OH0580000,MORGAN,MORGAN,County,OH,2022,11976,5,5,10,0,5,5,5,10,15,1.25
MI5091200,MACOMB COMM COLLEGE DEPT PUBLIC SAFETY WARREN,MACOMB COMM COLLEGE DEPT PUBLIC SAFETY WARREN,University or College,MI,2022,0,24,4,28,3,3,6,27,7,34,
OK0730000,WAGONER,WAGONER,County,OK,2022,44414,34,25,59,4,10,14,38,35,73,1.64
WI0230100,MONROE PD,MONROE PD,City,WI,2022,10461,23,1,24,3,5,8,26,6,32,3.06
MA0062600,WHATELY PD,WHATELY PD,City,MA,2022,1639,2,0,2,0,0,0,2,0,2,1.22
KY0190300,DAYTON PD,DAYTON PD,City,KY,2022,5685,11,0,11,1,1,2,12,1,13,2.29
SC035NR00,DNR: MARLBORO COUNTY,DNR: MARLBORO COUNTY,Other State Agency,SC,2022,0,3,0,3,0,0,0,3,0,3,
IL0165900,LANSING PD,LANSING PD,City,IL,2022,27828,47,12,59,7,6,13,54,18,72,2.59
NC0120000,BURKE CO SO MORGANTON,BURKE CO SO MORGANTON,County,NC,2022,61131,77,22,99,10,18,28,87,40,127,2.08
KY0565300,,,City,KY,2022,500,1,0,1,0,0,0,1,0,1,2.00
NC0170000,CASWELL CO SO YANCEYVILLE,CASWELL CO SO YANCEYVILLE,County,NC,2022,22845,31,9,40,4,7,11,35,16,51,2.23
AL0520000,MORGAN CO SO DECATUR,MORGAN CO SO DECATUR,County,AL,2022,42748,47,68,115,3,51,54,50,119,169,3.95
OH0500700,SEBRING,SEBRING,City,OH,2022,4154,7,1,8,1,3,4,8,4,12,2.89
FL0350500,GROVELAND PD,GROVELAND PD,City,FL,2022,21998,36,2,38,6,11,17,42,13,55,2.50
FL0100000,CLAY CO SO GREEN COVE SPRINGS,CLAY CO SO GREEN COVE SPRINGS,County,FL,2022,209864,267,165,432,27,203,230,294,368,662,3.15
MI0923900,BAY CITY PD,BAY CITY PD,City,MI,2022,32249,42,1,43,5,4,9,47,5,52,1.61
NJ0024600,PARAMUS PD,PARAMUS PD,City,NJ,2022,26242,92,14,106,3,10,13,95,24,119,4.53
TN0450200,WHITE PINE PD,WHITE PINE PD,City,TN,2022,2583,10,1,11,0,0,0,10,1,11,4.26
MT0410200,STEVENSVILLE PD,STEVENSVILLE PD,City,MT,2022,2187,3,0,3,0,0,0,3,0,3,1.37
NC0200000,CHEROKEE CO SO MURPHY,CHEROKEE CO SO MURPHY,County,NC,2022,26302,32,15,47,3,8,11,35,23,58,2.21
OH0781200,HOWLAND TOWNSHIP,HOWLAND TOWNSHIP,City,OH,2022,17177,15,0,15,1,1,2,16,1,17,0.99
PA0110500,RICHLAND TWP PD JOHNSTOWN,RICHLAND TWP PD JOHNSTOWN,City,PA,2022,11991,21,0,21,0,1,1,21,1,22,1.83
PA0350500,ARCHBALD PD,ARCHBALD PD,City,PA,2022,7377,8,0,8,1,0,1,9,0,9,1.22
MA0140300,AUBURN PD,AUBURN PD,City,MA,2022,16878,38,2,40,1,8,9,39,10,49,2.90
NB0170000,CHEYENNE CO SO SIDNEY,CHEYENNE CO SO SIDNEY,County,NB,2022,3116,10,9,19,0,2,2,10,11,21,6.74
TX0430200,CELINA PD,CELINA PD,City,TX,2022,24190,35,1,36,3,2,5,38,3,41,1.69
SC005NR00,DNR: BAMBERG COUNTY,DNR: BAMBERG COUNTY,Other State Agency,SC,2022,0,3,0,3,0,0,0,3,0,3,
SD0240000,FAULK CO SO FAULKTON,FAULK CO SO FAULKTON,County,SD,2022,2160,4,6,10,1,3,4,5,9,14,6.48
GA1520000,WEBSTER CO SO PRESTON,WEBSTER CO SO PRESTON,County,GA,2022,2392,4,0,4,1,0,1,5,0,5,2.09
WV0201600,CEDAR GROVE PD,CEDAR GROVE PD,City,WV,2022,688,1,0,1,0,0,0,1,0,1,1.45
KY0610100,BARBOURVILLE PD,BARBOURVILLE PD,City,KY,2022,2952,10,0,10,0,1,1,10,1,11,3.73
AR0540100,HELENA WEST HELENA PD,HELENA WEST HELENA PD,City,AR,2022,8874,11,2,13,3,12,15,14,14,28,3.16
WY0050100,DOUGLAS PD,DOUGLAS PD,City,WY,2022,6336,18,0,18,2,3,5,20,3,23,3.63
PA0210000,CUMBERLAND CO SO CARLISLE,CUMBERLAND CO SO CARLISLE,County,PA,2022,0,28,0,28,5,7,12,33,7,40,
MA0120400,CARVER PD,CARVER PD,City,MA,2022,12215,16,3,19,1,2,3,17,5,22,1.80
WV0100300,MONTGOMERY PD,MONTGOMERY PD,City,WV,2022,1240,4,0,4,1,1,2,5,1,6,4.84
SC0442600,STATE TRANSPORT POLICE,STATE TRANSPORT POLICE,Other State Agency,SC,2022,0,1,0,1,0,0,0,1,0,1,
WI0310200,KEWAUNEE PD,KEWAUNEE PD,City,WI,2022,2774,5,0,5,1,0,1,6,0,6,2.16
PA0480300,BETHLEHEM PD,BETHLEHEM PD,City,PA,2022,75619,137,0,137,8,4,12,145,4,149,1.97
NB0100300,RAVENNA PD,RAVENNA PD,City,NB,2022,1430,1,0,1,0,0,0,1,0,1,0.70
CA0192200,EL MONTE PD,EL MONTE PD,City,CA,2022,104695,97,12,109,14,29,43,111,41,152,1.45
TX1081300,SAN JUAN PD,SAN JUAN PD,City,TX,2022,35806,30,4,34,3,9,12,33,13,46,1.28
NC0090800,ST PARK RANGER SINGLETARY LAKE GROUP CAMP KELLY,ST PARK RANGER SINGLETARY LAKE GROUP CAMP KELLY,Other State Agency,NC,2022,0,1,2,3,1,1,2,2,3,5,
TX1530000,LYNN CO SO TAHOKA,LYNN CO SO TAHOKA,County,TX,2022,2759,10,6,16,1,6,7,11,12,23,8.34
TX0150300,CASTLE HILLS POLICE DEPT,CASTLE HILLS POLICE DEPT,City,TX,2022,3921,19,0,19,1,3,4,20,3,23,5.87
ID0250000,IDAHO CO SO GRANGEVILLE,IDAHO CO SO GRANGEVILLE,County,ID,2022,12967,18,8,26,2,12,14,20,20,40,3.08
TN0860000,UNICOI CO SO ERWIN,UNICOI CO SO ERWIN,County,TN,2022,7885,22,13,35,1,17,18,23,30,53,6.72
CA0410400,BURLINGAME PD,BURLINGAME PD,City,CA,2022,29003,31,7,38,8,13,21,39,20,59,2.03
AK0011400,CORDOVA PD,CORDOVA PD,City,AK,2022,2160,3,3,6,0,3,3,3,6,9,4.17
PA0120100,EMPORIUM PD,EMPORIUM PD,City,PA,2022,1898,2,0,2,0,0,0,2,0,2,1.05
MN0540000,NORMAN CO SO ADA,NORMAN CO SO ADA,County,MN,2022,3959,5,1,6,0,3,3,5,4,9,2.27
WI0570100,REEDSBURG PD,REEDSBURG PD,City,WI,2022,10113,17,1,18,2,5,7,19,6,25,2.47
VA0440000,HENRY CO SO MARTINSVILLE,HENRY CO SO MARTINSVILLE,County,VA,2022,49892,153,3,156,44,17,61,197,20,217,4.35
IA0190100,NEW HAMPTON PD,NEW HAMPTON PD,City,IA,2022,3392,6,0,6,0,0,0,6,0,6,1.77
TX1330100,KERRVILLE PD,KERRVILLE PD,City,TX,2022,24696,44,6,50,2,19,21,46,25,71,2.87
MD0172400,UPPER MARLBORO PD,UPPER MARLBORO PD,City,MD,2022,638,5,0,5,0,1,1,5,1,6,9.40
WI0450000,OUTAGAMIE CO SO APPLETON,OUTAGAMIE CO SO APPLETON,County,WI,2022,49352,55,49,104,4,48,52,59,97,156,3.16
AL0040200,AUTAUGAVILLE PD,AUTAUGAVILLE PD,City,AL,2022,787,3,0,3,0,0,0,3,0,3,3.81
IL0080300,MILEDGEVILLE PD,MILEDGEVILLE PD,City,IL,2022,1082,3,0,3,0,0,0,3,0,3,2.77
MA0142300,LANCASTER PD,LANCASTER PD,City,MA,2022,8504,8,0,8,2,1,3,10,1,11,1.29
MN0660100,FARIBAULT PD,FARIBAULT PD,City,MN,2022,24417,30,1,31,3,6,9,33,7,40,1.64
CA0431200,PALO ALTO PD,PALO ALTO PD,City,CA,2022,64922,69,16,85,9,29,38,78,45,123,1.89
SD0040400,AVON PD,AVON PD,City,SD,2022,573,1,0,1,0,0,0,1,0,1,1.75
SC024SP00,HP: GREENWOOD COUNTY,HP: GREENWOOD COUNTY,State Police,SC,2022,0,25,0,25,1,0,1,26,0,26,
TX2270300,ROLLINGWOOD POLICE DEPT,ROLLINGWOOD POLICE DEPT,City,TX,2022,1398,7,0,7,1,1,2,8,1,9,6.44
NJ0050600,MIDDLE TWP PD CAPE MAY COURT HOUSE,MIDDLE TWP PD CAPE MAY COURT HOUSE,City,NJ,2022,20845,49,1,50,5,5,10,54,6,60,2.88
KS0890600,METROPOLITAN TOPEKA AIRPORT AUTH POLICE DEPT,METROPOLITAN TOPEKA AIRPORT AUTH POLICE DEPT,Other,KS,2022,0,15,1,16,0,4,4,15,5,20,
MI2585200,GRAND BLANC TOWNSHIP POLICE DEPARTMENT,GRAND BLANC TOWNSHIP POLICE DEPARTMENT,City,MI,2022,40115,37,0,37,4,7,11,41,7,48,1.20
MN0560700,,,City,MN,2022,1292,2,0,2,1,0,1,3,0,3,2.32
VT0100000,ORLEANS CO SO NEWPORT,ORLEANS CO SO NEWPORT,County,VT,2022,0,12,4,16,2,2,4,14,6,20,
MT0370000,PONDERA CO SO CONRAD,PONDERA CO SO CONRAD,County,MT,2022,3710,9,0,9,0,7,7,9,7,16,4.31
NC0920000,WAKE CO SO RALEIGH,WAKE CO SO RALEIGH,County,NC,2022,210387,275,227,502,57,233,290,332,460,792,3.76
OH0770400,FAIRLAWN,FAIRLAWN,City,OH,2022,7665,21,1,22,4,9,13,25,10,35,4.57
OR030SP00,SP: UMATILLA COUNTY,SP: UMATILLA COUNTY,State Police,OR,2022,0,32,2,34,3,6,9,35,8,43,
CO0150000,DELTA,DELTA,County,CO,2022,17905,32,16,48,2,22,24,34,38,72,4.02
TX0310200,COMBES POLICE DEPT,COMBES POLICE DEPT,City,TX,2022,3071,8,0,8,2,0,2,10,0,10,3.26
ND0510200,MINOT PD,MINOT PD,City,ND,2022,47278,60,2,62,13,25,38,73,27,100,2.12
FL0280200,LAKE PLACID PD,LAKE PLACID PD,City,FL,2022,2472,7,1,8,0,2,2,7,3,10,4.05
NJ0161000,PROSPECT PARK PD PATERSON,PROSPECT PARK PD PATERSON,City,NJ,2022,6225,17,0,17,1,0,1,18,0,18,2.89
MA0050100,AMESBURY PD,AMESBURY PD,City,MA,2022,17276,30,2,32,2,4,6,32,6,38,2.20
SC0400000,RICHLAND CO SO COLUMBIA,RICHLAND CO SO COLUMBIA,County,SC,2022,266581,397,23,420,149,49,198,546,72,618,2.32
UT0060400,CENTERVILLE PD,CENTERVILLE PD,City,UT,2022,16719,18,0,18,2,3,5,20,3,23,1.38
NJ0022200,GLEN ROCK PD,GLEN ROCK PD,City,NJ,2022,12017,23,0,23,3,2,5,26,2,28,2.33
MA0090100,ACTON PD,ACTON PD,City,MA,2022,23833,34,6,40,4,6,10,38,12,50,2.10
TXSPD0000,PD SAN ANTONIO,PD SAN ANTONIO,City,TX,2022,1465608,2080,302,2382,293,451,744,2373,753,3126,2.13
GA1430400,CAMPUS POLICE DEPARTMENT,CAMPUS POLICE DEPARTMENT,Other,GA,2022,0,2,0,2,0,0,0,2,0,2,
WV0350200,TRIDELPHIA PD,TRIDELPHIA PD,City,WV,2022,651,1,0,1,0,0,0,1,0,1,1.54
IL0168700,PALOS PARK PD,PALOS PARK PD,City,IL,2022,4819,8,0,8,3,1,4,11,1,12,2.49
MS0610400,FLOWOOD PD,FLOWOOD PD,City,MS,2022,10518,42,3,45,5,11,16,47,14,61,5.80
NC034049E,WAKE FOREST UNIVERSITY POLICE DEPARTMENT,WAKE FOREST UNIVERSITY POLICE DEPARTMENT,University or College,NC,2022,0,18,19,37,2,11,13,20,30,50,
PA0154600,WEST CHESTER UNIVERSITY CAMPUS PD WEST CHESTER,WEST CHESTER UNIVERSITY CAMPUS PD WEST CHESTER,University or College,PA,2022,0,20,15,35,2,10,12,22,25,47,
IN0451200,LOWELL PD,LOWELL PD,City,IN,2022,11204,18,1,19,0,0,0,18,1,19,1.70
WA0120000,GARFIELD CO SO POMEROY,GARFIELD CO SO POMEROY,County,WA,2022,2409,8,2,10,0,4,4,8,6,14,5.81
KS0850100,SALINA PD,SALINA PD,City,KS,2022,46161,53,2,55,10,19,29,63,21,84,1.82
KY0370300,PARK SECURITY FRANKFORT,PARK SECURITY FRANKFORT,Other State Agency,KY,2022,0,39,0,39,1,0,1,40,0,40,
TX1390000,LAMAR CO SO PARIS,LAMAR CO SO PARIS,County,TX,2022,22571,31,15,46,3,26,29,34,41,75,3.32
KS0190400,FRONTENAC PD,FRONTENAC PD,City,KS,2022,3415,10,2,12,0,0,0,10,2,12,3.51
MI6364600,OXFORD PD,OXFORD PD,City,MI,2022,3440,10,10,20,0,2,2,10,12,22,6.40
PA0651900,NORTH BELLE VERNON PD BELLE VERNON,NORTH BELLE VERNON PD BELLE VERNON,City,PA,2022,1839,2,0,2,0,0,0,2,0,2,1.09
CA0430200,CAMPBELL,CAMPBELL,City,CA,2022,41605,39,2,41,5,22,27,44,24,68,1.63
PA0407200,,,University or College,PA,2022,0,2,0,2,1,0,1,3,0,3,
MS0150000,COPIAH CO SO HAZLEHURST,COPIAH CO SO HAZLEHURST,County,MS,2022,19472,18,1,19,6,6,12,24,7,31,1.59
FL0410000,MANATEE CO SO BRADENTON,MANATEE CO SO BRADENTON,County,FL,2022,352305,490,293,783,73,362,435,563,655,1218,3.46
TX1120000,HOPKINS CO SO SULPHUR SPRINGS,HOPKINS CO SO SULPHUR SPRINGS,County,TX,2022,21022,28,25,53,0,17,17,28,42,70,3.33
WV0131100,GREENBRIER CO DRUG AND VIOLENT CRIMES TASK FORC,GREENBRIER CO DRUG AND VIOLENT CRIMES TASK FORC,Other,WV,2022,0,2,0,2,1,1,2,3,1,4,
KS0080800,BENTON PD,BENTON PD,City,KS,2022,942,1,0,1,0,0,0,1,0,1,1.06
ME0060300,HALLOWELL PD,HALLOWELL PD,City,ME,2022,2579,4,0,4,1,0,1,5,0,5,1.94
NJ0180700,FAR HILLS PD,FAR HILLS PD,City,NJ,2022,908,7,0,7,0,1,1,7,1,8,8.81
OK0390000,LATIMER,LATIMER,County,OK,2022,6573,9,0,9,0,2,2,9,2,11,1.67
OK0721300,JENKS PUBLIC SCHOOLS,JENKS PUBLIC SCHOOLS,Other,OK,2022,0,7,0,7,0,1,1,7,1,8,
IA0220000,CLAYTON CO SO ELKADER,CLAYTON CO SO ELKADER,County,IA,2022,15586,13,3,16,0,16,16,13,19,32,2.05
AL0590100,CALERA PD,CALERA PD,City,AL,2022,18189,34,3,37,2,5,7,36,8,44,2.42
NY0162400,MALONE VILLAGE PD MALONE,MALONE VILLAGE PD MALONE,City,NY,2022,5274,12,0,12,1,0,1,13,0,13,2.46
GA1190400,DILLARD PD,DILLARD PD,City,GA,2022,339,2,0,2,0,1,1,2,1,3,8.85
GA0130200,HOBOKEN PD,HOBOKEN PD,City,GA,2022,484,1,0,1,0,2,2,1,2,3,6.20
PA0430400,HERMITAGE PD HERMITAGE,HERMITAGE PD HERMITAGE,City,PA,2022,16089,30,0,30,0,3,3,30,3,33,2.05
CA0240100,ATWATER PD,ATWATER PD,City,CA,2022,32157,22,3,25,1,7,8,23,10,33,1.03
MO0190500,PLEASANT HILL,PLEASANT HILL,City,MO,2022,8811,9,1,10,2,5,7,11,6,17,1.93
MO0010000,ADAIR,ADAIR,County,MO,2022,7590,10,9,19,0,7,7,10,16,26,3.43
AL0011600,GRAYSVILLE PD,GRAYSVILLE PD,City,AL,2022,1889,2,0,2,0,0,0,2,0,2,1.06
PA0028500,PLUM PD,PLUM PD,City,PA,2022,26644,28,1,29,1,1,2,29,2,31,1.16
OR004SP00,SP: CLATSOP COUNTY,SP: CLATSOP COUNTY,State Police,OR,2022,0,14,0,14,1,2,3,15,2,17,
CA0301900,SANTA ANA PD,SANTA ANA PD,City,CA,2022,308995,321,84,405,34,135,169,355,219,574,1.86
ID0030000,BANNOCK CO SO POCATELLO,BANNOCK CO SO POCATELLO,County,ID,2022,14711,38,44,82,5,33,38,43,77,120,8.16
NB0660100,NEBRASKA CITY PD,NEBRASKA CITY PD,City,NB,2022,7212,11,1,12,2,0,2,13,1,14,1.94
KS0780100,HUTCHINSON PD,HUTCHINSON PD,City,KS,2022,39424,65,5,70,6,29,35,71,34,105,2.66
TX2310000,UPTON CO SO RANKIN,UPTON CO SO RANKIN,County,TX,2022,3253,9,4,13,2,8,10,11,12,23,7.07
WI0050200,GREEN BAY PD,GREEN BAY PD,City,WI,2022,106916,135,13,148,28,24,52,163,37,200,1.87
KS0462400,LAKE QUIVIRA POLICE DEPARTMENT,LAKE QUIVIRA POLICE DEPARTMENT,City,KS,2022,1003,1,0,1,0,0,0,1,0,1,1.00
OK0700100,GUYMON,GUYMON,City,OK,2022,12292,15,0,15,3,2,5,18,2,20,1.63
TX0350100,DIMMITT POLICE DEPARTMENT,DIMMITT POLICE DEPARTMENT,City,TX,2022,4183,6,1,7,1,1,2,7,2,9,2.15
AL0630200,NORTHPORT PD,NORTHPORT PD,City,AL,2022,30901,56,4,60,6,15,21,62,19,81,2.62
NC0060100,NEWLAND PD,NEWLAND PD,City,NC,2022,719,6,0,6,0,0,0,6,0,6,8.34
AL0070000,BIBB CO SO CENTREVILLE,BIBB CO SO CENTREVILLE,County,AL,2022,14164,11,0,11,0,1,1,11,1,12,0.85
VAVSP0000,SP ADM HDQ RICHMOND,SP ADM HDQ RICHMOND,State Police,VA,2022,0,1742,264,2006,134,507,641,1876,771,2647,
LA0470100,LUTCHER PD,LUTCHER PD,City,LA,2022,2966,3,0,3,0,1,1,3,1,4,1.35
AR0750100,DARDANELLE PD,DARDANELLE PD,City,AR,2022,4485,15,0,15,0,6,6,15,6,21,4.68
NB0470100,ST PAUL PD,ST PAUL PD,City,NB,2022,2407,4,0,4,0,0,0,4,0,4,1.66
OR020110X,LIQUOR COMM: LANE COUNTY,LIQUOR COMM: LANE COUNTY,Other State Agency,OR,2022,0,8,0,8,4,1,5,12,1,13,
ND0510000,WARD CO SO MINOT,WARD CO SO MINOT,County,ND,2022,17764,36,28,64,6,26,32,42,54,96,5.40
TX2430500,WICHITA FALLS POLICE DEPART,WICHITA FALLS POLICE DEPART,City,TX,2022,103337,178,17,195,16,59,75,194,76,270,2.61
MA0051400,LYNN PD,LYNN PD,City,MA,2022,101056,157,2,159,19,17,36,176,19,195,1.93
CA0370900,NATIONAL CITY PD,NATIONAL CITY PD,City,CA,2022,55676,73,3,76,11,28,39,84,31,115,2.07
WI0180500,UW EAU CLAIRE UNIVERSITY PD,UW EAU CLAIRE UNIVERSITY PD,University or College,WI,2022,0,7,0,7,3,1,4,10,1,11,
PA0130600,SUMMIT HILL PD,SUMMIT HILL PD,City,PA,2022,3172,5,0,5,0,0,0,5,0,5,1.58
MA0011000,ORLEANS PD,ORLEANS PD,City,MA,2022,6546,16,1,17,3,5,8,19,6,25,3.82
VT0110400,FAIR HAVEN PD,FAIR HAVEN PD,City,VT,2022,2726,3,0,3,1,0,1,4,0,4,1.47
WV0540200,VIENNA PD,VIENNA PD,City,WV,2022,10521,18,1,19,1,3,4,19,4,23,2.19
AK0013500,KLAWOCK PD,KLAWOCK PD,City,AK,2022,717,2,0,2,0,0,0,2,0,2,2.79
VTVSP0000,DEPT OF PUB SFTY WATERBURY,DEPT OF PUB SFTY WATERBURY,State Police,VT,2022,0,25,7,32,3,4,7,28,11,39,
PA0071400,PENN STATE U ALTOONA CAMPUS PD,PENN STATE U ALTOONA CAMPUS PD,University or College,PA,2022,0,8,0,8,2,0,2,10,0,10,
GA1320200,REIDSVILLE PD,REIDSVILLE PD,City,GA,2022,2467,6,0,6,0,2,2,6,2,8,3.24
LA0080000,BOSSIER CO SO BENTON,BOSSIER CO SO BENTON,County,LA,2022,56113,266,35,301,38,50,88,304,85,389,6.93
MOMHP0000,MO STATE HIGHWAY PATROL,MO STATE HIGHWAY PATROL,State Police,MO,2022,0,1093,510,1603,58,539,597,1151,1049,2200,
NY0042300,ELLICOTTVILLE PD ELLICOTTVILLE,ELLICOTTVILLE PD ELLICOTTVILLE,City,NY,2022,1306,3,0,3,2,0,2,5,0,5,3.83
SD0230200,HOT SPRINGS PD,HOT SPRINGS PD,City,SD,2022,3605,6,0,6,1,1,2,7,1,8,2.22
SD0440000,MCPHERSON CO SO LEOLA,MCPHERSON CO SO LEOLA,County,SD,2022,2046,2,0,2,1,0,1,3,0,3,1.47
NC0800100,CHINA GROVE PD,CHINA GROVE PD,City,NC,2022,4477,11,0,11,1,0,1,12,0,12,2.68
PA0020100,BALDWIN BOROUGH PD PITTSBURGH,BALDWIN BOROUGH PD PITTSBURGH,City,PA,2022,20941,21,0,21,3,1,4,24,1,25,1.19
WI0111000,LODI PD,LODI PD,City,WI,2022,3213,6,0,6,0,1,1,6,1,7,2.18
PA0330200,BROOKVILLE PD,BROOKVILLE PD,City,PA,2022,3939,6,0,6,1,1,2,7,1,8,2.03
ND0230300,LA MOURE PD,LA MOURE PD,City,ND,2022,759,1,0,1,0,0,0,1,0,1,1.32
SC0260500,LORIS PD,LORIS PD,City,SC,2022,2676,12,0,12,1,1,2,13,1,14,5.23
MI4448800,IMLAY CITY PD,IMLAY CITY PD,City,MI,2022,3707,7,0,7,1,1,2,8,1,9,2.43
IL0560400,FOX RIVER GROVE PD,FOX RIVER GROVE PD,City,IL,2022,4684,8,0,8,1,0,1,9,0,9,1.92
KY0371800,,,Other State Agency,KY,2022,0,4,0,4,0,0,0,4,0,4,
TN0840400,BRIGHTON PD,BRIGHTON PD,City,TN,2022,2858,5,0,5,0,0,0,5,0,5,1.75
WV0240500,GARY PD,GARY PD,City,WV,2022,709,1,0,1,0,0,0,1,0,1,1.41
WIDI01200,ST CROIX TRIBAL POLICE DEPARTMENT,ST CROIX TRIBAL POLICE DEPARTMENT,Tribal,WI,2022,0,6,1,7,3,3,6,9,4,13,
PA0656800,,,University or College,PA,2022,0,3,0,3,1,0,1,4,0,4,
AZ0110100,CASA GRANDE PD,CASA GRANDE PD,City,AZ,2022,61271,74,11,85,7,13,20,81,24,105,1.71
AR0350400,DPS UNIVERSITY OF ARKANSASAT PINE BLUFF,DPS UNIVERSITY OF ARKANSASAT PINE BLUFF,University or College,AR,2022,0,4,1,5,10,4,14,14,5,19,
TX0080000,AUSTIN CO SO BELLVILLE,AUSTIN CO SO BELLVILLE,County,TX,2022,18749,34,18,52,4,18,22,38,36,74,3.95
WVWSP4000,STATE POLICE RAINELLE,STATE POLICE RAINELLE,State Police,WV,2022,0,4,0,4,0,1,1,4,1,5,
IL0630300,MANITO PD,MANITO PD,City,IL,2022,1511,3,0,3,0,0,0,3,0,3,1.99
SC0050100,BAMBERG PD,BAMBERG PD,City,SC,2022,3019,6,0,6,1,2,3,7,2,9,2.98
GA1120100,JASPER,JASPER,City,GA,2022,4371,14,0,14,1,2,3,15,2,17,3.89
IL0580000,MACON CO SO DECATUR,MACON CO SO DECATUR,County,IL,2022,23056,42,80,122,5,41,46,47,121,168,7.29
NY0595200,EASTCHESTER TOWN PD EASTCHESTER,EASTCHESTER TOWN PD EASTCHESTER,City,NY,2022,20277,42,1,43,4,1,5,46,2,48,2.37
NC0360200,BESSEMER CITY PD,BESSEMER CITY PD,City,NC,2022,5569,14,0,14,1,0,1,15,0,15,2.69
MN0300200,,,City,MN,2022,1793,4,0,4,1,1,2,5,1,6,3.35
KS0260400,FORT HAYS STATE UNIVERSITY PD HAYS,FORT HAYS STATE UNIVERSITY PD HAYS,University or College,KS,2022,0,4,1,5,1,1,2,5,2,7,
IA0420000,HARDIN CO SO ELDORA,HARDIN CO SO ELDORA,County,IA,2022,7441,10,11,21,0,13,13,10,24,34,4.57
CA0420400,SANTA MARIA PD,SANTA MARIA PD,City,CA,2022,109518,98,15,113,8,43,51,106,58,164,1.50
OR0200200,EUGENE,EUGENE,City,OR,2022,175390,176,35,211,21,85,106,197,120,317,1.81
KSKHPQ000,"HIGHWAY PATROL HQS, TOPEKA","HIGHWAY PATROL HQS, TOPEKA",State Police,KS,2022,0,21,14,35,5,42,47,26,56,82,
IN0530000,MONROE CO SO BLOOMINGTON,MONROE CO SO BLOOMINGTON,County,IN,2022,53623,79,8,87,13,16,29,92,24,116,2.16
MA011319E,DEAN COLLEGE,DEAN COLLEGE,University or College,MA,2022,0,2,9,11,1,3,4,3,12,15,
PA0201400,WEST MEAD TWP PD MEADVILLE,WEST MEAD TWP PD MEADVILLE,City,PA,2022,4953,2,0,2,0,0,0,2,0,2,0.40
AR0170500,DYER,DYER,City,AR,2022,772,1,0,1,0,0,0,1,0,1,1.30
SC0101200,TRIDENT TECH COLLEGE PUB SAF DEPART CHARLESTON,TRIDENT TECH COLLEGE PUB SAF DEPART CHARLESTON,University or College,SC,2022,0,7,0,7,0,3,3,7,3,10,
KY0330100,IRVINE PD,IRVINE PD,City,KY,2022,2317,5,0,5,0,0,0,5,0,5,2.16
MD0030100,BALTIMORE COUNTY POLICE TOWSON,BALTIMORE COUNTY POLICE TOWSON,County,MD,2022,846476,1516,73,1589,316,142,458,1832,215,2047,2.42
TN0660000,OBION CO SO UNION CITY,OBION CO SO UNION CITY,County,TN,2022,13775,35,15,50,0,16,16,35,31,66,4.79
OK0362000,PONCA TRIBAL,PONCA TRIBAL,Tribal,OK,2022,0,3,0,3,0,0,0,3,0,3,
TX1900000,RAINS CO SO EMORY,RAINS CO SO EMORY,County,TX,2022,11545,14,3,17,7,4,11,21,7,28,2.43
OK051229E,,,University or College,OK,2022,0,3,0,3,0,0,0,3,0,3,
AL0580600,MOODY PD MOODY,MOODY PD MOODY,City,AL,2022,13862,26,0,26,0,1,1,26,1,27,1.95
IA0780400,CARTER LAKE PD,CARTER LAKE PD,City,IA,2022,3768,10,3,13,0,2,2,10,5,15,3.98
MI5596800,HANNAHVILLE TRIBAL POLICE DEPT WILSON,HANNAHVILLE TRIBAL POLICE DEPT WILSON,Tribal,MI,2022,0,11,0,11,1,1,2,12,1,13,
GA0440900,STONE MOUNTAIN PD,STONE MOUNTAIN PD,City,GA,2022,6541,10,0,10,5,1,6,15,1,16,2.45
MA009579E,BRANDEIS UNIVERSITY,BRANDEIS UNIVERSITY,University or College,MA,2022,0,11,4,15,4,1,5,15,5,20,
CT0012400,SEYMOUR PD,SEYMOUR PD,City,CT,2022,16634,33,0,33,5,2,7,38,2,40,2.40
TX0040100,ARANSAS PASS PD,ARANSAS PASS PD,City,TX,2022,8056,24,4,28,3,10,13,27,14,41,5.09
OH0851200,MOUNT EATON,MOUNT EATON,City,OH,2022,170,5,0,5,1,0,1,6,0,6,35.29
CA0196200,SAN GABRIEL PD,SAN GABRIEL PD,City,CA,2022,37891,42,2,44,5,13,18,47,15,62,1.64
NJ0102200,READINGTON TWP PD WHITEHOUSE STATION,READINGTON TWP PD WHITEHOUSE STATION,City,NJ,2022,16348,23,4,27,1,2,3,24,6,30,1.84
MT0470000,BUTTE-SILVER BOW LAW ENFORCEMENT AGENCY BUTTE,BUTTE-SILVER BOW LAW ENFORCEMENT AGENCY BUTTE,County,MT,2022,35656,46,27,73,2,22,24,48,49,97,2.72
MN0130000,CHISAGO CO SO CENTER CITY,CHISAGO CO SO CENTER CITY,County,MN,2022,28094,39,27,66,5,15,20,44,42,86,3.06
IL0168B00,ORLAND HILLS PD,ORLAND HILLS PD,City,IL,2022,6600,12,0,12,0,0,0,12,0,12,1.82
MO1050600,BRANSON WEST,BRANSON WEST,City,MO,2022,480,7,0,7,0,0,0,7,0,7,14.58
GA0601300,FULTON COUNTY PD ATLANTA,FULTON COUNTY PD ATLANTA,County,GA,2022,0,33,8,41,7,29,36,40,37,77,
UT0060100,BOUNTIFUL PD,BOUNTIFUL PD,City,UT,2022,45098,32,2,34,6,17,23,38,19,57,1.26
AL0380900,TAYLOR POLICE DEPARTMENT TAYLOR,TAYLOR POLICE DEPARTMENT TAYLOR,City,AL,2022,2280,3,0,3,0,0,0,3,0,3,1.32
TX1261300,GODLEY POLICE DEPARTMENT GODLEY,GODLEY POLICE DEPARTMENT GODLEY,City,TX,2022,2245,5,0,5,1,0,1,6,0,6,2.67
NC0460200,MURFREESBORO PD,MURFREESBORO PD,City,NC,2022,2490,6,0,6,0,1,1,6,1,7,2.81
PA0211700,SILVER SPRINGS TWP PD MECHANICSBURG,SILVER SPRINGS TWP PD MECHANICSBURG,City,PA,2022,20806,21,0,21,1,1,2,22,1,23,1.11
TX0900200,PAMPA PD,PAMPA PD,City,TX,2022,16343,26,0,26,4,2,6,30,2,32,1.96
MO0100200,COLUMBIA,COLUMBIA,City,MO,2022,127862,142,28,170,15,24,39,157,52,209,1.63
WA0272400,UNIVERSITY PLACE POLICE DEPARTMENT,UNIVERSITY PLACE POLICE DEPARTMENT,City,WA,2022,34846,15,0,15,0,1,1,15,1,16,0.46
MD0171400,GREENBELT PD,GREENBELT PD,City,MD,2022,24278,38,5,43,7,16,23,45,21,66,2.72
IDISP0000,SP HDQ MERIDIAN,SP HDQ MERIDIAN,State Police,ID,2022,0,283,68,351,16,165,181,299,233,532,
OH0770500,HUDSON,HUDSON,City,OH,2022,22902,30,1,31,2,7,9,32,8,40,1.75
MS0410100,TUPELO PD,TUPELO PD,City,MS,2022,37534,97,4,101,6,11,17,103,15,118,3.14
TX101769E,ST. THOMAS UNIVERSITY,ST. THOMAS UNIVERSITY,University or College,TX,2022,0,9,0,9,1,1,2,10,1,11,
PA0012300,CARROLL VALLEY PD FAIRFIELD,CARROLL VALLEY PD FAIRFIELD,City,PA,2022,4485,2,0,2,1,0,1,3,0,3,0.67
NJ0191900,STANHOPE PD,STANHOPE PD,City,NJ,2022,3572,8,0,8,1,1,2,9,1,10,2.80
MI3449100,IONIA PD,IONIA PD,City,MI,2022,11730,13,1,14,1,0,1,14,1,15,1.28
TN0890100,MC MINNVILLE PD,MC MINNVILLE PD,City,TN,2022,13952,35,0,35,4,3,7,39,3,42,3.01
NC0760100,ASHEBORO PD,ASHEBORO PD,City,NC,2022,27275,60,4,64,3,7,10,63,11,74,2.71
WA0311200,MONROE PD,MONROE PD,City,WA,2022,20309,27,1,28,4,8,12,31,9,40,1.97
TN0270500,BRADFORD PD,BRADFORD PD,City,TN,2022,989,4,0,4,1,0,1,5,0,5,5.06
MO0261600,STATE PARK RANGERS,STATE PARK RANGERS,Other State Agency,MO,2022,0,45,0,45,2,1,3,47,1,48,
AL0610100,SYLACAUGA PD,SYLACAUGA PD,City,AL,2022,12205,26,1,27,4,1,5,30,2,32,2.62
LA0520000,ST TAMMANY CO SO COVINGTON,ST TAMMANY CO SO COVINGTON,County,LA,2022,216506,415,8,423,216,11,227,631,19,650,3.00
TX2500000,WOOD COUNTY SHERIFFS OFFICE,WOOD COUNTY SHERIFFS OFFICE,County,TX,2022,35359,27,2,29,6,10,16,33,12,45,1.27
NJ0042600,OAKLYN PD,OAKLYN PD,City,NJ,2022,3908,12,0,12,1,1,2,13,1,14,3.58
SC0080500,ST STEPHEN PD,ST STEPHEN PD,City,SC,2022,1533,3,0,3,0,1,1,3,1,4,2.61
PA0160400,KNOX BORO PD KNOX,KNOX BORO PD KNOX,City,PA,2022,1098,0,0,0,1,0,1,1,0,1,0.91
TN0200200,DECATURVILLE PD,DECATURVILLE PD,City,TN,2022,791,1,0,1,0,0,0,1,0,1,1.26
OH0481000,HOLLAND,HOLLAND,City,OH,2022,1797,8,0,8,0,0,0,8,0,8,4.45
NJ0041200,CHERRY HILL TWP PD CHERRY HILL,CHERRY HILL TWP PD CHERRY HILL,City,NJ,2022,76401,127,11,138,14,18,32,141,29,170,2.23
NC0270000,CURRITUCK CO SO CURRITUCK,CURRITUCK CO SO CURRITUCK,County,NC,2022,31129,58,13,71,9,7,16,67,20,87,2.79
GA0570100,FLOYD COUNTY PD ROME,FLOYD COUNTY PD ROME,County,GA,2022,60317,68,1,69,14,5,19,82,6,88,1.46
WI0650200,ELKHORN PD,ELKHORN PD,City,WI,2022,10359,14,1,15,2,1,3,16,2,18,1.74
WV0300000,MINGO CO SO WILLIAMSON,MINGO CO SO WILLIAMSON,County,WV,2022,18235,18,0,18,0,1,1,18,1,19,1.04
OR0340500,GASTON,GASTON,City,OR,2022,673,1,0,1,0,0,0,1,0,1,1.49
NJ0025000,RIDGEFIELD PARK PD,RIDGEFIELD PARK PD,City,NJ,2022,13067,35,5,40,3,2,5,38,7,45,3.44
FL0139100,CITY OF AVENTURA POLICE DEPARTMENT,CITY OF AVENTURA POLICE DEPARTMENT,City,FL,2022,38484,77,11,88,14,21,35,91,32,123,3.20
TX0790700,NEEDVILLE PD,NEEDVILLE PD,City,TX,2022,3040,6,0,6,2,0,2,8,0,8,2.63
DE0020800,NEWPORT PD,NEWPORT PD,City,DE,2022,885,5,0,5,0,0,0,5,0,5,5.65
OH0314200,COLERAIN TOWNSHIP,COLERAIN TOWNSHIP,City,OH,2022,58548,50,1,51,4,6,10,54,7,61,1.04
TN0820100,BRISTOL PD,BRISTOL PD,City,TN,2022,27862,65,4,69,10,14,24,75,18,93,3.34
NB0240200,GOTHENBURG PD,GOTHENBURG PD,City,NB,2022,3372,7,0,7,0,2,2,7,2,9,2.67
WI0137300,MCFARLAND PD,MCFARLAND PD,City,WI,2022,9555,15,14,29,1,3,4,16,17,33,3.45
NJ0140700,CHESTER TWP PD CHESTER,CHESTER TWP PD CHESTER,City,NJ,2022,7711,23,0,23,1,1,2,24,1,25,3.24
GA0210000,CANDLER CO SO METTER,CANDLER CO SO METTER,County,GA,2022,7110,12,6,18,0,7,7,12,13,25,3.52
VA0280200,TAPPAHANNOCK PD,TAPPAHANNOCK PD,City,VA,2022,2236,7,0,7,4,1,5,11,1,12,5.37
OR0290000,TILLAMOOK,TILLAMOOK,County,OR,2022,22016,40,3,43,5,11,16,45,14,59,2.68
OH0040300,GENEVA,GENEVA,City,OH,2022,5896,11,1,12,2,2,4,13,3,16,2.71
WI0200200,RIPON PD,RIPON PD,City,WI,2022,7793,12,0,12,2,2,4,14,2,16,2.05
DE0010800,FREDERICA PD FREDERICA,FREDERICA PD FREDERICA,City,DE,2022,1086,1,0,1,0,0,0,1,0,1,0.92
SD0560200,PINE RIDGE SIOUX TRIBAL PD KYLE,PINE RIDGE SIOUX TRIBAL PD KYLE,Tribal,SD,2022,0,39,9,48,11,17,28,50,26,76,
GA1110000,PEACH CO SO FORT VALLEY,PEACH CO SO FORT VALLEY,County,GA,2022,13309,28,11,39,2,16,18,30,27,57,4.28
GA0720200,WAVERLY HALL PD,WAVERLY HALL PD,City,GA,2022,632,3,0,3,0,1,1,3,1,4,6.33
MN0820500,ST PAUL PARK PD,ST PAUL PARK PD,City,MN,2022,5429,5,0,5,1,0,1,6,0,6,1.11
NB0490000,JOHNSON CO SO TECUMSEH,JOHNSON CO SO TECUMSEH,County,NB,2022,5349,6,2,8,1,4,5,7,6,13,2.43
VA0100000,BEDFORD CO SO BEDFORD,BEDFORD CO SO BEDFORD,County,VA,2022,74362,70,1,71,16,7,23,86,8,94,1.26
MN0750000,STEVENS CO SO MORRIS,STEVENS CO SO MORRIS,County,MN,2022,9769,13,3,16,0,6,6,13,9,22,2.25
MO0570200,OLD MONROE,OLD MONROE,City,MO,2022,260,1,0,1,0,1,1,1,1,2,7.69
OHOHP0000,OHIO STATE HGHWAY PATROL,OHIO STATE HGHWAY PATROL,State Police,OH,2022,0,1256,413,1669,109,445,554,1365,858,2223,
NM0290100,TAOS PD,TAOS PD,City,NM,2022,6613,18,1,19,2,3,5,20,4,24,3.63
WA0320900,EASTERN WASHINGTON UNIVERSITY POLICE DEPARTMENT,EASTERN WASHINGTON UNIVERSITY POLICE DEPARTMENT,University or College,WA,2022,0,11,0,11,2,1,3,13,1,14,
NB0890000,WASHINGTON CO SO BLAIR,WASHINGTON CO SO BLAIR,County,NB,2022,13199,28,9,37,2,22,24,30,31,61,4.62
PA0233100,SPRINGFIELD TWP PD SPRINGFIELD,SPRINGFIELD TWP PD SPRINGFIELD,City,PA,2022,24732,33,1,34,1,2,3,34,3,37,1.50
GA1100400,BRASWELL POLICE DEPARTMENT BRASWELL,BRASWELL POLICE DEPARTMENT BRASWELL,City,GA,2022,366,4,2,6,0,1,1,4,3,7,19.13
WI0480000,PIERCE CO SO ELLSWORTH,PIERCE CO SO ELLSWORTH,County,WI,2022,19833,34,0,34,5,1,6,39,1,40,2.02
NH0087200,STRATHAM PD,STRATHAM PD,City,NH,2022,7844,11,0,11,1,1,2,12,1,13,1.66
AZ0111200,SUPERIOR PD,SUPERIOR PD,City,AZ,2022,2528,9,0,9,0,1,1,9,1,10,3.96
AR0440000,MADISON CO SO HUNTSVILLE,MADISON CO SO HUNTSVILLE,County,AR,2022,14255,12,2,14,1,8,9,13,10,23,1.61
TX0150800,HOLLYWOOD PARK POLICE DEPT,HOLLYWOOD PARK POLICE DEPT,City,TX,2022,3091,14,0,14,1,1,2,15,1,16,5.18
NH0020400,BARTLETT PD,BARTLETT PD,City,NH,2022,3363,4,0,4,0,0,0,4,0,4,1.19
MO0480000,JACKSON,JACKSON,County,MO,2022,23529,88,9,97,5,23,28,93,32,125,5.31
MA0053300,WENHAM PD,WENHAM PD,City,MA,2022,4998,10,0,10,1,1,2,11,1,12,2.40
TX1840000,PARKER CO SO WEATHERFORD,PARKER CO SO WEATHERFORD,County,TX,2022,109285,83,6,89,12,31,43,95,37,132,1.21
GA0280900,CHEROKEE COUNTY MARSHAL'S OFFICE,CHEROKEE COUNTY MARSHAL'S OFFICE,Other,GA,2022,0,10,5,15,2,4,6,12,9,21,
CA0100900,MENDOTA POLICE DEPARTMENT,MENDOTA POLICE DEPARTMENT,City,CA,2022,12819,16,2,18,1,4,5,17,6,23,1.79
MA0144700,STERLING PD,STERLING PD,City,MA,2022,8372,13,2,15,1,3,4,14,5,19,2.27
OK0670100,KONAWA,KONAWA,City,OK,2022,1299,3,0,3,0,0,0,3,0,3,2.31
KS0461300,MISSION HILLS POLICE DEPARTMENT,MISSION HILLS POLICE DEPARTMENT,City,KS,2022,3540,37,2,39,3,9,12,40,11,51,14.41
NJ0101100,FRENCHTOWN PD,FRENCHTOWN PD,City,NJ,2022,1387,3,1,4,0,0,0,3,1,4,2.88
TN0800100,CARTHAGE PD,CARTHAGE PD,City,TN,2022,2276,8,1,9,0,4,4,8,5,13,5.71
AR0040400,PEA RIDGE PD,PEA RIDGE PD,City,AR,2022,7643,14,1,15,1,1,2,15,2,17,2.22
PA0462400,ROCKLEDGE POLICE DEPARTMENT ROCKLEDGE,ROCKLEDGE POLICE DEPARTMENT ROCKLEDGE,City,PA,2022,2619,5,0,5,0,0,0,5,0,5,1.91
RI0050500,RICHMOND PD,RICHMOND PD,City,RI,2022,8243,15,0,15,0,5,5,15,5,20,2.43
PA0070500,BELLWOOD PD,BELLWOOD PD,City,PA,2022,1798,3,0,3,0,0,0,3,0,3,1.67
IA0160100,TIPTON PD,TIPTON PD,City,IA,2022,3092,5,0,5,1,1,2,6,1,7,2.26
PA0264000,,,University or College,PA,2022,0,4,0,4,0,0,0,4,0,4,
KS0890200,ROSSVILLE PD,ROSSVILLE PD,City,KS,2022,1093,2,0,2,0,1,1,2,1,3,2.74
AL0550200,BRUNDIDGE PD,BRUNDIDGE PD,City,AL,2022,2053,5,0,5,0,1,1,5,1,6,2.92
MI3875800,SPRINGPORT TOWNSHIP POLICE DEPARTMENT,SPRINGPORT TOWNSHIP POLICE DEPARTMENT,City,MI,2022,2154,2,0,2,0,0,0,2,0,2,0.93
NM0261200,EDGEWOOD POLICE DEPARTMENT,EDGEWOOD POLICE DEPARTMENT,City,NM,2022,6125,10,0,10,1,1,2,11,1,12,1.96
KS0460200,LEAWOOD PD LEAWOOD,LEAWOOD PD LEAWOOD,City,KS,2022,33596,51,8,59,6,13,19,57,21,78,2.32
CT0008400,MILFORD PD,MILFORD PD,City,CT,2022,52694,87,5,92,25,18,43,112,23,135,2.56
GA0330200,COBB COUNTY POLICE DEPARTMENT,COBB COUNTY POLICE DEPARTMENT,County,GA,2022,572088,528,5,533,55,55,110,583,60,643,1.12
NJ0010300,BRIGANTINE PD,BRIGANTINE PD,City,NJ,2022,7642,31,3,34,3,7,10,34,10,44,5.76
SD0580000,STANLEY CO SO FORT PIERRE,STANLEY CO SO FORT PIERRE,County,SD,2022,3109,5,0,5,1,1,2,6,1,7,2.25
MT0320000,MISSOULA CO SO MISSOULA,MISSOULA CO SO MISSOULA,County,MT,2022,45137,59,71,130,1,39,40,60,110,170,3.77
OH0312400,MOUNT HEALTHY,MOUNT HEALTHY,City,OH,2022,6867,14,0,14,0,2,2,14,2,16,2.33
LA0030000,ASCENSION CO SO DONALDSONVILLE,ASCENSION CO SO DONALDSONVILLE,County,LA,2022,116677,201,28,229,20,90,110,221,118,339,2.91
INISP0000,SP HDQ INDIANAPOLIS,SP HDQ INDIANAPOLIS,State Police,IN,2022,0,1058,194,1252,55,285,340,1113,479,1592,
ME0021600,WASHBURN PD,WASHBURN PD,City,ME,2022,1498,2,0,2,1,0,1,3,0,3,2.00
AR0170100,VAN BUREN PD,VAN BUREN PD,City,AR,2022,23533,45,0,45,7,4,11,52,4,56,2.38
TX1990100,ROCKWALL PD,ROCKWALL PD,City,TX,2022,51724,70,6,76,11,17,28,81,23,104,2.01
AL0400400,MILLPORT PD,MILLPORT PD,City,AL,2022,960,1,0,1,0,0,0,1,0,1,1.04
TX0430700,PROSPER PD,PROSPER PD,City,TX,2022,37752,36,2,38,9,13,22,45,15,60,1.59
WI0030100,RICE LAKE PD,RICE LAKE PD,City,WI,2022,8941,16,0,16,2,1,3,18,1,19,2.13
MN0190000,DAKOTA CO SO HASTINGS,DAKOTA CO SO HASTINGS,County,MN,2022,19523,81,54,135,15,52,67,96,106,202,10.35
MN0540400,,,City,MN,2022,720,2,0,2,0,0,0,2,0,2,2.78
PA0100900,MIDDLESEX TWP PD VALENCIA,MIDDLESEX TWP PD VALENCIA,City,PA,2022,7255,5,0,5,0,0,0,5,0,5,0.69
AR0030200,COTTER PD,COTTER PD,City,AR,2022,924,3,0,3,0,0,0,3,0,3,3.25
AL0230200,OPP PD,OPP PD,City,AL,2022,6641,16,3,19,2,5,7,18,8,26,3.92
LA0620100,OAK GROVE PD,OAK GROVE PD,City,LA,2022,1580,1,0,1,5,0,5,6,0,6,3.80
IL0453400,CAMPTON HILLS POLICE DEPARTMENT,CAMPTON HILLS POLICE DEPARTMENT,City,IL,2022,10802,9,0,9,0,0,0,9,0,9,0.83
LA0050400,COTTONPORT PD,COTTONPORT PD,City,LA,2022,1954,4,0,4,2,0,2,6,0,6,3.07
OK0440800,NEWCASTLE,NEWCASTLE,City,OK,2022,13290,20,20,40,4,6,10,24,26,50,3.76
FL0531200,LAKELAND PD,LAKELAND PD,City,FL,2022,118365,213,16,229,39,90,129,252,106,358,3.02
VA0170000,CAROLINE CO SO BOWLING GREEN,CAROLINE CO SO BOWLING GREEN,County,VA,2022,30688,40,2,42,11,16,27,51,18,69,2.25
NH0083000,HAMPTON PD,HAMPTON PD,City,NH,2022,16384,31,5,36,5,3,8,36,8,44,2.69
NB0180100,HARVARD PD,HARVARD PD,City,NB,2022,938,1,0,1,0,0,0,1,0,1,1.07
VA1300900,NORFOLK AIRPORT AUTHORITY PD NORFOLK,NORFOLK AIRPORT AUTHORITY PD NORFOLK,Other,VA,2022,0,33,2,35,2,6,8,35,8,43,
MO0360000,FRANKLIN,FRANKLIN,County,MO,2022,57391,113,7,120,10,37,47,123,44,167,2.91
WI0561100,,,City,WI,2022,17169,23,0,23,3,3,6,26,3,29,1.69
NC0060600,VILLAGE OF SUGAR MOUNTAIN PD BANNER ELK,VILLAGE OF SUGAR MOUNTAIN PD BANNER ELK,City,NC,2022,376,6,0,6,0,0,0,6,0,6,15.96
OH0230000,FAIRFIELD,FAIRFIELD,County,OH,2022,77431,84,23,107,21,30,51,105,53,158,2.04
AL0130000,CHEROKEE CO SO CENTRE,CHEROKEE CO SO CENTRE,County,AL,2022,18776,30,18,48,2,8,10,32,26,58,3.09
MN0370000,LAC QUI PARLE CO SO MADISON,LAC QUI PARLE CO SO MADISON,County,MN,2022,5087,7,0,7,0,4,4,7,4,11,2.16
WI0600200,SHEBOYGAN PD,SHEBOYGAN PD,City,WI,2022,49917,70,9,79,13,10,23,83,19,102,2.04
MA0031400,RAYNHAM PD,RAYNHAM PD,City,MA,2022,15404,25,2,27,4,6,10,29,8,37,2.40
MD0230700,,,City,MD,2022,1621,1,0,1,0,0,0,1,0,1,0.62
WVWSP6600,STATE POLICE NEW CUMBERLAND,STATE POLICE NEW CUMBERLAND,State Police,WV,2022,0,5,0,5,0,1,1,5,1,6,
NC0900000,UNION CO SO MONROE,UNION CO SO MONROE,County,NC,2022,168556,205,46,251,33,46,79,238,92,330,1.96
WV0203600,METRO DRUG ENFORCE NETWORK TEAM,METRO DRUG ENFORCE NETWORK TEAM,Other,WV,2022,0,3,0,3,0,0,0,3,0,3,
NB0220100,DAKOTA LAW ENFORCEMENT CENTER,DAKOTA LAW ENFORCEMENT CENTER,City,NB,2022,13652,27,0,27,1,1,2,28,1,29,2.12
TN0230100,DYERSBURG PD,DYERSBURG PD,City,TN,2022,15988,50,0,50,7,7,14,57,7,64,4.00
NB0180000,CLAY CO SO CLAY CENTER,CLAY CO SO CLAY CENTER,County,NB,2022,3693,6,3,9,0,2,2,6,5,11,2.98
WVWSP5200,STATE POLICE WAYNE,STATE POLICE WAYNE,State Police,WV,2022,0,8,0,8,1,1,2,9,1,10,
OK0221400,VICI,VICI,City,OK,2022,590,1,0,1,0,0,0,1,0,1,1.69
AR0210100,MC GEHEE PD,MC GEHEE PD,City,AR,2022,3690,10,6,16,1,7,8,11,13,24,6.50
NJ0211500,LOPATCONG TWP PD LOPATCONG,LOPATCONG TWP PD LOPATCONG,City,NJ,2022,10057,14,0,14,0,1,1,14,1,15,1.49
CT0011000,PLAINVILLE PD,PLAINVILLE PD,City,CT,2022,17413,35,2,37,5,6,11,40,8,48,2.76
TX0430500,MCKINNEY PD,MCKINNEY PD,City,TX,2022,208415,207,9,216,28,56,84,235,65,300,1.44
PA0071700,NORTH WOODBURY,NORTH WOODBURY,City,PA,2022,2415,1,0,1,0,0,0,1,0,1,0.41
OR0160200,MADRAS,MADRAS,City,OR,2022,7852,6,1,7,1,0,1,7,1,8,1.02
MN0030600,THE WHITE EARTH TRIBAL POLICE DEPARTMENT,THE WHITE EARTH TRIBAL POLICE DEPARTMENT,Tribal,MN,2022,0,17,5,22,3,4,7,20,9,29,
TX2060100,SAN SABA PD,SAN SABA PD,City,TX,2022,3197,5,0,5,0,0,0,5,0,5,1.56
TX0680900,,,University or College,TX,2022,0,3,0,3,2,0,2,5,0,5,
CA0450200,REDDING PD,REDDING PD,City,CA,2022,93531,104,13,117,6,30,36,110,43,153,1.64
WI0521300,,,City,WI,2022,6455,9,0,9,0,0,0,9,0,9,1.39
KS0920100,SMITH CENTER PD,SMITH CENTER PD,City,KS,2022,1580,2,0,2,0,0,0,2,0,2,1.27
WI0490200,ST CROIX FALLS PD,ST CROIX FALLS PD,City,WI,2022,2242,7,7,14,0,1,1,7,8,15,6.69
ND0100000,CAVALIER CO SO LANGDON,CAVALIER CO SO LANGDON,County,ND,2022,3669,7,1,8,0,4,4,7,5,12,3.27
AR0360000,JOHNSON CO SO CLARKSVILLE,JOHNSON CO SO CLARKSVILLE,County,AR,2022,14750,20,9,29,4,14,18,24,23,47,3.19
MI0310300,ALLEGAN CO SO ALLEGAN,ALLEGAN CO SO ALLEGAN,County,MI,2022,92234,55,28,83,6,20,26,61,48,109,1.18
TN0590400,PETERSBURG PD,PETERSBURG PD,City,TN,2022,537,1,0,1,0,0,0,1,0,1,1.86
CA0440100,CAPITOLA PD,CAPITOLA PD,City,CA,2022,9748,19,4,23,2,4,6,21,8,29,2.97
GA0720300,SHILOH PD,SHILOH PD,City,GA,2022,421,1,0,1,0,1,1,1,1,2,4.75
NY0195200,CAIRO TOWN PD CAIRO,CAIRO TOWN PD CAIRO,City,NY,2022,6853,2,0,2,0,0,0,2,0,2,0.29
TX1630000,MEDINA CO SO HONDO,MEDINA CO SO HONDO,County,TX,2022,34005,48,21,69,5,19,24,53,40,93,2.73
CT0016300,WILLIMANTIC PD,WILLIMANTIC PD,City,CT,2022,17777,37,3,40,5,6,11,42,9,51,2.87
AZ0050100,PIMA PD,PIMA PD,City,AZ,2022,2960,5,0,5,1,0,1,6,0,6,2.03
ID0400000,SHOSHONE CO SO WALLACE,SHOSHONE CO SO WALLACE,County,ID,2022,8031,17,10,27,3,16,19,20,26,46,5.73
IA0670000,MONONA CO SO ONAWA,MONONA CO SO ONAWA,County,IA,2022,8416,12,3,15,0,8,8,12,11,23,2.73
AR0200000,DALLAS CO SO FORDYCE,DALLAS CO SO FORDYCE,County,AR,2022,2931,6,9,15,0,11,11,6,20,26,8.87
FL0379000,SHPTALLAHASSEE,SHPTALLAHASSEE,State Police,FL,2022,0,1593,122,1715,167,265,432,1760,387,2147,
NY0192500,WINDHAM TOWN PD WINDHAM,WINDHAM TOWN PD WINDHAM,City,NY,2022,1769,1,0,1,0,0,0,1,0,1,0.57
CA0193300,INGLEWOOD PD,INGLEWOOD PD,City,CA,2022,102879,149,7,156,21,45,66,170,52,222,2.16
KS0750200,WAMEGO PD,WAMEGO PD,City,KS,2022,4885,6,0,6,2,1,3,8,1,9,1.84
OH0021100,SHAWNEE TOWNSHIP,SHAWNEE TOWNSHIP,City,OH,2022,12314,13,0,13,0,6,6,13,6,19,1.54
ID0030100,CHUBBUCK PD POCATELLO,CHUBBUCK PD POCATELLO,City,ID,2022,15970,20,4,24,1,10,11,21,14,35,2.19
PA0543500,CO DETECTIVE BU POTTSVILLE,CO DETECTIVE BU POTTSVILLE,Other,PA,2022,0,6,2,8,0,15,15,6,17,23,
GA0605800,JOHNS CREEK POLICE DEPARTMENT,JOHNS CREEK POLICE DEPARTMENT,City,GA,2022,81964,65,6,71,10,9,19,75,15,90,1.10
SD0530000,POTTER CO SO GETTYSBURG,POTTER CO SO GETTYSBURG,County,SD,2022,1379,2,0,2,0,1,1,2,1,3,2.18
CT0013500,STAMFORD PD,STAMFORD PD,City,CT,2022,136936,239,10,249,32,14,46,271,24,295,2.15
MI8281200,WAYNE PD,WAYNE PD,City,MI,2022,17284,20,0,20,3,3,6,23,3,26,1.50
SC0210900,TIMMONSVILLE PD,TIMMONSVILLE PD,City,SC,2022,2085,5,0,5,1,0,1,6,0,6,2.88
IA0640000,MARSHALL CO SO MARSHALLTOWN,MARSHALL CO SO MARSHALLTOWN,County,IA,2022,11087,20,16,36,1,18,19,21,34,55,4.96
VA0130100,LAWRENCEVILLE PD,LAWRENCEVILLE PD,City,VA,2022,1025,4,0,4,2,0,2,6,0,6,5.85
AR0580700,DOVER POLICE DEPARTMENT DOVER,DOVER POLICE DEPARTMENT DOVER,City,AR,2022,1335,6,0,6,0,0,0,6,0,6,4.49
WV0241000,LAW ENF DIV DEPT NATRL RESOURCES MACARTHUR,LAW ENF DIV DEPT NATRL RESOURCES MACARTHUR,Other State Agency,WV,2022,0,1,0,1,0,0,0,1,0,1,
NC0340200,WINSTON-SALEM PD,WINSTON-SALEM PD,City,NC,2022,251295,337,43,380,67,86,153,404,129,533,2.12
WVWSP3900,STATE POLICE PRINCETON,STATE POLICE PRINCETON,State Police,WV,2022,0,17,0,17,0,2,2,17,2,19,
IL0824500,ALTON & SOUTHERN RAILWAY,ALTON & SOUTHERN RAILWAY,Other,IL,2022,0,7,0,7,0,0,0,7,0,7,
NJ0026300,UPPER SADDLE RIVER PD SADDLE RIVER,UPPER SADDLE RIVER PD SADDLE RIVER,City,NJ,2022,8248,16,4,20,1,0,1,17,4,21,2.55
CA0011100,PLEASANTON PD,PLEASANTON PD,City,CA,2022,76350,69,5,74,11,30,41,80,35,115,1.51
CO0030800,COLUMBINE VALLEY,COLUMBINE VALLEY,City,CO,2022,1603,6,0,6,0,0,0,6,0,6,3.74
TX1520300,SHALLOWATER PD,SHALLOWATER PD,City,TX,2022,2917,6,0,6,0,0,0,6,0,6,2.06
OK0611700,KIOWA,KIOWA,City,OK,2022,589,4,0,4,2,1,3,6,1,7,11.88
TX0180000,BOSQUE CO SO MERIDIAN,BOSQUE CO SO MERIDIAN,County,TX,2022,12692,22,4,26,1,19,20,23,23,46,3.62
WV0410400,SOPHIA PD,SOPHIA PD,City,WV,2022,1095,6,0,6,0,0,0,6,0,6,5.48
MI7117100,PRESQUE ISLE CO SO ROGERS CITY,PRESQUE ISLE CO SO ROGERS CITY,County,MI,2022,10300,15,2,17,0,0,0,15,2,17,1.65
KS0670000,NEOSHO CO SO ERIE,NEOSHO CO SO ERIE,County,KS,2022,6083,14,6,20,1,7,8,15,13,28,4.60
SC0220200,GEORGETOWN PD,GEORGETOWN PD,City,SC,2022,8323,23,2,25,3,4,7,26,6,32,3.84
WV0210000,LEWIS CO SO WESTON,LEWIS CO SO WESTON,County,WV,2022,12919,12,1,13,0,1,1,12,2,14,1.08
WY0220100,WORLAND,WORLAND,City,WY,2022,4817,11,1,12,0,1,1,11,2,13,2.70
CA0280200,NAPA PD,NAPA PD,City,CA,2022,78586,64,6,70,4,40,44,68,46,114,1.45
NB0880000,VALLEY CO SO ORD,VALLEY CO SO ORD,County,NB,2022,1974,4,0,4,0,1,1,4,1,5,2.53
VA0020300,ALBEMARLE PD,ALBEMARLE PD,County,VA,2022,114981,126,9,135,16,17,33,142,26,168,1.46
PA0403100,FAIRVIEW TWP PD MOUNTAIN TOP,FAIRVIEW TWP PD MOUNTAIN TOP,City,PA,2022,4697,4,0,4,2,0,2,6,0,6,1.28
MN0190300,HASTINGS PD,HASTINGS PD,City,MN,2022,21772,26,0,26,3,5,8,29,5,34,1.56
MN0200200,KASSON PD,KASSON PD,City,MN,2022,6997,8,0,8,1,1,2,9,1,10,1.43
NB0730000,RED WILLOW CO SO MCCOOK,RED WILLOW CO SO MCCOOK,County,NB,2022,3260,2,5,7,0,10,10,2,15,17,5.21
OR0060300,COQUILLE,COQUILLE,City,OR,2022,4042,5,0,5,2,1,3,7,1,8,1.98
PA0111000,GALLITZIN PD,GALLITZIN PD,City,PA,2022,1712,1,0,1,0,0,0,1,0,1,0.58
KS0260200,ELLIS PD,ELLIS PD,City,KS,2022,1987,3,0,3,1,0,1,4,0,4,2.01
WI0650900,EAST TROY TWP PD,EAST TROY TWP PD,City,WI,2022,4068,4,0,4,0,1,1,4,1,5,1.23
SC040BP00,BUREAU OF PROT SERVICES,BUREAU OF PROT SERVICES,Other State Agency,SC,2022,0,56,1,57,17,5,22,73,6,79,
IN0710700,ROSELAND PD,ROSELAND PD,City,IN,2022,849,3,0,3,0,0,0,3,0,3,3.53
NM0240300,BLOOMFIELD PD,BLOOMFIELD PD,City,NM,2022,7335,21,3,24,1,2,3,22,5,27,3.68
PA0406500,HUGHESTOWN POLICE DEPARTMENT HUGHESTOWN,HUGHESTOWN POLICE DEPARTMENT HUGHESTOWN,City,PA,2022,1334,2,0,2,0,0,0,2,0,2,1.50
VA0660000,NORTHUMBERLAND CO SO HEATHSVILLE,NORTHUMBERLAND CO SO HEATHSVILLE,County,VA,2022,12191,19,0,19,2,12,14,21,12,33,2.71
IL0970100,CARMI PD,CARMI PD,City,IL,2022,4783,10,0,10,0,1,1,10,1,11,2.30
WA0271000,ROY PD,ROY PD,City,WA,2022,805,1,0,1,1,0,1,2,0,2,2.48
IL0160900,BERWYN PD,BERWYN PD,City,IL,2022,54654,109,37,146,8,56,64,117,93,210,3.84
OK0611400,HAILEYVILLE,HAILEYVILLE,City,OK,2022,706,2,0,2,0,0,0,2,0,2,2.83
PA0491300,RIVERSIDE PD,RIVERSIDE PD,City,PA,2022,2033,4,0,4,0,0,0,4,0,4,1.97
FL0051000,SATELLITE BEACH PD EAU GALLIE,SATELLITE BEACH PD EAU GALLIE,City,FL,2022,11288,21,1,22,4,6,10,25,7,32,2.83
MN0020600,FRIDLEY PD,FRIDLEY PD,City,MN,2022,31095,42,2,44,4,6,10,46,8,54,1.74
SC0420500,CAMPOBELLO PD,CAMPOBELLO PD,City,SC,2022,715,8,0,8,0,1,1,8,1,9,12.59
TX0770000,FLOYD CO SO FLOYDADA,FLOYD CO SO FLOYDADA,County,TX,2022,1242,5,0,5,0,5,5,5,5,10,8.05
KY0470200,RADCLIFF PD,RADCLIFF PD,City,KY,2022,22931,30,3,33,1,5,6,31,8,39,1.70
MD0010800,FROSTBURG STATE UNIVERSITY PD,FROSTBURG STATE UNIVERSITY PD,University or College,MD,2022,0,14,1,15,3,4,7,17,5,22,
IL0500400,MENDOTA PD,MENDOTA PD,City,IL,2022,6942,13,0,13,1,1,2,14,1,15,2.16
NJ0043900,RUTGERS UNIVERSITY POLICE DEPT CAMDEN,RUTGERS UNIVERSITY POLICE DEPT CAMDEN,University or College,NJ,2022,0,15,26,41,2,11,13,17,37,54,
SC032FC00,FC: LEXINGTON COUNTY,FC: LEXINGTON COUNTY,Other State Agency,SC,2022,0,3,0,3,0,0,0,3,0,3,
IA0500000,JASPER CO SO NEWTON,JASPER CO SO NEWTON,County,IA,2022,16195,17,15,32,1,19,20,18,34,52,3.21
OH0253500,MADISON TOWNSHIP,MADISON TOWNSHIP,City,OH,2022,18785,16,0,16,2,1,3,18,1,19,1.01
OR0040400,WARRENTON,WARRENTON,City,OR,2022,6537,11,0,11,1,2,3,12,2,14,2.14
VT0041200,HINESBURG POLICE DEPARTMENT,HINESBURG POLICE DEPARTMENT,City,VT,2022,4699,4,0,4,0,0,0,4,0,4,0.85
KY0790200,CALVERT CITY PD,CALVERT CITY PD,City,KY,2022,2521,7,0,7,0,1,1,7,1,8,3.17
AR0730100,SEARCY PD,SEARCY PD,City,AR,2022,23175,45,4,49,8,14,22,53,18,71,3.06
WA0174300,SHORELINE POLICE DEPARTMENT,SHORELINE POLICE DEPARTMENT,City,WA,2022,57147,40,5,45,5,15,20,45,20,65,1.14
NB0210100,BROKEN BOW PD,BROKEN BOW PD,City,NB,2022,3448,7,0,7,0,1,1,7,1,8,2.32
WY0180000,SUBLETTE CO SO PINEDALE,SUBLETTE CO SO PINEDALE,County,WY,2022,8685,43,3,46,11,13,24,54,16,70,8.06
MD0020100,ANNAPOLIS PD,ANNAPOLIS PD,City,MD,2022,40542,85,11,96,19,22,41,104,33,137,3.38
AK0012700,ANCHORAGE AIRPORT POLICE AND FIRE,ANCHORAGE AIRPORT POLICE AND FIRE,Other,AK,2022,0,54,4,58,3,3,6,57,7,64,
CO0500000,PROWERS,PROWERS,County,CO,2022,3897,9,13,22,3,5,8,12,18,30,7.70
OH0280800,RUSSELL TOWNSHIP,RUSSELL TOWNSHIP,City,OH,2022,5447,10,0,10,0,1,1,10,1,11,2.02
NY0452900,NYS PARK POLICE SARATOGA/CAPITAL REGION,NYS PARK POLICE SARATOGA/CAPITAL REGION,Other State Agency,NY,2022,0,65,2,67,10,3,13,75,5,80,
MI8283300,WYANDOTTE PD,WYANDOTTE PD,City,MI,2022,24414,34,3,37,3,10,13,37,13,50,2.05
MN0210000,DOUGLAS CO SO ALEXANDRIA,DOUGLAS CO SO ALEXANDRIA,County,MN,2022,23306,34,23,57,2,25,27,36,48,84,3.60
NC0600700,MATTHEWS PD,MATTHEWS PD,City,NC,2022,29739,44,2,46,9,9,18,53,11,64,2.15
SD0220000,EDMUNDS CO SO IPSWICH,EDMUNDS CO SO IPSWICH,County,SD,2022,4117,4,1,5,0,4,4,4,5,9,2.19
TX0790200,RICHMOND PD,RICHMOND PD,City,TX,2022,12936,24,1,25,3,10,13,27,11,38,2.94
MI0988200,DELTA COLLEGE PD BAY CITY,DELTA COLLEGE PD BAY CITY,University or College,MI,2022,0,6,3,9,0,3,3,6,6,12,
ME0100300,DEXTER PD,DEXTER PD,City,ME,2022,3793,6,0,6,0,0,0,6,0,6,1.58
MS0180000,FORREST CO SO HATTIESBURG,FORREST CO SO HATTIESBURG,County,MS,2022,25846,47,35,82,3,48,51,50,83,133,5.15
ID0140100,CALDWELL PD,CALDWELL PD,City,ID,2022,66940,61,0,61,7,14,21,68,14,82,1.22
MO0110100,ST. JOSEPH,ST. JOSEPH,City,MO,2022,70918,97,16,113,14,35,49,111,51,162,2.28
KY0920000,OHIO CO SO HARTFORD,OHIO CO SO HARTFORD,County,KY,2022,17016,12,0,12,2,3,5,14,3,17,1.00
NC0630000,MOORE CO SO CARTHAGE,MOORE CO SO CARTHAGE,County,NC,2022,47760,74,44,118,10,45,55,84,89,173,3.62
KY1090000,TAYLOR CO SO CAMPBELLSVILLE,TAYLOR CO SO CAMPBELLSVILLE,County,KY,2022,14887,9,1,10,0,3,3,9,4,13,0.87
IL0842800,LINCOLN LAND COMMUNITY COLLEGE,LINCOLN LAND COMMUNITY COLLEGE,University or College,IL,2022,0,10,2,12,2,1,3,12,3,15,
IN0470100,BEDFORD PD,BEDFORD PD,City,IN,2022,13824,29,1,30,2,7,9,31,8,39,2.82
NH0086600,SANDOWN PD,SANDOWN PD,City,NH,2022,6575,6,1,7,2,0,2,8,1,9,1.37
NC0280600,ST PARK RANGER JOCKEY'S RIDGE ST PARK NAGS HEAD,ST PARK RANGER JOCKEY'S RIDGE ST PARK NAGS HEAD,Other State Agency,NC,2022,0,3,0,3,2,0,2,5,0,5,
IL0980500,PROPHETSTOWN PD,PROPHETSTOWN PD,City,IL,2022,1922,4,0,4,0,0,0,4,0,4,2.08
AL0620700,JACKSONS GAP,JACKSONS GAP,City,AL,2022,757,1,0,1,0,0,0,1,0,1,1.32
SC025FC00,FC: HAMPTON COUNTY,FC: HAMPTON COUNTY,Other State Agency,SC,2022,0,1,0,1,0,0,0,1,0,1,
NH0056200,ORFORD PD,ORFORD PD,City,NH,2022,1253,1,0,1,0,0,0,1,0,1,0.80
CO0580000,SEDGWICK,SEDGWICK,County,CO,2022,2283,2,0,2,0,1,1,2,1,3,1.31
MI8286800,NORTHVILLE TWP PD,NORTHVILLE TWP PD,City,MI,2022,31443,29,6,35,4,7,11,33,13,46,1.46
PA067619E,,,University or College,PA,2022,0,9,2,11,0,1,1,9,3,12,
SC019SP00,HP: EDGEFIELD COUNTY,HP: EDGEFIELD COUNTY,State Police,SC,2022,0,6,46,52,0,82,82,6,128,134,
WI0110700,POYNETTE PD,POYNETTE PD,City,WI,2022,2580,5,0,5,0,1,1,5,1,6,2.33
AL0260400,NAPIER FIELD PD,NAPIER FIELD PD,City,AL,2022,410,2,0,2,0,0,0,2,0,2,4.88
NJ0043200,STRATFORD PD,STRATFORD PD,City,NJ,2022,6954,15,0,15,0,0,0,15,0,15,2.16
PA0500100,MARYSVILLE PD,MARYSVILLE PD,City,PA,2022,2672,2,0,2,0,0,0,2,0,2,0.75
NJ0042800,PINE HILL PD,PINE HILL PD,City,NJ,2022,10689,24,0,24,0,2,2,24,2,26,2.43
MT0140100,LEWISTOWN PD,LEWISTOWN PD,City,MT,2022,6135,13,2,15,0,9,9,13,11,24,3.91
MO1040000,STODDARD,STODDARD,County,MO,2022,14650,19,14,33,0,9,9,19,23,42,2.87
MN0090000,CARLTON CO SO CARLTON,CARLTON CO SO CARLTON,County,MN,2022,21410,21,17,38,3,18,21,24,35,59,2.76
VT0010300,VERGENNES PD,VERGENNES PD,City,VT,2022,2565,6,0,6,1,0,1,7,0,7,2.73
VA0860100,MARION PD,MARION PD,City,VA,2022,5711,19,0,19,2,1,3,21,1,22,3.85
TX0420100,COLEMAN PD,COLEMAN PD,City,TX,2022,3943,5,0,5,0,0,0,5,0,5,1.27
MN0460200,,,City,MN,2022,1063,2,0,2,2,0,2,4,0,4,3.76
MO1010500,SCOTT CITY,SCOTT CITY,City,MO,2022,4373,7,2,9,2,4,6,9,6,15,3.43
AR0720800,WEST FORK PD,WEST FORK PD,City,AR,2022,2330,6,0,6,0,1,1,6,1,7,3.00
NJ0072700,NJ INSTITUTE OF TECHNOLOGY PD NEWARK,NJ INSTITUTE OF TECHNOLOGY PD NEWARK,University or College,NJ,2022,0,31,24,55,5,15,20,36,39,75,
PA0042500,PATTERSON TWP PD BEAVER FALLS,PATTERSON TWP PD BEAVER FALLS,City,PA,2022,4355,3,0,3,1,0,1,4,0,4,0.92
UT0040700,WELLINGTON PD,WELLINGTON PD,City,UT,2022,1587,3,0,3,0,0,0,3,0,3,1.89
NMDI05000,BU IND AFF NORTHERN PUEBLOS AGENCY SANTA FE,BU IND AFF NORTHERN PUEBLOS AGENCY SANTA FE,Tribal,NM,2022,0,8,0,8,3,1,4,11,1,12,
NB0410000,HAMILTON CO SO AURORA,HAMILTON CO SO AURORA,County,NB,2022,4747,7,2,9,2,11,13,9,13,22,4.63
ME0090300,MEXICO PD,MEXICO PD,City,ME,2022,2787,4,0,4,1,0,1,5,0,5,1.79
FL0130400,HIALEAH PD,HIALEAH PD,City,FL,2022,218839,258,17,275,32,47,79,290,64,354,1.62
ME0161400,WELLS PD,WELLS PD,City,ME,2022,11760,18,4,22,3,6,9,21,10,31,2.64
CO0040100,PAGOSA SPRINGS,PAGOSA SPRINGS,City,CO,2022,1693,8,0,8,0,1,1,8,1,9,5.32
MN0620400,MAPLEWOOD PD,MAPLEWOOD PD,City,MN,2022,47144,40,3,43,12,5,17,52,8,60,1.27
AZ0080600,MARSHAL'S OFFICE COLORADO CITY,MARSHAL'S OFFICE COLORADO CITY,City,AZ,2022,2560,7,4,11,2,9,11,9,13,22,8.59
MI1536200,EAST JORDAN PD,EAST JORDAN PD,City,MI,2022,2254,5,0,5,0,0,0,5,0,5,2.22
MN0280500,HOKAH PD,HOKAH PD,City,MN,2022,555,1,0,1,0,0,0,1,0,1,1.80
SC012SP00,HP: CHESTER COUNTY,HP: CHESTER COUNTY,State Police,SC,2022,0,28,1,29,1,0,1,29,1,30,
FL0140000,DE SOTO CO SO ARCADIA,DE SOTO CO SO ARCADIA,County,FL,2022,27537,47,24,71,8,34,42,55,58,113,4.10
NC0280100,KILL DEVIL HILLS PD,KILL DEVIL HILLS PD,City,NC,2022,7911,25,2,27,3,4,7,28,6,34,4.30
CA0380000,SAN FRANCISCO CO SO,SAN FRANCISCO CO SO,County,CA,2022,0,594,91,685,83,103,186,677,194,871,
VA0120000,BOTETOURT CO SO FINCASTLE,BOTETOURT CO SO FINCASTLE,County,VA,2022,34238,75,1,76,17,15,32,92,16,108,3.15
CO0011100,UNIV OF CO: DENVER,UNIV OF CO: DENVER,University or College,CO,2022,0,19,20,39,3,11,14,22,31,53,
ID0070100,KETCHUM PD,KETCHUM PD,City,ID,2022,3606,10,0,10,1,1,2,11,1,12,3.33
NY0190000,GREENE CO SHERIFF'S DEPARTMENT CATSKILL,GREENE CO SHERIFF'S DEPARTMENT CATSKILL,County,NY,2022,26768,29,1,30,6,9,15,35,10,45,1.68
MT0160600,MONTANA STATE UNIV CAMPUS POLICE BOZEMAN,MONTANA STATE UNIV CAMPUS POLICE BOZEMAN,University or College,MT,2022,0,16,0,16,4,2,6,20,2,22,
AR0100400,HENDERSON STATE UNIV CAMPUS SEC ARKADELPHIA,HENDERSON STATE UNIV CAMPUS SEC ARKADELPHIA,University or College,AR,2022,0,7,0,7,1,1,2,8,1,9,
NC0370000,GATES CO SO GATESVILLE,GATES CO SO GATESVILLE,County,NC,2022,10331,12,0,12,2,1,3,14,1,15,1.45
MN0830200,ST JAMES PD,ST JAMES PD,City,MN,2022,4677,7,0,7,1,1,2,8,1,9,1.92
AL0590200,COLUMBIANA PD,COLUMBIANA PD,City,AL,2022,4347,9,1,10,3,3,6,12,4,16,3.68
MS0480400,,,City,MS,2022,523,1,0,1,0,0,0,1,0,1,1.91
MN0870200,GRANITE FALLS PD,GRANITE FALLS PD,City,MN,2022,2681,7,0,7,0,1,1,7,1,8,2.98
MI3988100,WESTERN MICHIGAN UNIV PD KALAMAZOO,WESTERN MICHIGAN UNIV PD KALAMAZOO,University or College,MI,2022,0,29,7,36,4,8,12,33,15,48,
OH0210000,DELAWARE,DELAWARE,County,OH,2022,101001,102,47,149,15,60,75,117,107,224,2.22
MNMHP0300,DPS-SP DISTRICT 2300 MARSHALL,DPS-SP DISTRICT 2300 MARSHALL,State Police,MN,2022,0,34,0,34,4,4,8,38,4,42,
CO0480100,HOLYOKE,HOLYOKE,City,CO,2022,2319,4,0,4,0,0,0,4,0,4,1.72
TN0330900,UNIV OF TENN SAFETY AND SECURITY PD CHATTANOOGA,UNIV OF TENN SAFETY AND SECURITY PD CHATTANOOGA,University or College,TN,2022,0,17,8,25,3,6,9,20,14,34,
NJ0026500,WALLINGTON PD,WALLINGTON PD,City,NJ,2022,11749,21,0,21,0,0,0,21,0,21,1.79
SDDI01800,,,Tribal,SD,2022,0,3,0,3,0,0,0,3,0,3,
MA0094400,TOWNSEND PD,TOWNSEND PD,City,MA,2022,8892,15,0,15,0,2,2,15,2,17,1.91
PA0540600,MINERSVILLE PD,MINERSVILLE PD,City,PA,2022,4407,6,0,6,0,0,0,6,0,6,1.36
WY0210100,EVANSTON,EVANSTON,City,WY,2022,11886,24,1,25,1,4,5,25,5,30,2.52
TX0290200,PORT LAVACA POLICE DEPT,PORT LAVACA POLICE DEPT,City,TX,2022,11048,17,0,17,1,6,7,18,6,24,2.17
TX2430400,IOWA PARK PD,IOWA PARK PD,City,TX,2022,6595,10,3,13,1,4,5,11,7,18,2.73
VA0340000,FREDERICK CO SO WINCHESTER,FREDERICK CO SO WINCHESTER,County,VA,2022,92518,135,0,135,15,14,29,150,14,164,1.77
TX0330100,PANHANDLE PD,PANHANDLE PD,City,TX,2022,2310,3,0,3,1,0,1,4,0,4,1.73
MI1437200,ONTWA TWP-EDWARDSBURG PD EDWARDSBURG,ONTWA TWP-EDWARDSBURG PD EDWARDSBURG,City,MI,2022,6812,9,0,9,0,1,1,9,1,10,1.47
LA0010300,CHURCH POINT PD,CHURCH POINT PD,City,LA,2022,4106,7,0,7,7,0,7,14,0,14,3.41
NY0380000,OTSEGO CO SHERIFF'S DEPARTMENT COOPERSTOWN,OTSEGO CO SHERIFF'S DEPARTMENT COOPERSTOWN,County,NY,2022,44022,16,0,16,4,0,4,20,0,20,0.45
OK0550200,DEL CITY,DEL CITY,City,OK,2022,21382,33,0,33,2,12,14,35,12,47,2.20
HI0040000,KAUAI COUNTY PD LIHUE KAUAI,KAUAI COUNTY PD LIHUE KAUAI,County,HI,2022,74162,129,13,142,12,44,56,141,57,198,2.67
FL0320500,SNEADS PD,SNEADS PD,City,FL,2022,1748,6,0,6,0,1,1,6,1,7,4.00
PA0400300,DURYEA PD,DURYEA PD,City,PA,2022,5061,4,0,4,1,0,1,5,0,5,0.99
VT0130200,BRATTLEBORO PD,BRATTLEBORO PD,City,VT,2022,12256,15,3,18,3,8,11,18,11,29,2.37
OH0470900,WELLINGTON,WELLINGTON,City,OH,2022,4842,8,0,8,1,3,4,9,3,12,2.48
PA0130500,PALMERTON PD,PALMERTON PD,City,PA,2022,5705,9,0,9,0,1,1,9,1,10,1.75
MO0954500,LAKESHIRE,LAKESHIRE,City,MO,2022,1529,4,0,4,0,0,0,4,0,4,2.62
NY0070000,CHEMUNG CO SHERIFF'S DEPARTMENT ELMIRA,CHEMUNG CO SHERIFF'S DEPARTMENT ELMIRA,County,NY,2022,40729,35,0,35,2,3,5,37,3,40,0.98
TN0140000,CLAY CO SO CELINA,CLAY CO SO CELINA,County,TN,2022,6195,11,2,13,3,7,10,14,9,23,3.71
GA0420000,DAWSON CO SO DAWSONVILLE,DAWSON CO SO DAWSONVILLE,County,GA,2022,30128,70,14,84,8,26,34,78,40,118,3.92
MO0510400,UNIV OF CENTRAL MISSOURI,UNIV OF CENTRAL MISSOURI,University or College,MO,2022,0,13,2,15,2,5,7,15,7,22,
SC0370000,OCONEE CO SO WALHALLA,OCONEE CO SO WALHALLA,County,SC,2022,64276,92,38,130,11,48,59,103,86,189,2.94
NJ0071200,MILLBURN TWP PD MILLBURN,MILLBURN TWP PD MILLBURN,City,NJ,2022,22417,56,2,58,2,4,6,58,6,64,2.85
AR0660000,SEBASTIAN CO SO FORT SMITH,SEBASTIAN CO SO FORT SMITH,County,AR,2022,19095,47,67,114,4,55,59,51,122,173,9.06
KS0520300,LANSING PD,LANSING PD,City,KS,2022,11200,18,0,18,0,1,1,18,1,19,1.70
MN0840000,WILKIN CO SO BRECKENRIDGE,WILKIN CO SO BRECKENRIDGE,County,MN,2022,2968,6,4,10,1,7,8,7,11,18,6.06
NJ0032700,NORTH HANOVER TWP PD WRIGHTSTOWN,NORTH HANOVER TWP PD WRIGHTSTOWN,City,NJ,2022,7925,9,0,9,1,1,2,10,1,11,1.39
PA0021100,GREENTREE POLICE DEPARTMENT PITTSBURGH,GREENTREE POLICE DEPARTMENT PITTSBURGH,City,PA,2022,4809,9,0,9,0,0,0,9,0,9,1.87
SD0410500,TEA PD,TEA PD,City,SD,2022,6894,6,1,7,3,0,3,9,1,10,1.45
NJ0018900,ATLANTIC CO PROSECUTOR ATLANTIC CITY,ATLANTIC CO PROSECUTOR ATLANTIC CITY,Other,NJ,2022,0,52,33,85,21,62,83,73,95,168,
AL0220200,ROCKFORD PD,ROCKFORD PD,City,AL,2022,353,1,0,1,0,0,0,1,0,1,2.83
TN0640000,MOORE CO SO LYNCHBURG,MOORE CO SO LYNCHBURG,County,TN,2022,6855,15,8,23,2,7,9,17,15,32,4.67
NY0542200,GROTON VILLAGE PD GROTON,GROTON VILLAGE PD GROTON,City,NY,2022,2183,0,0,0,1,0,1,1,0,1,0.46
VT0060100,ST ALBANS PD,ST ALBANS PD,City,VT,2022,7022,18,4,22,1,7,8,19,11,30,4.27
MA0123200,MASSASOIT COMM COLLEGE CAMPUS POLICE DEPARTMENT,MASSASOIT COMM COLLEGE CAMPUS POLICE DEPARTMENT,University or College,MA,2022,0,11,0,11,2,1,3,13,1,14,
OH0060000,AUGLAIZE,AUGLAIZE,County,OH,2022,18320,28,15,43,0,31,31,28,46,74,4.04
CA0100500,FRESNO PD,FRESNO PD,City,CA,2022,546871,715,118,833,110,207,317,825,325,1150,2.10
NJ0043400,VOORHEES TWP POLICE DEPARTMENT,VOORHEES TWP POLICE DEPARTMENT,City,NJ,2022,31090,53,3,56,2,7,9,55,10,65,2.09
CA0431400,SANTA CLARA PD,SANTA CLARA PD,City,CA,2022,126877,124,11,135,13,53,66,137,64,201,1.58
MI6392700,OAKLAND COM COLL DPS POLICE SEC BLOOMFIELD,OAKLAND COM COLL DPS POLICE SEC BLOOMFIELD,University or College,MI,2022,0,20,0,20,2,1,3,22,1,23,
SC044SP00,HP: UNION COUNTY,HP: UNION COUNTY,State Police,SC,2022,0,4,0,4,0,0,0,4,0,4,
WV0101000,LAW ENF DIV DEPT NATRL RESOURCES FAYETTEVILLE,LAW ENF DIV DEPT NATRL RESOURCES FAYETTEVILLE,Other State Agency,WV,2022,0,2,0,2,0,0,0,2,0,2,
AZ0071900,PARADISE VALLEY PD,PARADISE VALLEY PD,City,AZ,2022,12663,31,7,38,2,9,11,33,16,49,3.87
OK0710300,GRANDFIELD,GRANDFIELD,City,OK,2022,934,2,0,2,0,0,0,2,0,2,2.14
OH0771700,MUNROE FALLS,MUNROE FALLS,City,OH,2022,5007,6,0,6,2,1,3,8,1,9,1.80
OK0572600,OSAGE NATION,OSAGE NATION,Tribal,OK,2022,0,13,1,14,2,1,3,15,2,17,
MO0910100,DONIPHAN,DONIPHAN,City,MO,2022,1703,8,1,9,0,4,4,8,5,13,7.63
TX0890000,GONZALES CO SO GONZALES,GONZALES CO SO GONZALES,County,TX,2022,9363,17,15,32,2,16,18,19,31,50,5.34
MO0490700,JOPLIN,JOPLIN,City,MO,2022,51989,90,12,102,7,13,20,97,25,122,2.35
NB0760000,SALINE CO SO WILBER,SALINE CO SO WILBER,County,NB,2022,6949,18,13,31,2,19,21,20,32,52,7.48
KS0730100,LARNED PD,LARNED PD,City,KS,2022,3607,8,0,8,0,0,0,8,0,8,2.22
WVWSP3400,STATE POLICE PARSONS,STATE POLICE PARSONS,State Police,WV,2022,0,4,0,4,0,1,1,4,1,5,
VA0920500,TOWN SERGEANT'S OFFICE CEDAR BLUFF,TOWN SERGEANT'S OFFICE CEDAR BLUFF,City,VA,2022,1038,2,1,3,1,0,1,3,1,4,3.85
TX0260200,SOMERVILLE PD,SOMERVILLE PD,City,TX,2022,1346,2,0,2,0,0,0,2,0,2,1.49
NJ0134200,RUMSON PD,RUMSON PD,City,NJ,2022,7228,15,0,15,2,1,3,17,1,18,2.49
AZ0021300,WILLCOX PD,WILLCOX PD,City,AZ,2022,3202,9,1,10,1,6,7,10,7,17,5.31
MI1127600,BUCHANAN PD,BUCHANAN PD,City,MI,2022,4179,7,0,7,3,1,4,10,1,11,2.63
AR0720100,FAYETTEVILLE PD,FAYETTEVILLE PD,City,AR,2022,96456,110,11,121,13,36,49,123,47,170,1.76
WA0170600,ISSAQUAH PD,ISSAQUAH PD,City,WA,2022,38917,29,16,45,4,18,22,33,34,67,1.72
WA0390700,GRANGER PD,GRANGER PD,City,WA,2022,3704,8,1,9,1,0,1,9,1,10,2.70
NH0030400,CHESTERFIELD,CHESTERFIELD,City,NH,2022,3638,5,0,5,0,1,1,5,1,6,1.65
MO0730000,NEWTON,NEWTON,County,MO,2022,34108,40,15,55,2,15,17,42,30,72,2.11
PA0670200,YORK PD,YORK PD,City,PA,2022,44901,91,2,93,9,13,22,100,15,115,2.56
TX1520100,IDALOU PD,IDALOU PD,City,TX,2022,2118,2,0,2,2,0,2,4,0,4,1.89
NV0170000,WHITE PINE CO SO ELY,WHITE PINE CO SO ELY,County,NV,2022,9296,24,0,24,2,6,8,26,6,32,3.44
MA0145700,WESTBORO PD,WESTBORO PD,City,MA,2022,21562,35,0,35,2,2,4,37,2,39,1.81
NB0200000,CUMING CO SO WEST POINT,CUMING CO SO WEST POINT,County,NB,2022,4271,5,1,6,0,0,0,5,1,6,1.40
MN0560200,PELICAN RAPIDS,PELICAN RAPIDS,City,MN,2022,2571,5,0,5,0,0,0,5,0,5,1.94
MD0010000,ALLEGANY CO SO CUMBERLAND,ALLEGANY CO SO CUMBERLAND,County,MD,2022,2231,36,0,36,1,3,4,37,3,40,17.93
NJ0131800,HOLMDEL PD,HOLMDEL PD,City,NJ,2022,17421,40,2,42,2,6,8,42,8,50,2.87
AR0250100,SALEM PD,SALEM PD,City,AR,2022,1577,3,1,4,0,0,0,3,1,4,2.54
NYDI02200,ST REGIS TRIBAL POLICE DEPARTMENT,ST REGIS TRIBAL POLICE DEPARTMENT,Tribal,NY,2022,0,21,3,24,5,2,7,26,5,31,
NC0040100,WADESBORO PD,WADESBORO PD,City,NC,2022,5036,14,2,16,3,3,6,17,5,22,4.37
PA0096000,NEWTOWN BOROUGH PD NEWTOWN,NEWTOWN BOROUGH PD NEWTOWN,City,PA,2022,2285,6,0,6,0,0,0,6,0,6,2.63
NC0160500,CAPE CARTERET PD SWANSBORO,CAPE CARTERET PD SWANSBORO,City,NC,2022,2273,6,0,6,0,0,0,6,0,6,2.64
FL0062100,MARGATE PD,MARGATE PD,City,FL,2022,57455,89,8,97,21,28,49,110,36,146,2.54
VA1300700,OLD DOMINION UNIVERSITY PD NORFOLK,OLD DOMINION UNIVERSITY PD NORFOLK,University or College,VA,2022,0,28,5,33,12,8,20,40,13,53,
AL0460700,TUSKEGEE UNIVERSITY,TUSKEGEE UNIVERSITY,University or College,AL,2022,0,5,10,15,1,6,7,6,16,22,
NJ0160600,NORTH HALEDON PD PATERSON,NORTH HALEDON PD PATERSON,City,NJ,2022,8788,23,4,27,2,0,2,25,4,29,3.30
PA0651200,SCOTTDALE PD,SCOTTDALE PD,City,PA,2022,4349,6,0,6,0,0,0,6,0,6,1.38
MI3358100,MI STATE UNIV PD EAST LANSING,MI STATE UNIV PD EAST LANSING,University or College,MI,2022,0,49,12,61,19,28,47,68,40,108,
WI0280000,JEFFERSON CO SO JEFFERSON,JEFFERSON CO SO JEFFERSON,County,WI,2022,35107,72,4,76,15,20,35,87,24,111,3.16
FL0160500,FLORIDA DLE FIELD OFFICE JACKSONVILLE,FLORIDA DLE FIELD OFFICE JACKSONVILLE,Other State Agency,FL,2022,0,36,27,63,9,54,63,45,81,126,
KY0480000,HARLAN CO SO HARLAN,HARLAN CO SO HARLAN,County,KY,2022,19539,13,0,13,1,3,4,14,3,17,0.87
WI0680600,MUSKEGO PD,MUSKEGO PD,City,WI,2022,25406,35,0,35,7,10,17,42,10,52,2.05
CO0500100,LAMAR,LAMAR,City,CO,2022,7657,13,5,18,2,9,11,15,14,29,3.79
AZDI05200,USDI BIA SAN CARLOS AGENCY LAW ENF SERVICES,USDI BIA SAN CARLOS AGENCY LAW ENF SERVICES,Tribal,AZ,2022,0,2,0,2,0,0,0,2,0,2,
TX1970000,ROBERTS COUNTY SHERRIFS OFFICE,ROBERTS COUNTY SHERRIFS OFFICE,County,TX,2022,777,5,0,5,0,1,1,5,1,6,7.72
TX1470000,LIMESTONE CO SO GROESBECK,LIMESTONE CO SO GROESBECK,County,TX,2022,11756,20,22,42,1,25,26,21,47,68,5.78
TN0130200,TAZEWELL PD,TAZEWELL PD,City,TN,2022,2360,12,1,13,0,0,0,12,1,13,5.51
CA0130300,CALIPATRIA PD,CALIPATRIA PD,City,CA,2022,6415,4,0,4,0,0,0,4,0,4,0.62
OK0190500,DEPEW,DEPEW,City,OK,2022,406,1,0,1,0,0,0,1,0,1,2.46
TX1017100,SPRING INDEPENDENT SCHOOL DISTRICT POLICE DEPT,SPRING INDEPENDENT SCHOOL DISTRICT POLICE DEPT,Other,TX,2022,0,36,4,40,15,12,27,51,16,67,
OH0860000,WILLIAMS,WILLIAMS,County,OH,2022,18945,19,0,19,1,3,4,20,3,23,1.21
IL0220100,ADDISON PD,ADDISON PD,City,IL,2022,35039,59,30,89,7,41,48,66,71,137,3.91
AL0300000,ESCAMBIA CO SO BREWTON,ESCAMBIA CO SO BREWTON,County,AL,2022,19366,22,17,39,2,20,22,24,37,61,3.15
MS0480000,MONROE CO SO ABERDEEN,MONROE CO SO ABERDEEN,County,MS,2022,21862,36,14,50,3,9,12,39,23,62,2.84
NJ0110300,HAMILTON TOWNSHIP POLICE DEPARTMENT,HAMILTON TOWNSHIP POLICE DEPARTMENT,City,NJ,2022,91408,162,12,174,9,20,29,171,32,203,2.22
VA0290300,VIENNA PD,VIENNA PD,City,VA,2022,16194,33,3,36,5,6,11,38,9,47,2.90
NH0065400,PETERBOROUGH PD,PETERBOROUGH PD,City,NH,2022,6479,11,1,12,0,1,1,11,2,13,2.01
WV0050100,FOLLANSBEE PD,FOLLANSBEE PD,City,WV,2022,2760,7,0,7,0,0,0,7,0,7,2.54
KY0530000,HICKMAN CO SO CLINTON,HICKMAN CO SO CLINTON,County,KY,2022,3090,3,0,3,0,1,1,3,1,4,1.29
TX1060000,HEMPHILL CO SO CANADIAN,HEMPHILL CO SO CANADIAN,County,TX,2022,3196,7,3,10,1,5,6,8,8,16,5.01
KSKHP1100,,,State Police,KS,2022,0,23,3,26,0,1,1,23,4,27,
VA0820600,JAMES MADISON UNIVERSITY PD HARRISONBURG,JAMES MADISON UNIVERSITY PD HARRISONBURG,University or College,VA,2022,0,27,3,30,3,11,14,30,14,44,
PA0404100,JACKSON TWP PD SHAVERTOWN,JACKSON TWP PD SHAVERTOWN,City,PA,2022,4815,8,0,8,1,0,1,9,0,9,1.87
IL1000200,HERRIN PD,HERRIN PD,City,IL,2022,12174,20,8,28,1,3,4,21,11,32,2.63
MT0430000,ROOSEVELT CO SO WOLF POINT,ROOSEVELT CO SO WOLF POINT,County,MT,2022,8242,13,14,27,1,15,16,14,29,43,5.22
ID0280100,COEUR D'ALENE PD,COEUR D'ALENE PD,City,ID,2022,57061,78,6,84,9,17,26,87,23,110,1.93
MN0460300,,,City,MN,2022,1084,2,0,2,0,0,0,2,0,2,1.85
CT0019300,WESTERN CONNECTICUT STATE COLLEGE PD DANBURY,WESTERN CONNECTICUT STATE COLLEGE PD DANBURY,University or College,CT,2022,0,6,2,8,1,2,3,7,4,11,
TX1701600,OAK RIDGE NORTH PD,OAK RIDGE NORTH PD,City,TX,2022,3011,16,0,16,1,0,1,17,0,17,5.65
KS0780200,SOUTH HUTCHINSON PD,SOUTH HUTCHINSON PD,City,KS,2022,2479,6,0,6,1,0,1,7,0,7,2.82
NJ0042500,MOUNT EPHRAIM PD,MOUNT EPHRAIM PD,City,NJ,2022,4615,12,0,12,1,1,2,13,1,14,3.03
VT0120000,WASHINGTON CO SO MONTPELIER,WASHINGTON CO SO MONTPELIER,County,VT,2022,0,6,0,6,1,2,3,7,2,9,
AL0230400,GANTT PD,GANTT PD,City,AL,2022,199,1,0,1,0,0,0,1,0,1,5.03
FL0670100,CHIPLEY PD,CHIPLEY PD,City,FL,2022,3665,10,0,10,1,2,3,11,2,13,3.55
FL0160700,JACKSONVILLE AVIATION AUTHORITY PD,JACKSONVILLE AVIATION AUTHORITY PD,Other,FL,2022,0,28,0,28,4,0,4,32,0,32,
AR0400200,STAR CITY PD,STAR CITY PD,City,AR,2022,2284,6,1,7,0,0,0,6,1,7,3.06
TX1012100,SPRING VALLEY VILLAGE POLICE DEPARTMENT,SPRING VALLEY VILLAGE POLICE DEPARTMENT,City,TX,2022,4209,20,1,21,2,4,6,22,5,27,6.41
AR0470500,LUXORA PD,LUXORA PD,City,AR,2022,894,1,0,1,0,0,0,1,0,1,1.12
NC0800700,SPENCER PD,SPENCER PD,City,NC,2022,3327,9,1,10,1,0,1,10,1,11,3.31
MD0090100,LA PLATA PD,LA PLATA PD,City,MD,2022,10672,21,3,24,0,3,3,21,6,27,2.53
TN0250000,FENTRESS CO SO JAMESTOWN,FENTRESS CO SO JAMESTOWN,County,TN,2022,17317,22,7,29,1,6,7,23,13,36,2.08
TX1100000,HOCKLEY CO SO LEVELLAND,HOCKLEY CO SO LEVELLAND,County,TX,2022,8785,11,0,11,3,2,5,14,2,16,1.82
AL0630500,TAYLOR HARDIN POLICE DEPARTMENT TUSCALOOSA,TAYLOR HARDIN POLICE DEPARTMENT TUSCALOOSA,Other State Agency,AL,2022,0,11,0,11,1,2,3,12,2,14,
TN0920000,WEAKLEY CO SO DRESDEN,WEAKLEY CO SO DRESDEN,County,TN,2022,15066,22,11,33,4,11,15,26,22,48,3.19
MI7673000,SANDUSKY PD,SANDUSKY PD,City,MI,2022,2674,4,0,4,1,1,2,5,1,6,2.24
KY0870000,MONTGOMERY CO SO MOUNT STERLING,MONTGOMERY CO SO MOUNT STERLING,County,KY,2022,20786,13,1,14,0,1,1,13,2,15,0.72
SC010SP00,HP: CHARLESTON COUNTY,HP: CHARLESTON COUNTY,State Police,SC,2022,0,15,0,15,2,0,2,17,0,17,
FL0133000,FLORIDA DLE FIELD OFFICE MIAMI,FLORIDA DLE FIELD OFFICE MIAMI,Other State Agency,FL,2022,0,45,4,49,14,20,34,59,24,83,
MN0420100,MARSHALL PD,MARSHALL PD,City,MN,2022,13658,18,1,19,3,2,5,21,3,24,1.76
WA0370400,FERNDALE PD,FERNDALE PD,City,WA,2022,15816,19,0,19,1,5,6,20,5,25,1.58
OK0190600,KELLYVILLE,KELLYVILLE,City,OK,2022,1010,3,0,3,2,0,2,5,0,5,4.95
NJ0210300,BELVIDERE PD,BELVIDERE PD,City,NJ,2022,2531,7,0,7,0,0,0,7,0,7,2.77
SC0180200,SUMMERVILLE PD,SUMMERVILLE PD,City,SC,2022,51423,104,5,109,16,24,40,120,29,149,2.90
WI0660100,SPOONER PD,SPOONER PD,City,WI,2022,2492,7,0,7,0,1,1,7,1,8,3.21
NJ0080600,GLASSBORO PD,GLASSBORO PD,City,NJ,2022,21115,44,0,44,4,4,8,48,4,52,2.46
AL0490000,MARION CO SO HAMILTON,MARION CO SO HAMILTON,County,AL,2022,12728,14,8,22,1,8,9,15,16,31,2.44
NJ0010200,ATLANTIC CITY PD,ATLANTIC CITY PD,City,NJ,2022,38502,235,23,258,35,49,84,270,72,342,8.88
MA014659E,,,University or College,MA,2022,0,16,5,21,1,3,4,17,8,25,
PA0231100,EDDYSTONE PD,EDDYSTONE PD,City,PA,2022,2418,10,1,11,0,1,1,10,2,12,4.96
PA0150900,PARKESBURG PD,PARKESBURG PD,City,PA,2022,5149,7,0,7,2,1,3,9,1,10,1.94
NJ0180000,SOMERSET CO SHERIFFS OFF SOMERVILLE,SOMERSET CO SHERIFFS OFF SOMERVILLE,County,NJ,2022,0,157,9,166,22,12,34,179,21,200,
MN0320000,JACKSON CO SO JACKSON,JACKSON CO SO JACKSON,County,MN,2022,7695,15,3,18,0,10,10,15,13,28,3.64
IL0460500,MANTENO PD,MANTENO PD,City,IL,2022,8985,18,0,18,3,1,4,21,1,22,2.45
TX0280200,LULING POLICE DEPT,LULING POLICE DEPT,City,TX,2022,5511,10,2,12,1,6,7,11,8,19,3.45
CA0420000,SANTA BARBARA CO SO SANTA BARBARA,SANTA BARBARA CO SO SANTA BARBARA,County,CA,2022,138633,400,71,471,53,135,188,453,206,659,4.75
MD0130300,HAVRE DE GRACE PD,HAVRE DE GRACE PD,City,MD,2022,14883,27,1,28,4,6,10,31,7,38,2.55
OH0740000,SENECA,SENECA,County,OH,2022,24090,21,28,49,1,35,36,22,63,85,3.53
TX2030100,SAN AUGUSTINE PD,SAN AUGUSTINE PD,City,TX,2022,1844,7,0,7,1,1,2,8,1,9,4.88
GA0380100,NEWNAN PD,NEWNAN PD,City,GA,2022,43932,73,0,73,9,12,21,82,12,94,2.14
OH0550400,TROY,TROY,City,OH,2022,26544,39,1,40,1,3,4,40,4,44,1.66
OH0312500,NEWTOWN,NEWTOWN,City,OH,2022,2650,8,0,8,0,1,1,8,1,9,3.40
FL0361300,EDISON STATE COLLEGE PUBLIC SAFETY AND SECURITY,EDISON STATE COLLEGE PUBLIC SAFETY AND SECURITY,University or College,FL,2022,0,16,10,26,3,3,6,19,13,32,
NC0660800,GARYSBURG PD GARYSBURG,GARYSBURG PD GARYSBURG,City,NC,2022,869,2,0,2,0,0,0,2,0,2,2.30
OK0241700,WAUKOMIS,WAUKOMIS,City,OK,2022,1303,3,0,3,0,0,0,3,0,3,2.30
NM0290200,QUESTA PD,QUESTA PD,City,NM,2022,1746,1,0,1,1,1,2,2,1,3,1.72
AL0140200,MAPLESVILLE PD,MAPLESVILLE PD,City,AL,2022,643,3,0,3,0,0,0,3,0,3,4.67
MO0720000,NEW MADRID,NEW MADRID,County,MO,2022,4528,16,0,16,2,1,3,18,1,19,4.20
PA0492100,,,Other State Agency,PA,2022,0,1,0,1,0,0,0,1,0,1,
VA1300500,VA PORT AUTHORITY NORFOLK,VA PORT AUTHORITY NORFOLK,Other,VA,2022,0,32,2,34,9,10,19,41,12,53,
NM0230100,BERNALILLO PD,BERNALILLO PD,City,NM,2022,9977,19,1,20,4,2,6,23,3,26,2.61
OKOHP1700,CAPITOL PARK POLICE,CAPITOL PARK POLICE,Other State Agency,OK,2022,0,10,39,49,0,6,6,10,45,55,
GA0940000,MC DUFFIE CO SO THOMSON,MC DUFFIE CO SO THOMSON,County,GA,2022,14875,19,9,28,1,20,21,20,29,49,3.29
LA0050300,SIMMESPORT PD,SIMMESPORT PD,City,LA,2022,1425,4,0,4,0,0,0,4,0,4,2.81
NJ0022300,HACKENSACK PD,HACKENSACK PD,City,NJ,2022,45413,98,9,107,7,9,16,105,18,123,2.71
OH0880000,WYANDOT,WYANDOT,County,OH,2022,11432,19,0,19,0,9,9,19,9,28,2.45
KY1030000,ROWAN CO SO MOREHEAD,ROWAN CO SO MOREHEAD,County,KY,2022,17945,11,0,11,2,2,4,13,2,15,0.84
KY0220100,GRAYSON PD,GRAYSON PD,City,KY,2022,3683,11,0,11,0,1,1,11,1,12,3.26
NJ0132800,MARLBORO TWP PD MARLBORO,MARLBORO TWP PD MARLBORO,City,NJ,2022,41576,81,13,94,6,13,19,87,26,113,2.72
KY0350100,FLEMINGSBURG PD,FLEMINGSBURG PD,City,KY,2022,2943,10,0,10,0,0,0,10,0,10,3.40
WVWSP4800,STATE POLICE SUMMERSVILLE,STATE POLICE SUMMERSVILLE,State Police,WV,2022,0,6,0,6,0,1,1,6,1,7,
FL0090000,CITRUS CO SO INVERNESS,CITRUS CO SO INVERNESS,County,FL,2022,163651,187,47,234,15,70,85,202,117,319,1.95
CA0490600,SEBASTOPOL PD,SEBASTOPOL PD,City,CA,2022,7393,10,3,13,1,4,5,11,7,18,2.43
WV0500300,WAYNE PD,WAYNE PD,City,WV,2022,1411,2,0,2,0,0,0,2,0,2,1.42
IN0820100,EVANSVILLE PD,EVANSVILLE PD,City,IN,2022,115719,240,6,246,24,21,45,264,27,291,2.51
PA0382400,MILLCREEK TOWNSHIP POLICE DEPARTMENT,MILLCREEK TOWNSHIP POLICE DEPARTMENT,City,PA,2022,5855,2,0,2,0,0,0,2,0,2,0.34
MD0070600,TANEYTOWN PD,TANEYTOWN PD,City,MD,2022,7330,11,1,12,0,1,1,11,2,13,1.77
WADI00900,SUQUAMISH TRIBAL DPS SUQUAMISH,SUQUAMISH TRIBAL DPS SUQUAMISH,Tribal,WA,2022,0,14,0,14,0,2,2,14,2,16,
WA0180000,KITSAP CO SO PORT ORCHARD,KITSAP CO SO PORT ORCHARD,County,WA,2022,177150,112,78,190,10,51,61,122,129,251,1.42
IA0750000,PLYMOUTH CO SO LE MARS,PLYMOUTH CO SO LE MARS,County,IA,2022,15074,12,9,21,1,14,15,13,23,36,2.39
MO1030000,SHELBY,SHELBY,County,MO,2022,4299,6,2,8,0,5,5,6,7,13,3.02
TX0611000,TEXAS WOMAN'S UNIVERSITY PD,TEXAS WOMAN'S UNIVERSITY PD,University or College,TX,2022,0,14,7,21,4,11,15,18,18,36,
MI5215200,MARQUETTE CO SO MARQUETTE,MARQUETTE CO SO MARQUETTE,County,MI,2022,19363,19,27,46,3,11,14,22,38,60,3.10
OR0340000,WASHINGTON,WASHINGTON,County,OR,2022,240579,228,161,389,22,144,166,250,305,555,2.31
VT0120200,MONTPELIER PD,MONTPELIER PD,City,VT,2022,7995,11,1,12,2,7,9,13,8,21,2.63
MN0270100,BLOOMINGTON PD,BLOOMINGTON PD,City,MN,2022,88745,101,10,111,21,24,45,122,34,156,1.76
AL0021500,DAUPHIN ISLAND PD DAUPHIN ISLAND,DAUPHIN ISLAND PD DAUPHIN ISLAND,City,AL,2022,1843,12,1,13,1,5,6,13,6,19,10.31
OK0480300,KINGSTON,KINGSTON,City,OK,2022,1466,8,0,8,0,0,0,8,0,8,5.46
SC043SP00,HP: SUMTER COUNTY,HP: SUMTER COUNTY,State Police,SC,2022,0,23,0,23,1,0,1,24,0,24,
OR0170100,GRANTS PASS,GRANTS PASS,City,OR,2022,39519,47,10,57,6,23,29,53,33,86,2.18
MO074015Y,NORTHWEST MO STATE UNIV,NORTHWEST MO STATE UNIV,University or College,MO,2022,0,7,1,8,3,2,5,10,3,13,
TN0820600,SECOND JUDICIAL DIST DRUG TASK FORCE BLOUNTVILL,SECOND JUDICIAL DIST DRUG TASK FORCE BLOUNTVILL,Other,TN,2022,0,4,0,4,1,1,2,5,1,6,
TX2050200,MATHIS POLICE DEPT,MATHIS POLICE DEPT,City,TX,2022,4379,8,0,8,1,6,7,9,6,15,3.43
OH0691400,PANDORA,PANDORA,City,OH,2022,1177,2,0,2,0,0,0,2,0,2,1.70
SC045SP00,HP: WILLIAMSBURG COUNTY,HP: WILLIAMSBURG COUNTY,State Police,SC,2022,0,5,0,5,0,0,0,5,0,5,
GA0600300,HAPEVILLE PD,HAPEVILLE PD,City,GA,2022,6543,23,0,23,6,14,20,29,14,43,6.57
WV0300200,WILLIAMSON PD,WILLIAMSON PD,City,WV,2022,2896,6,0,6,0,1,1,6,1,7,2.42
PA0481700,LOWER SAUCON TWP PD BETHLEHEM,LOWER SAUCON TWP PD BETHLEHEM,City,PA,2022,11068,15,0,15,0,1,1,15,1,16,1.45
CA0520100,CORNING PD,CORNING PD,City,CA,2022,8191,11,1,12,0,5,5,11,6,17,2.08
WA0271300,ORTING PD,ORTING PD,City,WA,2022,8877,8,0,8,2,1,3,10,1,11,1.24
MO0831500,WEATHERBY LAKE,WEATHERBY LAKE,City,MO,2022,2089,3,0,3,0,0,0,3,0,3,1.44
MA0010800,HARWICH PD,HARWICH PD,City,MA,2022,13891,28,1,29,2,7,9,30,8,38,2.74
VT0080100,MORRISTOWN PD MORRISVILLE,MORRISTOWN PD MORRISVILLE,City,VT,2022,5610,12,0,12,0,0,0,12,0,12,2.14
CA030340X,FAIRVIEW DEVELOPMENTAL CENTER PD COSTA MESA,FAIRVIEW DEVELOPMENTAL CENTER PD COSTA MESA,Other State Agency,CA,2022,0,5,0,5,0,0,0,5,0,5,
GA0200000,CAMDEN CO SO WOODBINE,CAMDEN CO SO WOODBINE,County,GA,2022,18338,53,19,72,12,34,46,65,53,118,6.43
MA0111600,NEEDHAM PD,NEEDHAM PD,City,MA,2022,32228,39,5,44,6,5,11,45,10,55,1.71
CO0390100,GRAND JUNCTION,GRAND JUNCTION,City,CO,2022,68126,85,19,104,16,64,80,101,83,184,2.70
MD0040800,STATE FIRE MARSHALS OFFICE BALTIMORE,STATE FIRE MARSHALS OFFICE BALTIMORE,Other State Agency,MD,2022,0,38,13,51,4,10,14,42,23,65,
IL0480100,ABINGDON PD,ABINGDON PD,City,IL,2022,2861,3,1,4,0,0,0,3,1,4,1.40
MD0030400,UNIV OF MARYLAND BALTIMORE CO PD,UNIV OF MARYLAND BALTIMORE CO PD,University or College,MD,2022,0,23,7,30,5,4,9,28,11,39,
AZ0030700,WILLIAMS POLICE DEPARTMENT WILLIAMS,WILLIAMS POLICE DEPARTMENT WILLIAMS,City,AZ,2022,3316,7,0,7,3,10,13,10,10,20,6.03
UT0040900,EAST CARBON CITY PD,EAST CARBON CITY PD,City,UT,2022,1531,4,0,4,0,0,0,4,0,4,2.61
MN0240100,ALBERT LEA PD,ALBERT LEA PD,City,MN,2022,18338,24,2,26,4,2,6,28,4,32,1.75
IA0550100,ALGONA PD,ALGONA PD,City,IA,2022,5257,10,0,10,0,4,4,10,4,14,2.66
GA0310600,LAKE CITY PD LAKE CITY,LAKE CITY PD LAKE CITY,City,GA,2022,3042,11,1,12,2,1,3,13,2,15,4.93
AL0460100,TUSKEGEE PD,TUSKEGEE PD,City,AL,2022,8600,8,1,9,2,8,10,10,9,19,2.21
AR0080200,EUREKA SPRINGS PD,EUREKA SPRINGS PD,City,AR,2022,2195,13,2,15,1,2,3,14,4,18,8.20
FL0660000,WALTON CO SO DE FUNIAK SPRINGS,WALTON CO SO DE FUNIAK SPRINGS,County,FL,2022,78837,159,91,250,34,121,155,193,212,405,5.14
MA0140200,ATHOL PD,ATHOL PD,City,MA,2022,11938,17,4,21,2,3,5,19,7,26,2.18
CO0622900,AIMS COMMUNITY COLLEGE,AIMS COMMUNITY COLLEGE,University or College,CO,2022,0,2,0,2,0,0,0,2,0,2,
OH0670100,AURORA,AURORA,City,OH,2022,17486,27,1,28,1,7,8,28,8,36,2.06
MN0272500,MINNEAPOLIS-ST PAUL INTNATL AIRPORT PD ST PAUL,MINNEAPOLIS-ST PAUL INTNATL AIRPORT PD ST PAUL,Other,MN,2022,0,70,36,106,14,28,42,84,64,148,
IL0222300,WOOD DALE PD,WOOD DALE PD,City,IL,2022,13720,24,3,27,8,7,15,32,10,42,3.06
TN0810000,STEWART CO SO DOVER,STEWART CO SO DOVER,County,TN,2022,11985,22,15,37,2,16,18,24,31,55,4.59
VT0040000,CHITTENDEN CO SO BURLINGTON,CHITTENDEN CO SO BURLINGTON,County,VT,2022,0,12,0,12,0,2,2,12,2,14,
TX0432700,,,City,TX,2022,4711,9,0,9,1,0,1,10,0,10,2.12
OK0210800,JAY,JAY,City,OK,2022,2410,10,2,12,0,4,4,10,6,16,6.64
PA0430300,GROVE CITY PD,GROVE CITY PD,City,PA,2022,7824,12,0,12,0,1,1,12,1,13,1.66
AL0470900,HUNTSVILLE INTNTL ARPRT AUTH PD HUNTSVILLE,HUNTSVILLE INTNTL ARPRT AUTH PD HUNTSVILLE,Other,AL,2022,0,17,1,18,0,5,5,17,6,23,
AR0180100,WEST MEMPHIS PD,WEST MEMPHIS PD,City,AR,2022,23809,63,3,66,10,16,26,73,19,92,3.86
GA0520000,ELBERT CO SO ELBERTON,ELBERT CO SO ELBERTON,County,GA,2022,14879,24,8,32,2,19,21,26,27,53,3.56
GA1050200,ETON PD,ETON PD,City,GA,2022,825,3,0,3,1,0,1,4,0,4,4.85
MO0360800,WASHINGTON,WASHINGTON,City,MO,2022,15175,27,0,27,3,2,5,30,2,32,2.11
TX0340100,ATLANTA PD,ATLANTA PD,City,TX,2022,5443,5,2,7,2,4,6,7,6,13,2.39
TX0730000,FALLS CO SO MARLIN,FALLS CO SO MARLIN,County,TX,2022,10088,8,2,10,2,12,14,10,14,24,2.38
MS0540000,PANOLA CO SO BATESVILLE,PANOLA CO SO BATESVILLE,County,MS,2022,23730,33,24,57,6,14,20,39,38,77,3.24
MA0031300,NORTON PD,NORTON PD,City,MA,2022,19374,31,0,31,5,1,6,36,1,37,1.91
IL0491000,LAKE FOREST PD,LAKE FOREST PD,City,IL,2022,19201,30,0,30,6,5,11,36,5,41,2.14
MN0230000,FILLMORE CO SO PRESTON,FILLMORE CO SO PRESTON,County,MN,2022,16359,20,5,25,0,6,6,20,11,31,1.89
TX0250100,BANGS PD,BANGS PD,City,TX,2022,1541,3,1,4,0,0,0,3,1,4,2.60
CO0350000,LARIMER,LARIMER,County,CO,2022,90576,204,135,339,23,110,133,227,245,472,5.21
PA0031000,PARKS TWP PD VANDERGRIFT,PARKS TWP PD VANDERGRIFT,City,PA,2022,2443,1,0,1,0,0,0,1,0,1,0.41
WI0310000,KEWAUNEE CO SO KEWAUNEE,KEWAUNEE CO SO KEWAUNEE,County,WI,2022,11844,30,0,30,6,0,6,36,0,36,3.04
PA0280300,WAYNESBORO PD,WAYNESBORO PD,City,PA,2022,10925,15,0,15,2,2,4,17,2,19,1.74
KS0891800,WASHBURN UNIVERSITY POLICE,WASHBURN UNIVERSITY POLICE,University or College,KS,2022,0,8,1,9,1,4,5,9,5,14,
CA0110000,GLENN CO SO WILLOWS,GLENN CO SO WILLOWS,County,CA,2022,20403,24,12,36,2,25,27,26,37,63,3.09
WA0270500,EATONVILLE PD,EATONVILLE PD,City,WA,2022,2849,4,0,4,1,1,2,5,1,6,2.11
NY0205000,INLET TOWN PD INLET,INLET TOWN PD INLET,City,NY,2022,369,2,0,2,0,0,0,2,0,2,5.42
PA0200900,PYMATUNING STATE PARK PD JAMESTOWN,PYMATUNING STATE PARK PD JAMESTOWN,Other State Agency,PA,2022,0,6,2,8,0,3,3,6,5,11,
SC0040400,PENDLETON PD,PENDLETON PD,City,SC,2022,3608,3,0,3,1,0,1,4,0,4,1.11
MI2330700,CHARLOTTE PD,CHARLOTTE PD,City,MI,2022,9175,14,0,14,1,1,2,15,1,16,1.74
ND0500000,WALSH CO SO GRAFTON,WALSH CO SO GRAFTON,County,ND,2022,6409,11,5,16,1,3,4,12,8,20,3.12
NC0930100,NORLINA PD,NORLINA PD,City,NC,2022,947,2,0,2,0,0,0,2,0,2,2.11
KY1100100,ELKTON PD,ELKTON PD,City,KY,2022,2072,8,0,8,0,1,1,8,1,9,4.34
SC0300200,CLINTON DEPARTMENT OF PUBLIC SAFETY,CLINTON DEPARTMENT OF PUBLIC SAFETY,City,SC,2022,7663,20,1,21,5,2,7,25,3,28,3.65
PA0070900,MARTINSBURG PD,MARTINSBURG PD,City,PA,2022,1841,3,0,3,0,0,0,3,0,3,1.63
FL0580600,SARASOTA-MANATEE AIRPORT AUTH POLICE SARASOTA,SARASOTA-MANATEE AIRPORT AUTH POLICE SARASOTA,Other,FL,2022,0,13,2,15,1,0,1,14,2,16,
NJ0081300,NEWFIELD PD,NEWFIELD PD,City,NJ,2022,1806,36,0,36,1,3,4,37,3,40,22.15
IL0168000,OAK LAWN PD,OAK LAWN PD,City,IL,2022,55957,102,7,109,6,6,12,108,13,121,2.16
TN019410X,DEPT OF CORRECTION INT A,DEPT OF CORRECTION INT A,Other State Agency,TN,2022,0,20,8,28,5,6,11,25,14,39,
NJ0020100,ALLENDALE PD,ALLENDALE PD,City,NJ,2022,6785,14,4,18,2,1,3,16,5,21,3.10
RI0020600,RHODE ISLAND STATE AIRPORT POLICE,RHODE ISLAND STATE AIRPORT POLICE,Other,RI,2022,0,24,6,30,2,2,4,26,8,34,
NB0870400,WINNEBAGO PD BIA/LAW ENFORCEMENT SERVICES,WINNEBAGO PD BIA/LAW ENFORCEMENT SERVICES,Tribal,NB,2022,0,3,2,5,0,1,1,3,3,6,
WVWSP3300,STATE POLICE PARKERSBURG,STATE POLICE PARKERSBURG,State Police,WV,2022,0,8,1,9,1,1,2,9,2,11,
NJ0191100,HARDYSTON TWP PD,HARDYSTON TWP PD,City,NJ,2022,8351,20,2,22,0,4,4,20,6,26,3.11
WV0330300,DNR: MORGAN COUNTY,DNR: MORGAN COUNTY,Other State Agency,WV,2022,0,1,0,1,0,0,0,1,0,1,
WA0260200,NEWPORT PD,NEWPORT PD,City,WA,2022,2182,3,0,3,1,1,2,4,1,5,2.29
KY0530100,CLINTON PD,CLINTON PD,City,KY,2022,1236,2,0,2,0,0,0,2,0,2,1.62
KY0360400,WAYLAND PD,WAYLAND PD,City,KY,2022,398,1,0,1,0,0,0,1,0,1,2.51
IA0820900,WALCOTT,WALCOTT,City,IA,2022,1547,8,0,8,0,0,0,8,0,8,5.17
WI0600100,PLYMOUTH PD,PLYMOUTH PD,City,WI,2022,8885,11,0,11,4,0,4,15,0,15,1.69
NY0559900,SHAWANGUNK TOWN PD WALLKILL,SHAWANGUNK TOWN PD WALLKILL,City,NY,2022,13680,4,0,4,1,0,1,5,0,5,0.37
TN0330300,LOOKOUT MOUNTAIN PD,LOOKOUT MOUNTAIN PD,City,TN,2022,2025,14,4,18,1,0,1,15,4,19,9.38
VA0540100,TOWN SERGEANT'S OFFICE LOUISA,TOWN SERGEANT'S OFFICE LOUISA,City,VA,2022,2118,3,0,3,0,1,1,3,1,4,1.89
VA0040000,AMELIA CO SO AMELIA,AMELIA CO SO AMELIA,County,VA,2022,13336,20,0,20,0,10,10,20,10,30,2.25
SD0430000,MCCOOK CO SO SALEM,MCCOOK CO SO SALEM,County,SD,2022,5767,3,0,3,4,1,5,7,1,8,1.39
CA0540400,LINDSAY PD,LINDSAY PD,City,CA,2022,12608,16,1,17,3,2,5,19,3,22,1.74
MI2512500,GENESEE CO SO FLINT,GENESEE CO SO FLINT,County,MI,2022,55234,95,112,207,21,31,52,116,143,259,4.69
IL0200000,DE WITT CO SO CLINTON,DE WITT CO SO CLINTON,County,IL,2022,6604,21,4,25,6,5,11,27,9,36,5.45
MA0050600,ESSEX PD,ESSEX PD,City,MA,2022,3678,10,0,10,0,1,1,10,1,11,2.99
TX0190400,NEW BOSTON PD,NEW BOSTON PD,City,TX,2022,4557,9,2,11,0,3,3,9,5,14,3.07
MI6374800,SOUTH LYON PD,SOUTH LYON PD,City,MI,2022,11866,15,0,15,1,1,2,16,1,17,1.43
MN0480200,PRINCETON PD,PRINCETON PD,City,MN,2022,4949,10,0,10,2,2,4,12,2,14,2.83
IL0848900,SEC OF ST POLICE DIST 3 SPRINGFIELD,SEC OF ST POLICE DIST 3 SPRINGFIELD,Other State Agency,IL,2022,0,137,100,237,15,40,55,152,140,292,
TN0530100,LENOIR CITY PD,LENOIR CITY PD,City,TN,2022,10597,29,1,30,2,1,3,31,2,33,3.11
SC0410100,SALUDA PD,SALUDA PD,City,SC,2022,3025,6,1,7,2,1,3,8,2,10,3.31
MI7653000,LEXINGTON PD,LEXINGTON PD,City,MI,2022,928,2,0,2,0,0,0,2,0,2,2.16
IL0590400,CARLINVILLE PD,CARLINVILLE PD,City,IL,2022,5500,11,1,12,0,4,4,11,5,16,2.91
NM0050300,TEXICO PD,TEXICO PD,City,NM,2022,928,1,0,1,0,0,0,1,0,1,1.08
GA0660000,GREENE CO SO GREENSBORO,GREENE CO SO GREENSBORO,County,GA,2022,16468,30,10,40,2,12,14,32,22,54,3.28
OK0370100,HENNESSEY,HENNESSEY,City,OK,2022,2154,5,3,8,0,1,1,5,4,9,4.18
NJ0143200,RANDOLPH TWP PD RANDOLPH,RANDOLPH TWP PD RANDOLPH,City,NJ,2022,26500,36,2,38,0,4,4,36,6,42,1.58
NC0450100,HENDERSONVILLE PD,HENDERSONVILLE PD,City,NC,2022,15122,36,1,37,10,14,24,46,15,61,4.03
CA0480700,VALLEJO PD,VALLEJO PD,City,CA,2022,123940,77,7,84,9,30,39,86,37,123,0.99
FL0161100,DUVAL COUNTY SCHOOL SECURITY DEPARTMENT,DUVAL COUNTY SCHOOL SECURITY DEPARTMENT,Other,FL,2022,0,92,27,119,16,22,38,108,49,157,
SC0352600,STATE TRANSPORT POLICE,STATE TRANSPORT POLICE,Other State Agency,SC,2022,0,1,0,1,0,0,0,1,0,1,
CA0490100,CLOVERDALE PD,CLOVERDALE PD,City,CA,2022,8933,12,1,13,1,7,8,13,8,21,2.35
IL0110000,CHRISTIAN CO SO TAYLORVILLE,CHRISTIAN CO SO TAYLORVILLE,County,IL,2022,12184,14,12,26,2,9,11,16,21,37,3.04
KS0710100,OSBORNE PD,OSBORNE PD,City,KS,2022,1328,3,0,3,0,0,0,3,0,3,2.26
GA0470000,DOUGHERTY CO SO ALBANY,DOUGHERTY CO SO ALBANY,County,GA,2022,0,62,61,123,30,91,121,92,152,244,
MI1185300,COLOMA TWP PD COLOMA,COLOMA TWP PD COLOMA,City,MI,2022,6412,8,0,8,0,1,1,8,1,9,1.40
SC0260300,AYNOR PD,AYNOR PD,City,SC,2022,1048,3,1,4,0,0,0,3,1,4,3.82
IL0561700,LAKEWOOD PD,LAKEWOOD PD,City,IL,2022,4321,8,0,8,1,1,2,9,1,10,2.31
MO0959A00,CHESTERFIELD,CHESTERFIELD,City,MO,2022,49451,83,3,86,13,12,25,96,15,111,2.24
MI4748200,HOWELL PD,HOWELL PD,City,MI,2022,10104,12,0,12,2,2,4,14,2,16,1.58
PA0026600,ELIZABETH PD,ELIZABETH PD,City,PA,2022,1780,1,0,1,0,0,0,1,0,1,0.56
CA0301100,LAGUNA BEACH PD,LAGUNA BEACH PD,City,CA,2022,22559,42,10,52,9,26,35,51,36,87,3.86
TX0153900,FAIR OAKS RANCH POLICE DEPARTMENT,FAIR OAKS RANCH POLICE DEPARTMENT,City,TX,2022,11119,18,1,19,5,2,7,23,3,26,2.34
NY0212400,HERKIMER VILLAGE PD HERKIMER,HERKIMER VILLAGE PD HERKIMER,City,NY,2022,7289,16,0,16,3,0,3,19,0,19,2.61
ND0080000,BURLEIGH CO SO BISMARCK,BURLEIGH CO SO BISMARCK,County,ND,2022,21444,51,1,52,3,9,12,54,10,64,2.98
ID0230000,GEM CO SO EMMETT,GEM CO SO EMMETT,County,ID,2022,12159,14,10,24,0,13,13,14,23,37,3.04
TX1290000,KAUFMAN CO SO KAUFMAN,KAUFMAN CO SO KAUFMAN,County,TX,2022,104430,67,82,149,10,67,77,77,149,226,2.16
TX2450200,RAYMONDVILLE PD,RAYMONDVILLE PD,City,TX,2022,10552,13,4,17,3,4,7,16,8,24,2.27
AL0360000,HALE CO SO GREENSBORO,HALE CO SO GREENSBORO,County,AL,2022,10753,7,3,10,1,16,17,8,19,27,2.51
OK0150100,COALGATE,COALGATE,City,OK,2022,1648,8,0,8,6,0,6,14,0,14,8.50
TN0240100,SOMERVILLE PD,SOMERVILLE PD,City,TN,2022,3470,11,0,11,0,0,0,11,0,11,3.17
OR0200600,SPRINGFIELD,SPRINGFIELD,City,OR,2022,62217,49,17,66,6,29,35,55,46,101,1.62
OH0183500,NORTH RANDALL,NORTH RANDALL,City,OH,2022,939,9,0,9,2,0,2,11,0,11,11.71
SC004FC00,FC: ANDERSON COUNTY,FC: ANDERSON COUNTY,Other State Agency,SC,2022,0,1,0,1,0,0,0,1,0,1,
PA0091100,NEW HOPE PD,NEW HOPE PD,City,PA,2022,2634,7,0,7,2,1,3,9,1,10,3.80
NJ0201500,ROSELLE PARK PD,ROSELLE PARK PD,City,NJ,2022,13825,33,0,33,1,2,3,34,2,36,2.60
TX1850100,BOVINA PD,BOVINA PD,City,TX,2022,1706,3,0,3,0,0,0,3,0,3,1.76
WV0241200,BRADSHAW PD,BRADSHAW PD,City,WV,2022,211,1,0,1,0,0,0,1,0,1,4.74
TN0800300,GORDONSVILLE PD,GORDONSVILLE PD,City,TN,2022,1385,5,0,5,0,1,1,5,1,6,4.33
OH0400100,JACKSON,JACKSON,City,OH,2022,6168,12,2,14,1,2,3,13,4,17,2.76
TX0792500,,,Other,TX,2022,0,24,0,24,6,1,7,30,1,31,
WV0350100,WHEELING BUREAU OF POLICE WHEELING,WHEELING BUREAU OF POLICE WHEELING,City,WV,2022,26244,66,7,73,2,7,9,68,14,82,3.12
TX1910300,WEST TEXAS A&M UNIVERSITY CANYON,WEST TEXAS A&M UNIVERSITY CANYON,University or College,TX,2022,0,13,2,15,2,6,8,15,8,23,
SC0460200,FORT MILL PD,FORT MILL PD,City,SC,2022,31023,51,1,52,1,8,9,52,9,61,1.97
RI0040200,CRANSTON PD,CRANSTON PD,City,RI,2022,82205,131,11,142,11,19,30,142,30,172,2.09
MA0051900,METHUEN PD,METHUEN PD,City,MA,2022,52853,85,5,90,9,17,26,94,22,116,2.19
TX0920000,GREGG CO SO LONGVIEW,GREGG CO SO LONGVIEW,County,TX,2022,24584,79,51,130,22,75,97,101,126,227,9.23
RI0041100,SMITHFIELD PD,SMITHFIELD PD,City,RI,2022,21762,39,6,45,5,7,12,44,13,57,2.62
MS0120000,CLARKE CO SO QUITMAN,CLARKE CO SO QUITMAN,County,MS,2022,12495,15,6,21,1,4,5,16,10,26,2.08
MS0220300,,,University or College,MS,2022,0,4,0,4,0,0,0,4,0,4,
MO0952800,FERGUSON,FERGUSON,City,MO,2022,18178,24,2,26,8,8,16,32,10,42,2.31
OH0700200,ONTARIO,ONTARIO,City,OH,2022,6686,19,3,22,3,2,5,22,5,27,4.04
WY0040300,MEDICINE BOW PD,MEDICINE BOW PD,City,WY,2022,249,2,0,2,0,1,1,2,1,3,12.05
KY1100400,TRENTON PD,TRENTON PD,City,KY,2022,327,1,0,1,0,0,0,1,0,1,3.06
LA0490400,SUNSET PD,SUNSET PD,City,LA,2022,3087,6,0,6,1,6,7,7,6,13,4.21
SC009NR00,DNR: CALHOUN COUNTY,DNR: CALHOUN COUNTY,Other State Agency,SC,2022,0,3,0,3,0,0,0,3,0,3,
MA0141300,DUDLEY PD,DUDLEY PD,City,MA,2022,11914,15,0,15,1,1,2,16,1,17,1.43
MO0956900,SHREWSBURY,SHREWSBURY,City,MO,2022,6280,18,0,18,1,2,3,19,2,21,3.34
NC0950100,BOONE PD,BOONE PD,City,NC,2022,18007,27,0,27,9,2,11,36,2,38,2.11
SC0160200,HARTSVILLE PD,HARTSVILLE PD,City,SC,2022,7614,26,3,29,7,2,9,33,5,38,4.99
GA0430900,BAINBRIDGE COLLEGE,BAINBRIDGE COLLEGE,University or College,GA,2022,0,4,1,5,0,1,1,4,2,6,
VT0140300,HARTFORD PD,HARTFORD PD,City,VT,2022,10863,15,4,19,2,6,8,17,10,27,2.49
TX0921500,,,City,TX,2022,970,4,0,4,0,2,2,4,2,6,6.19
NY0596300,POUND RIDGE TOWN PD POUND RIDGE,POUND RIDGE TOWN PD POUND RIDGE,City,NY,2022,4929,1,0,1,0,1,1,1,1,2,0.41
WI0320100,LA CROSSE PD,LA CROSSE PD,City,WI,2022,51727,81,14,95,8,9,17,89,23,112,2.17
IA0840000,SIOUX CO SO ORANGE CITY,SIOUX CO SO ORANGE CITY,County,IA,2022,14368,13,11,24,1,15,16,14,26,40,2.78
NJ0143800,WASHINGTON TWP POLICE DEPT,WASHINGTON TWP POLICE DEPT,City,NJ,2022,18172,32,1,33,0,2,2,32,3,35,1.93
TX1980000,ROBERTSON CO SO FRANKLIN,ROBERTSON CO SO FRANKLIN,County,TX,2022,9157,14,7,21,2,21,23,16,28,44,4.81
AR0601400,CAMP ROBINSON PD AR NAT'L GRD NORTH LITTLE ROCK,CAMP ROBINSON PD AR NAT'L GRD NORTH LITTLE ROCK,Other State Agency,AR,2022,0,10,12,22,0,9,9,10,21,31,
TX1770300,SWEETWATER PD,SWEETWATER PD,City,TX,2022,10420,25,1,26,0,8,8,25,9,34,3.26
WV0070200,LAW ENF DIV DEPT NATRL RESOURCES MILLSTONE,LAW ENF DIV DEPT NATRL RESOURCES MILLSTONE,Other State Agency,WV,2022,0,2,0,2,0,0,0,2,0,2,
PA0040900,BRIGHTON TWP PD BEAVER,BRIGHTON TWP PD BEAVER,City,PA,2022,8762,13,0,13,0,0,0,13,0,13,1.48
IA0070700,UNIVERSITY OF NORTHERN IOWA DPS CEDAR FALLS,UNIVERSITY OF NORTHERN IOWA DPS CEDAR FALLS,University or College,IA,2022,0,13,2,15,2,1,3,15,3,18,
TX1240000,JIM HOGG CO SO HEBBRONVILLE,JIM HOGG CO SO HEBBRONVILLE,County,TX,2022,4792,23,1,24,10,4,14,33,5,38,7.93
MO0720100,GIDEON,GIDEON,City,MO,2022,749,0,0,0,1,0,1,1,0,1,1.34
NY0216800,TOWN OF FRANKFORT POLICE DEPARTMENT,TOWN OF FRANKFORT POLICE DEPARTMENT,City,NY,2022,4614,6,0,6,0,0,0,6,0,6,1.30
NB0810100,GORDON PD,GORDON PD,City,NB,2022,1493,5,0,5,0,1,1,5,1,6,4.02
LA0060200,MERRYVILLE PD,MERRYVILLE PD,City,LA,2022,952,3,1,4,2,2,4,5,3,8,8.40
MO0951900,CREVE COEUR,CREVE COEUR,City,MO,2022,18527,42,1,43,4,4,8,46,5,51,2.75
IL0451900,WAULBONSEE JUNIOR COLLEGE PD SUGAR GROVE,WAULBONSEE JUNIOR COLLEGE PD SUGAR GROVE,University or College,IL,2022,0,8,0,8,0,1,1,8,1,9,
KSKHP0100,,,State Police,KS,2022,0,25,10,35,4,3,7,29,13,42,
NM0270100,TRUTH OR CONSEQUENCES PD,TRUTH OR CONSEQUENCES PD,City,NM,2022,6060,8,1,9,2,4,6,10,5,15,2.48
TN0480100,RIDGELY PD,RIDGELY PD,City,TN,2022,1787,5,0,5,0,0,0,5,0,5,2.80
KS0550000,LOGAN CO SO OAKLEY,LOGAN CO SO OAKLEY,County,KS,2022,742,5,0,5,0,0,0,5,0,5,6.74
MN0280100,CALEDONIA PD,CALEDONIA PD,City,MN,2022,2807,5,0,5,0,1,1,5,1,6,2.14
PA0090200,BRISTOL PD,BRISTOL PD,City,PA,2022,9836,12,0,12,0,2,2,12,2,14,1.42
CA0400100,ARROYO GRANDE PD,ARROYO GRANDE PD,City,CA,2022,18492,22,0,22,3,3,6,25,3,28,1.51
PA0483800,,,Other State Agency,PA,2022,0,1,0,1,0,0,0,1,0,1,
MI2972700,SAINT LOUIS PD,SAINT LOUIS PD,City,MI,2022,6842,6,2,8,1,0,1,7,2,9,1.32
WY0190200,ROCK SPRINGS,ROCK SPRINGS,City,WY,2022,22914,24,4,28,12,8,20,36,12,48,2.09
OK0440600,DIBBLE,DIBBLE,City,OK,2022,943,3,0,3,0,1,1,3,1,4,4.24
WADI06800,TULALIP TRIBAL POLICE,TULALIP TRIBAL POLICE,Tribal,WA,2022,0,36,6,42,5,13,18,41,19,60,
IN0760000,STEUBEN CO SO ANGOLA,STEUBEN CO SO ANGOLA,County,IN,2022,23379,23,20,43,1,20,21,24,40,64,2.74
MD0210300,ST MICHAELS PD,ST MICHAELS PD,City,MD,2022,1080,9,0,9,1,1,2,10,1,11,10.19
AL0660200,PINE HILL PD,PINE HILL PD,City,AL,2022,751,0,0,0,1,0,1,1,0,1,1.33
TX101389E,RICE UNIVERSITY,RICE UNIVERSITY,University or College,TX,2022,0,20,12,32,6,12,18,26,24,50,
AL0380500,COTTONWOOD PD,COTTONWOOD PD,City,AL,2022,1046,3,0,3,0,0,0,3,0,3,2.87
NC0631000,ST PARK RANGER WOODS/SANDHILLSPRESERV S PINES,ST PARK RANGER WOODS/SANDHILLSPRESERV S PINES,Other State Agency,NC,2022,0,2,2,4,0,1,1,2,3,5,
NC0100500,BOLING SPRING LAKES POLICE DEPARTMENT,BOLING SPRING LAKES POLICE DEPARTMENT,City,NC,2022,6349,8,1,9,4,1,5,12,2,14,2.21
GA0810500,STAPLETON,STAPLETON,City,GA,2022,392,2,0,2,0,0,0,2,0,2,5.10
MS0460000,MARION CO SO COLUMBIA,MARION CO SO COLUMBIA,County,MS,2022,18450,16,0,16,0,6,6,16,6,22,1.19
WV0320000,MONROE CO SO UNION,MONROE CO SO UNION,County,WV,2022,12206,10,0,10,0,3,3,10,3,13,1.07
DE0010300,SMYRNA PD,SMYRNA PD,City,DE,2022,13361,27,5,32,4,6,10,31,11,42,3.14
GA1490000,WARREN CO SO WARRENTON,WARREN CO SO WARRENTON,County,GA,2022,3552,8,1,9,0,1,1,8,2,10,2.82
NC0360500,GASTON COUNTY PD GASTONIA,GASTON COUNTY PD GASTONIA,County,NC,2022,82352,117,35,152,17,75,92,134,110,244,2.96
AL0020100,MOBILE PD,MOBILE PD,City,AL,2022,239323,378,39,417,44,96,140,422,135,557,2.33
WI0410100,BAYSIDE PD,BAYSIDE PD,City,WI,2022,4365,11,0,11,2,0,2,13,0,13,2.98
ND0160000,FOSTER CO SO CARRINGTON,FOSTER CO SO CARRINGTON,County,ND,2022,1345,3,0,3,0,0,0,3,0,3,2.23
WVWSP9800,STATE POLICE: INTERNET CRIMES AGAINST CHILDREN UNIT,STATE POLICE: INTERNET CRIMES AGAINST CHILDREN UNIT,State Police,WV,2022,0,8,5,13,5,4,9,13,9,22,
NH0086000,RAYMOND PD,RAYMOND PD,City,NH,2022,10996,14,3,17,1,5,6,15,8,23,2.09
MA0011300,TRURO PD,TRURO PD,City,MA,2022,2536,10,0,10,1,5,6,11,5,16,6.31
NV0160200,SPARKS PD,SPARKS PD,City,NV,2022,110475,109,13,122,11,42,53,120,55,175,1.58
MN0240000,FREEBORN CO SO ALBERT LEA,FREEBORN CO SO ALBERT LEA,County,MN,2022,12326,19,20,39,2,23,25,21,43,64,5.19
SC0310000,LEE CO SO BISHOPVILLE,LEE CO SO BISHOPVILLE,County,SC,2022,13299,20,0,20,1,4,5,21,4,25,1.88
KS0700600,SCRANTON POLICE DEPARTMENT,SCRANTON POLICE DEPARTMENT,City,KS,2022,651,1,0,1,0,0,0,1,0,1,1.54
CA0520000,TEHAMA CO SO RED BLUFF,TEHAMA CO SO RED BLUFF,County,CA,2022,42734,28,29,57,1,34,35,29,63,92,2.15
OH0621400,CARROLL TOWNSHIP,CARROLL TOWNSHIP,City,OH,2022,2093,3,0,3,0,0,0,3,0,3,1.43
PA0300100,WAYNESBURG PD,WAYNESBURG PD,City,PA,2022,3872,6,0,6,2,2,4,8,2,10,2.58
MO0958000,WEBSTER GROVES,WEBSTER GROVES,City,MO,2022,23598,37,0,37,5,2,7,42,2,44,1.86
MN0600100,CROOKSTON PD,CROOKSTON PD,City,MN,2022,7214,15,0,15,0,2,2,15,2,17,2.36
KS0540000,LINN CO SO MOUND CITY,LINN CO SO MOUND CITY,County,KS,2022,5907,18,11,29,3,14,17,21,25,46,7.79
WI0410300,CUDAHY POLICE DEPARTMENT,CUDAHY POLICE DEPARTMENT,City,WI,2022,17702,30,1,31,3,7,10,33,8,41,2.32
OH0760700,LOUISVILLE,LOUISVILLE,City,OH,2022,9497,10,0,10,3,0,3,13,0,13,1.37
CA0192600,GLENDORA PD,GLENDORA PD,City,CA,2022,50650,41,6,47,6,25,31,47,31,78,1.54
CA0530000,TRINITY CO SO WEAVERVILLE,TRINITY CO SO WEAVERVILLE,County,CA,2022,16050,29,1,30,5,9,14,34,10,44,2.74
IL0991600,MANHATTAN PD,MANHATTAN PD,City,IL,2022,10569,12,0,12,2,2,4,14,2,16,1.51
CO0230600,NEW CASTLE,NEW CASTLE,City,CO,2022,4852,9,0,9,0,2,2,9,2,11,2.27
SC0240100,GREENWOOD PD,GREENWOOD PD,City,SC,2022,22145,43,0,43,10,5,15,53,5,58,2.62
SD0180100,WEBSTER PD,WEBSTER PD,City,SD,2022,1689,2,1,3,0,0,0,2,1,3,1.78
OK0170000,COTTON,COTTON,County,OK,2022,3068,5,1,6,0,4,4,5,5,10,3.26
NJ0141100,FLORHAM PARK PD,FLORHAM PARK PD,City,NJ,2022,13685,30,2,32,1,3,4,31,5,36,2.63
TX2520100,GRAHAM PD,GRAHAM PD,City,TX,2022,8823,15,0,15,4,1,5,19,1,20,2.27
AL0060200,CLAYTON PD,CLAYTON PD,City,AL,2022,2258,2,0,2,0,0,0,2,0,2,0.89
NJ0130800,BRADLEY BEACH PD,BRADLEY BEACH PD,City,NJ,2022,4267,17,1,18,1,3,4,18,4,22,5.16
PA0150400,EAST WHITELAND TWP POLICE DEPARTMENT FRAZER,EAST WHITELAND TWP POLICE DEPARTMENT FRAZER,City,PA,2022,15617,18,1,19,5,0,5,23,1,24,1.54
GA0180000,BUTTS CO SO JACKSON,BUTTS CO SO JACKSON,County,GA,2022,20443,57,21,78,3,21,24,60,42,102,4.99
ME0060200,GARDINER PD,GARDINER PD,City,ME,2022,6102,10,0,10,0,0,0,10,0,10,1.64
MT0410100,HAMILTON PD,HAMILTON PD,City,MT,2022,5138,10,1,11,3,1,4,13,2,15,2.92
WI0100000,CLARK CO SO NEILLSVILLE,CLARK CO SO NEILLSVILLE,County,WI,2022,26790,28,9,37,2,20,22,30,29,59,2.20
MS0450100,CANTON PD,CANTON PD,City,MS,2022,10587,17,3,20,6,7,13,23,10,33,3.12
NJ0170200,ELMER PD,ELMER PD,City,NJ,2022,1378,2,0,2,0,0,0,2,0,2,1.45
ND0090300,WEST FARGO PD,WEST FARGO PD,City,ND,2022,39987,65,1,66,5,12,17,70,13,83,2.08
PA0231000,EAST LANSDOWNE PD LANSDOWNE,EAST LANSDOWNE PD LANSDOWNE,City,PA,2022,2670,4,0,4,0,1,1,4,1,5,1.87
NM0200000,QUAY CO SO TUCUMCARI,QUAY CO SO TUCUMCARI,County,NM,2022,2459,7,0,7,0,2,2,7,2,9,3.66
NC0920500,GARNER PD,GARNER PD,City,NC,2022,32577,63,3,66,8,5,13,71,8,79,2.43
OH0572700,JACKSON TOWNSHIP,JACKSON TOWNSHIP,City,OH,2022,3559,6,0,6,1,0,1,7,0,7,1.97
IA0910000,WARREN CO SO INDIANOLA,WARREN CO SO INDIANOLA,County,IA,2022,19608,20,12,32,1,19,20,21,31,52,2.65
CA0490000,SONOMA CO SO SANTA ROSA,SONOMA CO SO SANTA ROSA,County,CA,2022,132969,208,180,388,10,158,168,218,338,556,4.18
NC0510400,FOUR OAKS PD,FOUR OAKS PD,City,NC,2022,2440,6,1,7,1,0,1,7,1,8,3.28
SC001SP00,HP: ABBEVILLE COUNTY,HP: ABBEVILLE COUNTY,State Police,SC,2022,0,8,0,8,0,0,0,8,0,8,
CO0570000,SAN MIGUEL,SAN MIGUEL,County,CO,2022,4233,12,8,20,1,11,12,13,19,32,7.56
NY0180100,BATAVIA CITY PD BATAVIA,BATAVIA CITY PD BATAVIA,City,NY,2022,15438,29,1,30,3,2,5,32,3,35,2.27
RI0040100,CENTRAL FALLS PD,CENTRAL FALLS PD,City,RI,2022,22340,31,2,33,4,6,10,35,8,43,1.92
MO0240800,SMITHVILLE,SMITHVILLE,City,MO,2022,10654,16,0,16,4,1,5,20,1,21,1.97
IL0991300,ROMEOVILLE PD,ROMEOVILLE PD,City,IL,2022,41069,60,1,61,7,12,19,67,13,80,1.95
NY0170100,GLOVERSVILLE CITY PD GLOVERSVILLE,GLOVERSVILLE CITY PD GLOVERSVILLE,City,NY,2022,15030,31,1,32,0,1,1,31,2,33,2.20
FL0061600,LAUDERDALE-BY-THE-SEA PD,LAUDERDALE-BY-THE-SEA PD,City,FL,2022,6038,25,0,25,0,2,2,25,2,27,4.47
MN0720000,SIBLEY CO SO GAYLORD,SIBLEY CO SO GAYLORD,County,MN,2022,7356,13,5,18,0,12,12,13,17,30,4.08
NB0770100,BELLEVUE PD,BELLEVUE PD,City,NB,2022,63178,95,2,97,14,10,24,109,12,121,1.92
TX0310400,LA FERIA PD,LA FERIA PD,City,TX,2022,6791,8,2,10,4,2,6,12,4,16,2.36
WV0420000,RANDOLPH CO SO ELKINS,RANDOLPH CO SO ELKINS,County,WV,2022,20876,18,5,23,0,6,6,18,11,29,1.39
NY223UN00,SUNY: DOWNSTATE MED CTR,SUNY: DOWNSTATE MED CTR,University or College,NY,2022,0,20,57,77,1,19,20,21,76,97,
AZ0101000,TUCSON AIRPORT AUTH PD TUCSON,TUCSON AIRPORT AUTH PD TUCSON,Other,AZ,2022,0,22,18,40,3,11,14,25,29,54,
WADI01300,STILLAGUAMISH POLICE DEPARTMENT,STILLAGUAMISH POLICE DEPARTMENT,Tribal,WA,2022,0,12,0,12,1,0,1,13,0,13,
AR0560300,HARRISBURG PD,HARRISBURG PD,City,AR,2022,2199,5,0,5,0,1,1,5,1,6,2.73
PA0320300,INDIANA PD,INDIANA PD,City,PA,2022,13472,19,0,19,1,1,2,20,1,21,1.56
RI0050900,NEW SHOREHAM PD,NEW SHOREHAM PD,City,RI,2022,1423,7,0,7,0,5,5,7,5,12,8.43
WI0220500,PLATTEVILLE PD,PLATTEVILLE PD,City,WI,2022,11771,15,1,16,5,4,9,20,5,25,2.12
AL0012600,MORRIS PD,MORRIS PD,City,AL,2022,2246,6,0,6,0,0,0,6,0,6,2.67
CA0410800,HILLSBOROUGH PD,HILLSBOROUGH PD,City,CA,2022,10678,24,1,25,4,8,12,28,9,37,3.47
AR0470100,BLYTHEVILLE PD,BLYTHEVILLE PD,City,AR,2022,12732,24,12,36,8,5,13,32,17,49,3.85
MA0140700,BOLTON PD,BOLTON PD,City,MA,2022,5710,10,0,10,2,1,3,12,1,13,2.28
KS0820000,ROOKS CO SO STOCKTON,ROOKS CO SO STOCKTON,County,KS,2022,3037,9,0,9,0,5,5,9,5,14,4.61
NB0060000,BOONE CO SO ALBION,BOONE CO SO ALBION,County,NB,2022,2977,5,1,6,0,7,7,5,8,13,4.37
PA0231600,LOWER CHICHESTER TWP PD LINWOOD,LOWER CHICHESTER TWP PD LINWOOD,City,PA,2022,3371,5,0,5,0,0,0,5,0,5,1.48
CA0200200,MADERA PD,MADERA PD,City,CA,2022,69395,51,11,62,6,20,26,57,31,88,1.27
SD0200100,CHEYENNE RIVER TRIBAL PD EAGLE BUTTE,CHEYENNE RIVER TRIBAL PD EAGLE BUTTE,Tribal,SD,2022,0,18,27,45,3,17,20,21,44,65,
TN0750100,MURFREESBORO PD,MURFREESBORO PD,City,TN,2022,161810,232,12,244,33,49,82,265,61,326,2.01
NB0240300,LEXINGTON PD,LEXINGTON PD,City,NB,2022,10382,19,0,19,1,2,3,20,2,22,2.12
OH0183600,NORTH ROYALTON,NORTH ROYALTON,City,OH,2022,30687,32,5,37,4,11,15,36,16,52,1.69
OK0200800,,,City,OK,2022,1126,1,0,1,0,0,0,1,0,1,0.89
WVWSP4700,STATE POLICE SPENCER,STATE POLICE SPENCER,State Police,WV,2022,0,10,0,10,0,1,1,10,1,11,
IL0492100,WAUKEGAN PD,WAUKEGAN PD,City,IL,2022,88073,132,16,148,21,29,50,153,45,198,2.25
TN0840500,ATOKA POLICE DEPARTMENT,ATOKA POLICE DEPARTMENT,City,TN,2022,10345,20,0,20,3,1,4,23,1,24,2.32
OK0512100,,,Other,OK,2022,0,5,1,6,2,0,2,7,1,8,
WA0030200,LE,LE,City,WA,2022,63081,57,2,59,4,16,20,61,18,79,1.25
IA0990300,CLARION PD,CLARION PD,City,IA,2022,2754,5,0,5,0,0,0,5,0,5,1.82
WV0280700,SECURITY OFF BLUEFIELD ST COLLEGE BLUEFIELD,SECURITY OFF BLUEFIELD ST COLLEGE BLUEFIELD,University or College,WV,2022,0,2,0,2,1,0,1,3,0,3,
MN0430300,BROWNTON PD,BROWNTON PD,City,MN,2022,717,1,0,1,0,0,0,1,0,1,1.39
TX0572300,,,City,TX,2022,8381,18,0,18,3,1,4,21,1,22,2.62
OK0290100,HOLLIS,HOLLIS,City,OK,2022,1714,4,2,6,0,4,4,4,6,10,5.83
AL0310900,ALTOONA PD,ALTOONA PD,City,AL,2022,949,2,0,2,0,0,0,2,0,2,2.11
KY0010100,COLUMBIA PD,COLUMBIA PD,City,KY,2022,4995,13,0,13,1,0,1,14,0,14,2.80
MO0060000,BARTON,BARTON,County,MO,2022,6741,6,2,8,1,3,4,7,5,12,1.78
NY0147400,WEST SENECA TOWN PD,WEST SENECA TOWN PD,City,NY,2022,45119,59,8,67,5,5,10,64,13,77,1.71
OH0130000,CLERMONT,CLERMONT,County,OH,2022,63993,86,77,163,9,41,50,95,118,213,3.33
NH0081400,DEERFIELD PD,DEERFIELD PD,City,NH,2022,4934,8,0,8,0,1,1,8,1,9,1.82
AR0721000,ELKINS PD,ELKINS PD,City,AR,2022,3828,10,0,10,0,0,0,10,0,10,2.61
SC0462600,STATE TRANSPORT POLICE,STATE TRANSPORT POLICE,Other State Agency,SC,2022,0,11,0,11,0,0,0,11,0,11,
LA0530400,AMITE PD,AMITE PD,City,LA,2022,3829,16,0,16,3,5,8,19,5,24,6.27
PA0063500,CENTRAL BERKS REGIONAL POLICE DEPARTMENT,CENTRAL BERKS REGIONAL POLICE DEPARTMENT,City,PA,2022,13923,19,0,19,1,1,2,20,1,21,1.51
AZ0050500,THATCHER PD,THATCHER PD,City,AZ,2022,5369,11,0,11,1,1,2,12,1,13,2.42
FL0480900,WINDERMERE PD,WINDERMERE PD,City,FL,2022,2976,10,0,10,0,1,1,10,1,11,3.70
KY0591000,LAKESIDE PARK CRESTVIEW HILLS POLICE DEPARTMENT,LAKESIDE PARK CRESTVIEW HILLS POLICE DEPARTMENT,City,KY,2022,6227,12,0,12,0,1,1,12,1,13,2.09
NJ0200500,FANWOOD PD,FANWOOD PD,City,NJ,2022,7654,14,1,15,2,1,3,16,2,18,2.35
PA0632100,DONEGAL TWP PD CLAYSVILLE,DONEGAL TWP PD CLAYSVILLE,City,PA,2022,3091,2,0,2,0,0,0,2,0,2,0.65
TX1080400,EDINBURG PD,EDINBURG PD,City,TX,2022,104987,147,45,192,16,32,48,163,77,240,2.29
FL0050500,INDIALANTIC PD,INDIALANTIC PD,City,FL,2022,3075,11,1,12,0,5,5,11,6,17,5.53
TX0130000,BEE CO SO BEEVILLE,BEE CO SO BEEVILLE,County,TX,2022,17451,16,18,34,5,18,23,21,36,57,3.27
WI0650700,BLOOMFIELD PD PELL LAKE,BLOOMFIELD PD PELL LAKE,City,WI,2022,6677,6,8,14,0,0,0,6,8,14,2.10
PA0130200,JIM THORPE PD,JIM THORPE PD,City,PA,2022,4604,8,0,8,0,1,1,8,1,9,1.95
TX0860000,GILLESPIE CO SO FREDERICKSBURG,GILLESPIE CO SO FREDERICKSBURG,County,TX,2022,16693,31,13,44,1,9,10,32,22,54,3.23
MD0220400,HANCOCK PD,HANCOCK PD,City,MD,2022,1539,4,0,4,0,1,1,4,1,5,3.25
PA0092700,DOYLESTOWN TWP PD DOYLESTOWN,DOYLESTOWN TWP PD DOYLESTOWN,City,PA,2022,17799,19,0,19,1,2,3,20,2,22,1.24
MT0130000,FALLON CO SO BAKER,FALLON CO SO BAKER,County,MT,2022,1178,4,2,6,0,3,3,4,5,9,7.64
AR0230000,FAULKNER CO SO CONWAY,FAULKNER CO SO CONWAY,County,AR,2022,46877,46,53,99,9,50,59,55,103,158,3.37
NY0432500,PIERMONT VILLAGE PD PIERMONT,PIERMONT VILLAGE PD PIERMONT,City,NY,2022,2776,7,0,7,1,0,1,8,0,8,2.88
MS0090000,CHICKASAW CO SO HOUSTON,CHICKASAW CO SO HOUSTON,County,MS,2022,10711,13,0,13,0,1,1,13,1,14,1.31
OH0251100,WHITEHALL,WHITEHALL,City,OH,2022,20094,55,3,58,3,12,15,58,15,73,3.63
NC0070500,ST PARK GOOSE CREEK ST PARKWASHINGTON,ST PARK GOOSE CREEK ST PARKWASHINGTON,Other State Agency,NC,2022,0,4,0,4,0,1,1,4,1,5,
RI0030400,PORTSMOUTH PD,PORTSMOUTH PD,City,RI,2022,17716,29,1,30,7,1,8,36,2,38,2.14
PA0461500,LOWER MORELAND TWP PD HUNTINGDON VALLEY,LOWER MORELAND TWP PD HUNTINGDON VALLEY,City,PA,2022,14242,19,2,21,6,3,9,25,5,30,2.11
AR0280000,GREENE CO SO PARAGOULD,GREENE CO SO PARAGOULD,County,AR,2022,15383,25,1,26,6,5,11,31,6,37,2.41
TX2510100,DENVER CITY PD,DENVER CITY PD,City,TX,2022,4346,6,1,7,1,4,5,7,5,12,2.76
SC0211300,,,Other,SC,2022,0,8,0,8,0,0,0,8,0,8,
MI6325900,BIRMINGHAM PD,BIRMINGHAM PD,City,MI,2022,21721,31,4,35,3,6,9,34,10,44,2.03
MN0220100,BLUE EARTH PD,BLUE EARTH PD,City,MN,2022,3251,4,0,4,1,0,1,5,0,5,1.54
CA0070300,CLAYTON PD,CLAYTON PD,City,CA,2022,10880,8,0,8,3,2,5,11,2,13,1.19
GAGBI0000,GBI HEADQUARTERS ATLANTA,GBI HEADQUARTERS ATLANTA,Other State Agency,GA,2022,0,211,152,363,88,546,634,299,698,997,
TX0430600,PLANO PD,PLANO PD,City,TX,2022,289847,339,78,417,68,146,214,407,224,631,2.18
NY0012500,MENANDS VILLAGE PD MENANDS,MENANDS VILLAGE PD MENANDS,City,NY,2022,4478,13,2,15,0,1,1,13,3,16,3.57
WV0310600,WEST VIRGINIA UNIVERSITY POLICE MORGANTOWN,WEST VIRGINIA UNIVERSITY POLICE MORGANTOWN,University or College,WV,2022,0,42,13,55,4,3,7,46,16,62,
TN0330000,HAMILTON CO SHERIFFS OFFICE CHATTANOOGA,HAMILTON CO SHERIFFS OFFICE CHATTANOOGA,County,TN,2022,120070,160,139,299,10,101,111,170,240,410,3.41
OH0500100,AUSTINTOWN,AUSTINTOWN,City,OH,2022,35462,37,6,43,4,17,21,41,23,64,1.80
OK0160200,,,City,OK,2022,3073,5,0,5,1,0,1,6,0,6,1.95
MN0080100,NEW ULM PD,NEW ULM PD,City,MN,2022,14067,20,0,20,3,0,3,23,0,23,1.64
OK0241600,NORTH ENID,NORTH ENID,City,OK,2022,976,4,0,4,0,0,0,4,0,4,4.10
LA0190300,WILSON,WILSON,City,LA,2022,354,2,4,6,3,1,4,5,5,10,28.25
CO0510200,CO MENTAL HEALTH INSTITU,CO MENTAL HEALTH INSTITU,Other State Agency,CO,2022,0,3,0,3,0,0,0,3,0,3,
IL0166800,MELROSE PARK PD,MELROSE PARK PD,City,IL,2022,23739,61,6,67,6,6,12,67,12,79,3.33
NC0990100,JONESVILLE PD,JONESVILLE PD,City,NC,2022,2310,8,0,8,1,1,2,9,1,10,4.33
VT0090200,BRADFORD PD,BRADFORD PD,City,VT,2022,2822,2,0,2,0,0,0,2,0,2,0.71
GA0590400,CANON,CANON,City,GA,2022,666,1,0,1,0,0,0,1,0,1,1.50
NJ0070800,GLEN RIDGE PD,GLEN RIDGE PD,City,NJ,2022,7620,20,3,23,3,2,5,23,5,28,3.67
PA0021I00,LEFT TOWNSHIP POLICE DEPARTMENT AMBRIDGE,LEFT TOWNSHIP POLICE DEPARTMENT AMBRIDGE,City,PA,2022,1579,5,0,5,0,0,0,5,0,5,3.17
OH0762300,PERRY TOWNSHIP,PERRY TOWNSHIP,City,OH,2022,28143,19,0,19,3,3,6,22,3,25,0.89
WA0060300,VANCOUVER PD,VANCOUVER PD,City,WA,2022,193273,180,9,189,32,40,72,212,49,261,1.35
OR0300200,MILTON-FREEWATER,MILTON-FREEWATER,City,OR,2022,7119,11,2,13,0,3,3,11,5,16,2.25
NJ0091200,WEST NEW YORK PD,WEST NEW YORK PD,City,NJ,2022,52021,114,5,119,11,6,17,125,11,136,2.61
SC032NR00,DNR: LEXINGTON COUNTY,DNR: LEXINGTON COUNTY,Other State Agency,SC,2022,0,12,9,21,0,10,10,12,19,31,
WI0050300,PULASKI PD,PULASKI PD,City,WI,2022,4020,7,0,7,0,1,1,7,1,8,1.99
CA0365700,PATTON STATE HOSPITAL POLICE DEPARTMENT,PATTON STATE HOSPITAL POLICE DEPARTMENT,Other State Agency,CA,2022,0,75,3,78,25,10,35,100,13,113,
KS0400600,NORTH NEWTON PD,NORTH NEWTON PD,City,KS,2022,1824,4,0,4,0,0,0,4,0,4,2.19
CA0431600,SUNNYVALE PD,SUNNYVALE PD,City,CA,2022,148739,191,27,218,17,52,69,208,79,287,1.93
OH0253300,MIFFLIN TOWNSHIP,MIFFLIN TOWNSHIP,City,OH,2022,2563,3,0,3,0,0,0,3,0,3,1.17
NC0780800,ROWLAND PD,ROWLAND PD,City,NC,2022,884,6,0,6,0,1,1,6,1,7,7.92
CA0240500,LOS BANOS PD,LOS BANOS PD,City,CA,2022,47398,38,6,44,4,20,24,42,26,68,1.43
MS0340000,JONES CO SO LAUREL,JONES CO SO LAUREL,County,MS,2022,44110,42,1,43,3,4,7,45,5,50,1.13
MI4050200,KALKASKA PD,KALKASKA PD,City,MI,2022,2122,6,0,6,0,0,0,6,0,6,2.83
GA060309E,CLARK ATLANTA UNIVERSITY POLICE DEPT ATLANTA,CLARK ATLANTA UNIVERSITY POLICE DEPT ATLANTA,University or College,GA,2022,0,11,12,23,3,17,20,14,29,43,
WI0360600,CLEVELAND PD,CLEVELAND PD,City,WI,2022,1599,1,0,1,0,0,0,1,0,1,0.63
MN0780000,TRAVERSE CO SO WHEATON,TRAVERSE CO SO WHEATON,County,MN,2022,1832,6,1,7,0,7,7,6,8,14,7.64
MO0610200,LA PLATA,LA PLATA,City,MO,2022,1251,3,0,3,0,0,0,3,0,3,2.40
TN0220400,23RD JUD DIST DRUG TASK FORCE DICKSON,23RD JUD DIST DRUG TASK FORCE DICKSON,Other,TN,2022,0,7,0,7,0,0,0,7,0,7,
WI0560600,,,City,WI,2022,1851,3,0,3,0,1,1,3,1,4,2.16
FL0270000,HERNANDO CO SO BROOKSVILLE,HERNANDO CO SO BROOKSVILLE,County,FL,2022,198894,309,42,351,61,147,208,370,189,559,2.81
AR0690000,STONE CO SO MOUNTAIN VIEW,STONE CO SO MOUNTAIN VIEW,County,AR,2022,9717,10,7,17,1,7,8,11,14,25,2.57
MI0910900,BAY CO SO BAY CITY,BAY CO SO BAY CITY,County,MI,2022,57106,38,27,65,1,22,23,39,49,88,1.54
SC039FC00,FC: PICKENS COUNTY,FC: PICKENS COUNTY,Other State Agency,SC,2022,0,1,0,1,0,0,0,1,0,1,
MT0420100,SIDNEY PD,SIDNEY PD,City,MT,2022,6066,10,0,10,0,1,1,10,1,11,1.81
ID0140400,WILDER PD,WILDER PD,City,ID,2022,1720,4,0,4,1,0,1,5,0,5,2.91
PA0031300,GILPIN TWP PD LEECHBURG,GILPIN TWP PD LEECHBURG,City,PA,2022,2380,4,0,4,0,0,0,4,0,4,1.68
PA0460300,BRIDGEPORT PD,BRIDGEPORT PD,City,PA,2022,5048,8,1,9,1,0,1,9,1,10,1.98
WADI05800,YAKIMA TRIBAL PD TOPPENISH,YAKIMA TRIBAL PD TOPPENISH,Tribal,WA,2022,0,30,10,40,6,4,10,36,14,50,
ME0031800,UNIV OF MAINE PD GORHAM,UNIV OF MAINE PD GORHAM,University or College,ME,2022,0,7,2,9,2,6,8,9,8,17,
AL0340000,GENEVA CO SO GENEVA,GENEVA CO SO GENEVA,County,AL,2022,16029,12,15,27,0,5,5,12,20,32,2.00
TX2300000,UPSHUR CO SO GILMER,UPSHUR CO SO GILMER,County,TX,2022,32035,41,16,57,6,20,26,47,36,83,2.59
OK0130000,CIMARRON,CIMARRON,County,OK,2022,1092,2,2,4,0,4,4,2,6,8,7.33
MI3376700,STOCKBRIDGE POLICE DEPARTMENT,STOCKBRIDGE POLICE DEPARTMENT,City,MI,2022,1251,1,0,1,0,0,0,1,0,1,0.80
CT0005600,GRANBY PD,GRANBY PD,City,CT,2022,11011,12,1,13,3,4,7,15,5,20,1.82
RI0050100,NARRAGANSETT PD,NARRAGANSETT PD,City,RI,2022,14653,38,3,41,2,10,12,40,13,53,3.62
PA0460800,EAST NORRITON TWP PD EAST NORRITON,EAST NORRITON TWP PD EAST NORRITON,City,PA,2022,13988,23,0,23,5,1,6,28,1,29,2.07
WV0470300,LAW ENF DIV DEPT NATRL RESOURCES PARSONS,LAW ENF DIV DEPT NATRL RESOURCES PARSONS,Other State Agency,WV,2022,0,1,0,1,1,0,1,2,0,2,
AR0150500,,,University or College,AR,2022,0,3,0,3,0,0,0,3,0,3,
NH0010000,SO BELKNAP COUNTY LACONIA,SO BELKNAP COUNTY LACONIA,County,NH,2022,0,8,2,10,1,7,8,9,9,18,
NC0241200,STATE PARK RANGER LAKE WACCAMAW,STATE PARK RANGER LAKE WACCAMAW,Other State Agency,NC,2022,0,2,3,5,1,0,1,3,3,6,
GA1010300,PELHAM PD,PELHAM PD,City,GA,2022,3380,6,1,7,1,1,2,7,2,9,2.66
ID0200200,MOUNTAIN HOME PD,MOUNTAIN HOME PD,City,ID,2022,16357,23,0,23,1,4,5,24,4,28,1.71
NJ0142900,PARSIPPANY TROY HILLS PD PARSIPPANY,PARSIPPANY TROY HILLS PD PARSIPPANY,City,NJ,2022,56193,84,14,98,4,16,20,88,30,118,2.10
GA1260000,SPALDING CO SO GRIFFIN,SPALDING CO SO GRIFFIN,County,GA,2022,44783,82,30,112,19,46,65,101,76,177,3.95
FL0530900,HAINES CITY PD,HAINES CITY PD,City,FL,2022,31143,54,5,59,8,7,15,62,12,74,2.38
KS0570900,CANTON PD,CANTON PD,City,KS,2022,691,1,0,1,0,0,0,1,0,1,1.45
WV0250500,FAIRVIEW PD,FAIRVIEW PD,City,WV,2022,372,1,0,1,0,0,0,1,0,1,2.69
GA0690100,GAINESVILLE PD,GAINESVILLE PD,City,GA,2022,44314,75,2,77,12,13,25,87,15,102,2.30
GA1480100,WAYCROSS PD,WAYCROSS PD,City,GA,2022,13630,42,2,44,10,11,21,52,13,65,4.77
SD0500000,MOODY CO SO FLANDREAU,MOODY CO SO FLANDREAU,County,SD,2022,4010,6,0,6,0,4,4,6,4,10,2.49
GA0330600,KENNESAW PD,KENNESAW PD,City,GA,2022,32974,52,2,54,13,8,21,65,10,75,2.27
OR015120X,LIQUOR COMM: JACKSON CTY,LIQUOR COMM: JACKSON CTY,Other State Agency,OR,2022,0,14,0,14,4,1,5,18,1,19,
TX2201700,KENNEDALE PD,KENNEDALE PD,City,TX,2022,8417,17,1,18,5,2,7,22,3,25,2.97
LA0170100,BAKER PD,BAKER PD,City,LA,2022,12303,22,2,24,5,9,14,27,11,38,3.09
SD0400300,SPEARFISH PD,SPEARFISH PD,City,SD,2022,12517,17,6,23,2,6,8,19,12,31,2.48
NB0420000,HARLAN CO SO ALMA,HARLAN CO SO ALMA,County,NB,2022,3131,3,1,4,0,3,3,3,4,7,2.24
AR0560000,POINSETT CO SO HARRISBURG,POINSETT CO SO HARRISBURG,County,AR,2022,7786,17,4,21,0,23,23,17,27,44,5.65
IL0991800,CHANNAHON PD,CHANNAHON PD,City,IL,2022,14006,25,0,25,2,4,6,27,4,31,2.21
OK0230700,SHATTUCK,SHATTUCK,City,OK,2022,1248,13,0,13,1,2,3,14,2,16,12.82
PA0653800,DELMONT PD,DELMONT PD,City,PA,2022,2553,5,0,5,0,0,0,5,0,5,1.96
SC0010400,DUE WEST PD,DUE WEST PD,City,SC,2022,1197,4,0,4,1,0,1,5,0,5,4.18
CA0130100,BRAWLEY PD,BRAWLEY PD,City,CA,2022,26650,23,3,26,2,10,12,25,13,38,1.43
WV0450100,HINTON PD,HINTON PD,City,WV,2022,2231,3,1,4,0,0,0,3,1,4,1.79
CA0080100,CRESCENT CITY PD,CRESCENT CITY PD,City,CA,2022,6732,10,0,10,2,0,2,12,0,12,1.78
IA0570600,MOUNT VERNON PD,MOUNT VERNON PD,City,IA,2022,4435,6,0,6,2,1,3,8,1,9,2.03
MN0821100,WOODBURY PD,WOODBURY PD,City,MN,2022,78531,54,0,54,13,11,24,67,11,78,0.99
OK0600600,PERKINS,PERKINS,City,OK,2022,3318,8,0,8,0,0,0,8,0,8,2.41
AZ0039700,NORTHERN ARIZ UNIV PD FLAGSTAFF,NORTHERN ARIZ UNIV PD FLAGSTAFF,University or College,AZ,2022,0,13,6,19,5,7,12,18,13,31,
OH0691600,KALIDA,KALIDA,City,OH,2022,1436,1,0,1,0,0,0,1,0,1,0.70
OH0771100,SILVER LAKE,SILVER LAKE,City,OH,2022,2486,6,0,6,1,1,2,7,1,8,3.22
NJ0133800,OCEANPORT PD,OCEANPORT PD,City,NJ,2022,6119,14,0,14,1,1,2,15,1,16,2.61
OK0221100,SEILING,SEILING,City,OK,2022,827,1,0,1,0,0,0,1,0,1,1.21
MO0850000,PULASKI,PULASKI,County,MO,2022,39130,14,9,23,5,11,16,19,20,39,1.00
NC0210100,EDENTON PD,EDENTON PD,City,NC,2022,4400,13,2,15,2,2,4,15,4,19,4.32
CA0370600,ESCONDIDO PD,ESCONDIDO PD,City,CA,2022,150072,132,8,140,12,46,58,144,54,198,1.32
KY0640000,LAWRENCE CO SO LOUISA,LAWRENCE CO SO LOUISA,County,KY,2022,13643,7,1,8,0,3,3,7,4,11,0.81
VA0790100,WARSAW PD,WARSAW PD,City,VA,2022,1671,4,0,4,0,0,0,4,0,4,2.39
OK0540000,OKFUSKEE,OKFUSKEE,County,OK,2022,6380,7,7,14,1,9,10,8,16,24,3.76
SC0260600,MYRTLE BEACH PD,MYRTLE BEACH PD,City,SC,2022,38117,183,23,206,29,49,78,212,72,284,7.45
KS1040100,YATES CENTER PD,YATES CENTER PD,City,KS,2022,1326,4,0,4,0,0,0,4,0,4,3.02
NC0923500,,,University or College,NC,2022,0,3,8,11,0,1,1,3,9,12,
WI0590100,SHAWANO PD,SHAWANO PD,City,WI,2022,9240,17,17,34,4,6,10,21,23,44,4.76
OR022SP00,SP: LINN COUNTY,SP: LINN COUNTY,State Police,OR,2022,0,18,0,18,1,2,3,19,2,21,
FL0480200,MAITLAND PD,MAITLAND PD,City,FL,2022,18471,43,5,48,9,2,11,52,7,59,3.19
NJ0072100,WEST CALDWELL PD,WEST CALDWELL PD,City,NJ,2022,10756,27,3,30,0,1,1,27,4,31,2.88
IL0165A00,SOUTH BARRINGTON PD BARRINGTON,SOUTH BARRINGTON PD BARRINGTON,City,IL,2022,4973,17,0,17,0,3,3,17,3,20,4.02
MI6160400,MUSKEGON HEIGHTS PD,MUSKEGON HEIGHTS PD,City,MI,2022,9944,19,0,19,1,3,4,20,3,23,2.31
KY1070100,FRANKLIN PD,FRANKLIN PD,City,KY,2022,10174,22,0,22,2,1,3,24,1,25,2.46
MO0810600,EDGAR SPRINGS,EDGAR SPRINGS,City,MO,2022,202,1,0,1,0,0,0,1,0,1,4.95
AK0010500,KODIAK PD,KODIAK PD,City,AK,2022,5357,12,13,25,2,6,8,14,19,33,6.16
OH0850300,WOOSTER,WOOSTER,City,OH,2022,26750,37,0,37,7,4,11,44,4,48,1.79
PA0234000,ALDAN PD,ALDAN PD,City,PA,2022,4184,9,1,10,0,1,1,9,2,11,2.63
GA0990100,MANCHESTER PD,MANCHESTER PD,City,GA,2022,3563,10,1,11,0,5,5,10,6,16,4.49
MA0081300,PELHAM PD,PELHAM PD,City,MA,2022,1257,2,0,2,0,0,0,2,0,2,1.59
TX2180000,SUTTON CO SO SONORA,SUTTON CO SO SONORA,County,TX,2022,865,5,0,5,0,8,8,5,8,13,15.03
NY0602300,PERRY VILLAGE PD PERRY,PERRY VILLAGE PD PERRY,City,NY,2022,3664,5,0,5,1,0,1,6,0,6,1.64
VT0100100,NEWPORT PD,NEWPORT PD,City,VT,2022,4433,13,3,16,0,2,2,13,5,18,4.06
CO0110000,CONEJOS,CONEJOS,County,CO,2022,6839,9,10,19,3,7,10,12,17,29,4.24
AL0012300,WARRIOR PD,WARRIOR PD,City,AL,2022,3189,15,4,19,0,4,4,15,8,23,7.21
PA0029K9E,,,University or College,PA,2022,0,6,0,6,1,0,1,7,0,7,
MA0145100,UPTON PD,UPTON PD,City,MA,2022,8137,12,1,13,2,4,6,14,5,19,2.34
MO1120100,PIEDMONT,PIEDMONT,City,MO,2022,1859,7,0,7,0,0,0,7,0,7,3.77
OR0080100,BROOKINGS,BROOKINGS,City,OR,2022,6880,15,0,15,1,8,9,16,8,24,3.49
OR0240500,WOODBURN,WOODBURN,City,OR,2022,26117,31,5,36,5,5,10,36,10,46,1.76
OK0261600,,,City,OK,2022,519,3,1,4,0,0,0,3,1,4,7.71
OH0412200,SALINE TOWNSHIP,SALINE TOWNSHIP,City,OH,2022,1153,1,0,1,1,0,1,2,0,2,1.73
MI1654600,MACKINAW CITY PD,MACKINAW CITY PD,City,MI,2022,856,6,0,6,1,0,1,7,0,7,8.18
AL0230900,,,University or College,AL,2022,0,1,0,1,0,0,0,1,0,1,
NJ0080800,HARRISON TWP PD MULLICA HILL,HARRISON TWP PD MULLICA HILL,City,NJ,2022,13886,22,0,22,1,1,2,23,1,24,1.73
WV0480000,TYLER CO SO MIDDLEBOURNE,TYLER CO SO MIDDLEBOURNE,County,WV,2022,5868,12,6,18,1,5,6,13,11,24,4.09
MI1972500,ST JOHNS PD,ST JOHNS PD,City,MI,2022,7640,9,0,9,1,2,3,10,2,12,1.57
TN0950000,WILSON CO SO LEBANON,WILSON CO SO LEBANON,County,TN,2022,69049,131,78,209,12,52,64,143,130,273,3.95
KS0660100,SABETHA PD,SABETHA PD,City,KS,2022,2517,4,0,4,0,4,4,4,4,8,3.18
WI0550000,RUSK CO SO LADYSMITH,RUSK CO SO LADYSMITH,County,WI,2022,10949,24,0,24,7,3,10,31,3,34,3.11
CO0640100,BROOMFIELD,BROOMFIELD,City,CO,2022,76137,98,49,147,24,57,81,122,106,228,2.99
OH0590100,MOUNT GILEAD,MOUNT GILEAD,City,OH,2022,3514,6,0,6,0,0,0,6,0,6,1.71
TN0010300,OAK RIDGE PD,OAK RIDGE PD,City,TN,2022,32243,49,11,60,9,4,13,58,15,73,2.26
NJ0070900,IRVINGTON PD,IRVINGTON PD,City,NJ,2022,59726,99,21,120,44,33,77,143,54,197,3.30
FL0130700,MIAMI BEACH PD,MIAMI BEACH PD,City,FL,2022,79031,335,33,368,65,60,125,400,93,493,6.24
MS0550000,PEARL RIVER CO SO POPLARVILLE,PEARL RIVER CO SO POPLARVILLE,County,MS,2022,42274,31,0,31,2,1,3,33,1,34,0.80
MO0790100,PERRYVILLE,PERRYVILLE,City,MO,2022,8458,17,0,17,5,7,12,22,7,29,3.43
NH0023400,WAKEFIELD PD,WAKEFIELD PD,City,NH,2022,6315,11,1,12,0,1,1,11,2,13,2.06
MA0122000,PLYMOUTH PD,PLYMOUTH PD,City,MA,2022,65779,82,7,89,9,8,17,91,15,106,1.61
CA0241200,UNIV OF CA MERCED POLICE DEPARTMENT,UNIV OF CA MERCED POLICE DEPARTMENT,University or College,CA,2022,0,14,7,21,3,9,12,17,16,33,
NY0062000,LAKEWOOD BUSTI VILLAGE PD LAKEWOOD,LAKEWOOD BUSTI VILLAGE PD LAKEWOOD,City,NY,2022,7434,10,0,10,1,1,2,11,1,12,1.61
ND0340000,PEMBINA CO SO CAVALIER,PEMBINA CO SO CAVALIER,County,ND,2022,4813,9,4,13,0,1,1,9,5,14,2.91
WI0720600,,,City,WI,2022,835,2,0,2,0,0,0,2,0,2,2.40
NH0034200,WALPOLE PD,WALPOLE PD,City,NH,2022,3729,4,0,4,0,1,1,4,1,5,1.34
NH0057600,WATERVILLE VALLEY POLICE DEPARTMENT,WATERVILLE VALLEY POLICE DEPARTMENT,City,NH,2022,510,7,0,7,0,0,0,7,0,7,13.73
MI8190300,UNIV OF MICH DEPT OF PUBLIC SAFETY ANN ARBOR,UNIV OF MICH DEPT OF PUBLIC SAFETY ANN ARBOR,University or College,MI,2022,0,48,7,55,11,7,18,59,14,73,
MS0070000,CALHOUN CO SO PITTSBORO,CALHOUN CO SO PITTSBORO,County,MS,2022,7710,8,0,8,0,1,1,8,1,9,1.17
OR0150400,MEDFORD,MEDFORD,City,OR,2022,86876,95,4,99,15,34,49,110,38,148,1.70
OH0212200,DELAWARE CNTY PRSVTN PKS,DELAWARE CNTY PRSVTN PKS,Other,OH,2022,0,7,0,7,0,0,0,7,0,7,
NJ0122200,SOUTH PLAINFIELD PD,SOUTH PLAINFIELD PD,City,NJ,2022,24211,55,5,60,3,9,12,58,14,72,2.97
TN0270800,RUTHERFORD PD,RUTHERFORD PD,City,TN,2022,1140,2,0,2,0,0,0,2,0,2,1.75
IA0910100,INDIANOLA PD,INDIANOLA PD,City,IA,2022,15817,20,0,20,2,6,8,22,6,28,1.77
FL0290500,FLORIDA DLE FIELD OFFICE TEMPLE TERRACE,FLORIDA DLE FIELD OFFICE TEMPLE TERRACE,Other State Agency,FL,2022,0,50,33,83,7,72,79,57,105,162,
OH0183400,NORTH OLMSTED,NORTH OLMSTED,City,OH,2022,31641,41,3,44,4,13,17,45,16,61,1.93
MA0090600,BEDFORD PD,BEDFORD PD,City,MA,2022,14034,23,5,28,2,4,6,25,9,34,2.42
VA0940100,ABINGDON PD,ABINGDON PD,City,VA,2022,8265,21,1,22,4,2,6,25,3,28,3.39
WA0310200,EDMONDS PD,EDMONDS PD,City,WA,2022,42714,37,1,38,14,10,24,51,11,62,1.45
TN0900200,JONESBOROUGH PD,JONESBOROUGH PD,City,TN,2022,6081,18,1,19,1,5,6,19,6,25,4.11
MS0140000,COAHOMA CO SO CLARKSDALE,COAHOMA CO SO CLARKSDALE,County,MS,2022,6292,20,3,23,5,9,14,25,12,37,5.88
ME0060000,KENNEBEC CO SO AUGUSTA,KENNEBEC CO SO AUGUSTA,County,ME,2022,53875,24,1,25,1,2,3,25,3,28,0.52
SD0030100,MARTIN CITY PD MARTIN,MARTIN CITY PD MARTIN,City,SD,2022,957,4,0,4,0,0,0,4,0,4,4.18
MTDI06200,ROCKY BOY'S TRIBAL PD BOX ELDER,ROCKY BOY'S TRIBAL PD BOX ELDER,Tribal,MT,2022,0,12,3,15,0,8,8,12,11,23,
WI0570500,LAKE DELTON PD,LAKE DELTON PD,City,WI,2022,3447,23,23,46,2,5,7,25,28,53,15.38
WI0490500,FREDERIC PD,FREDERIC PD,City,WI,2022,1123,1,0,1,1,0,1,2,0,2,1.78
WV0240900,IAEGER PD,IAEGER PD,City,WV,2022,265,1,0,1,0,0,0,1,0,1,3.77
WI0420600,,,City,WI,2022,520,1,1,2,0,0,0,1,1,2,3.85
TN0650000,MORGAN CO SO WARTBURG,MORGAN CO SO WARTBURG,County,TN,2022,20624,21,12,33,4,12,16,25,24,49,2.38
IL0162300,COUNTRYSIDE PD,COUNTRYSIDE PD,City,IL,2022,6159,22,0,22,2,3,5,24,3,27,4.38
CO0600100,WOODLAND PARK,WOODLAND PARK,City,CO,2022,8025,14,2,16,4,9,13,18,11,29,3.61
OK0701100,,,City,OK,2022,698,1,0,1,0,1,1,1,1,2,2.87
MI6160500,MUSKEGON TWP PD MUSKEGON,MUSKEGON TWP PD MUSKEGON,City,MI,2022,17812,14,0,14,2,0,2,16,0,16,0.90
WVWSP0500,STATE POLICE CHARLES TOWN,STATE POLICE CHARLES TOWN,State Police,WV,2022,0,7,0,7,0,1,1,7,1,8,
MA0121400,MARION PD,MARION PD,City,MA,2022,5567,14,0,14,3,1,4,17,1,18,3.23
MI6382900,WOLVERINE LAKE PD WALLED LAKE,WOLVERINE LAKE PD WALLED LAKE,City,MI,2022,4460,5,0,5,2,0,2,7,0,7,1.57
AL0160200,THOMASVILLE PD,THOMASVILLE PD,City,AL,2022,3518,19,3,22,2,4,6,21,7,28,7.96
CA0420300,SANTA BARBARA PD,SANTA BARBARA PD,City,CA,2022,87817,87,12,99,27,42,69,114,54,168,1.91
AR0140500,SOUTHERN AR UNIVERSITY PD MAGNOLIA,SOUTHERN AR UNIVERSITY PD MAGNOLIA,University or College,AR,2022,0,8,0,8,1,1,2,9,1,10,
VA0100100,BEDFORD PD,BEDFORD PD,City,VA,2022,6681,22,0,22,1,3,4,23,3,26,3.89
VA0680200,GORDONSVILLE PD,GORDONSVILLE PD,City,VA,2022,1466,7,0,7,0,0,0,7,0,7,4.77
MN0840100,BRECKENRIDGE PD,BRECKENRIDGE PD,City,MN,2022,3352,6,0,6,0,1,1,6,1,7,2.09
SC0231000,FURMAN UNIVERSITY,FURMAN UNIVERSITY,University or College,SC,2022,0,13,4,17,2,3,5,15,7,22,
NJ0181100,MANVILLE PD,MANVILLE PD,City,NJ,2022,10763,24,1,25,0,2,2,24,3,27,2.51
CA0471000,LAKE SHASTINA PD WEED,LAKE SHASTINA PD WEED,City,CA,2022,2537,4,0,4,0,0,0,4,0,4,1.58
TN0720100,DAYTON PD,DAYTON PD,City,TN,2022,7170,18,2,20,0,0,0,18,2,20,2.79
KY0600200,PIPPA PASSES PD PIPPA PASSES,PIPPA PASSES PD PIPPA PASSES,City,KY,2022,581,1,0,1,0,1,1,1,1,2,3.44
CA0430500,LOS ALTOS PD,LOS ALTOS PD,City,CA,2022,29847,23,2,25,7,12,19,30,14,44,1.47
WA0173200,PORT OF SEATTLE PD SEATTLE,PORT OF SEATTLE PD SEATTLE,Other,WA,2022,0,86,8,94,13,23,36,99,31,130,
OK0530800,SOUTH COFFEYVILLE,SOUTH COFFEYVILLE,City,OK,2022,680,4,0,4,0,0,0,4,0,4,5.88
MN0691000,HIBBING PD,HIBBING PD,City,MN,2022,15980,26,0,26,3,5,8,29,5,34,2.13
NJ0151100,JACKSON TWP PD JACKSON,JACKSON TWP PD JACKSON,City,NJ,2022,60762,101,3,104,5,17,22,106,20,126,2.07
NC0510700,PRINCETON PD,PRINCETON PD,City,NC,2022,1422,4,0,4,0,0,0,4,0,4,2.81
OH0740100,FOSTORIA,FOSTORIA,City,OH,2022,13066,20,1,21,1,3,4,21,4,25,1.91
MN0700400,SHAKOPEE PD,SHAKOPEE PD,City,MN,2022,45122,38,11,49,10,1,11,48,12,60,1.33
WV0311500,,,Other,WV,2022,0,3,0,3,0,1,1,3,1,4,
MO0270100,BOONVILLE,BOONVILLE,City,MO,2022,7882,19,3,22,2,4,6,21,7,28,3.55
SC0170300,LATTA PD,LATTA PD,City,SC,2022,1270,4,0,4,1,0,1,5,0,5,3.94
LA0510200,FRANKLIN PD,FRANKLIN PD,City,LA,2022,6408,16,0,16,10,2,12,26,2,28,4.37
IA0820800,PRINCETON,PRINCETON,City,IA,2022,914,1,0,1,0,0,0,1,0,1,1.09
PA0350300,OLD FORGE PD,OLD FORGE PD,City,PA,2022,8598,6,0,6,1,0,1,7,0,7,0.81
NM0280200,MAGDALENA PD,MAGDALENA PD,City,NM,2022,795,2,0,2,1,0,1,3,0,3,3.77
WY0110100,CHEYENNE PD,CHEYENNE PD,City,WY,2022,64941,87,5,92,17,17,34,104,22,126,1.94
GA0440100,DECATUR PD,DECATUR PD,City,GA,2022,24259,34,1,35,9,13,22,43,14,57,2.35
MI2534200,DAVISON PD,DAVISON PD,City,MI,2022,5058,6,0,6,0,1,1,6,1,7,1.38
MN0710000,SHERBURNE CO SO ELK RIVER,SHERBURNE CO SO ELK RIVER,County,MN,2022,50063,68,127,195,9,78,87,77,205,282,5.63
TX0571200,GRAND PRAIRIE PD,GRAND PRAIRIE PD,City,TX,2022,199663,259,47,306,27,117,144,286,164,450,2.25
WA0200600,WHITE SALMON PD,WHITE SALMON PD,City,WA,2022,2663,4,0,4,2,2,4,6,2,8,3.00
TX1013200,UNIV OF HOUSTON PD HOUSTON,UNIV OF HOUSTON PD HOUSTON,University or College,TX,2022,0,33,44,77,14,44,58,47,88,135,
WI0430300,OCONTO FALLS PD,OCONTO FALLS PD,City,WI,2022,2961,4,0,4,3,0,3,7,0,7,2.36
CA0194800,MONTEREY PARK PD,MONTEREY PARK PD,City,CA,2022,58352,57,10,67,14,27,41,71,37,108,1.85
IL0850100,RUSHVILLE PD,RUSHVILLE PD,City,IL,2022,3010,5,0,5,0,0,0,5,0,5,1.66
MN0790100,LAKE CITY PD,LAKE CITY PD,City,MN,2022,5318,10,1,11,0,0,0,10,1,11,2.07
CA0302600,IRVINE PD,IRVINE PD,City,CA,2022,311696,191,35,226,37,72,109,228,107,335,1.07
NV0160300,UNIV OF NEVADA POLICE SERVICES RENO,UNIV OF NEVADA POLICE SERVICES RENO,University or College,NV,2022,0,21,2,23,3,12,15,24,14,38,
NY0595300,GREENBURGH TOWN PD WHITE PLAINS,GREENBURGH TOWN PD WHITE PLAINS,City,NY,2022,45094,96,16,112,19,11,30,115,27,142,3.15
CA0371400,CALIFORNIA STATE UNIV PD SAN DIEGO,CALIFORNIA STATE UNIV PD SAN DIEGO,University or College,CA,2022,0,28,2,30,6,16,22,34,18,52,
NC0670200,HOLLY RIDGE PD HOLLY RIDGE,HOLLY RIDGE PD HOLLY RIDGE,City,NC,2022,4639,8,0,8,4,1,5,12,1,13,2.80
OH0480200,OREGON,OREGON,City,OH,2022,19800,38,1,39,5,1,6,43,2,45,2.27
NY0152300,LAKE PLACID VILLAGE PD LAKE PLACID,LAKE PLACID VILLAGE PD LAKE PLACID,City,NY,2022,2235,11,0,11,1,2,3,12,2,14,6.26
OH0250600,GROVE CITY,GROVE CITY,City,OH,2022,42248,56,0,56,5,20,25,61,20,81,1.92
MI8278300,TRENTON PD,TRENTON PD,City,MI,2022,18108,28,0,28,3,1,4,31,1,32,1.77
VA0970300,RURAL RETREAT PD,RURAL RETREAT PD,City,VA,2022,1527,1,0,1,0,0,0,1,0,1,0.65
AR0600800,CAMMACK VILLAGE PD LITTLE ROCK,CAMMACK VILLAGE PD LITTLE ROCK,City,AR,2022,756,2,0,2,0,0,0,2,0,2,2.65
OK0550300,EDMOND,EDMOND,City,OK,2022,95946,110,26,136,16,16,32,126,42,168,1.75
NC0800200,EAST SPENCER PD,EAST SPENCER PD,City,NC,2022,1581,0,0,0,3,1,4,3,1,4,2.53
WI0460200,PORT WASHINGTON PD,PORT WASHINGTON PD,City,WI,2022,12867,20,0,20,1,5,6,21,5,26,2.02
WA0130200,MOSES LAKE PD,MOSES LAKE PD,City,WA,2022,25709,41,2,43,2,6,8,43,8,51,1.98
MI3813800,JACKSON CO SO JACKSON,JACKSON CO SO JACKSON,County,MI,2022,65179,33,38,71,8,12,20,41,50,91,1.40
SD0520000,PERKINS CO SO BISON,PERKINS CO SO BISON,County,SD,2022,2833,7,0,7,0,1,1,7,1,8,2.82
PAPDJ390X,,,Other,PA,2022,0,25,0,25,1,2,3,26,2,28,
NJ0011400,LINWOOD PD,LINWOOD PD,City,NJ,2022,6950,16,1,17,0,1,1,16,2,18,2.59
PA0661200,TUNKHANNOCK TWP PD TUNKHANNOCK,TUNKHANNOCK TWP PD TUNKHANNOCK,City,PA,2022,5665,7,0,7,0,0,0,7,0,7,1.24
GA0020100,PEARSON PD,PEARSON PD,City,GA,2022,1865,4,0,4,1,1,2,5,1,6,3.22
IN0410800,BARGERSVILLE PD,BARGERSVILLE PD,City,IN,2022,10791,13,0,13,3,1,4,16,1,17,1.58
WA0080400,KALAMA PD,KALAMA PD,City,WA,2022,3061,7,0,7,0,1,1,7,1,8,2.61
PA0151600,WILLISTOWN TWP PD,WILLISTOWN TWP PD,City,PA,2022,11258,17,0,17,2,2,4,19,2,21,1.87
CADIT0400,SYCUAN TRIBAL,SYCUAN TRIBAL,Tribal,CA,2022,0,11,5,16,3,2,5,14,7,21,
MN0080300,SPRINGFIELD PD,SPRINGFIELD PD,City,MN,2022,2002,3,0,3,2,0,2,5,0,5,2.50
OR0150300,JACKSONVILLE,JACKSONVILLE,City,OR,2022,3011,6,0,6,1,1,2,7,1,8,2.66
SC041SP00,HP: SALUDA COUNTY,HP: SALUDA COUNTY,State Police,SC,2022,0,7,0,7,0,0,0,7,0,7,
FL0430000,MARTIN CO SO STUART,MARTIN CO SO STUART,County,FL,2022,142612,239,25,264,35,103,138,274,128,402,2.82
NJ0031300,EVESHAM TWP PD MARLTON,EVESHAM TWP PD MARLTON,City,NJ,2022,49166,68,2,70,10,7,17,78,9,87,1.77
NY0350100,MIDDLETOWN CITY PD MIDDLETOWN,MIDDLETOWN CITY PD MIDDLETOWN,City,NY,2022,30538,61,1,62,10,8,18,71,9,80,2.62
SC027SP00,HP: JASPER COUNTY,HP: JASPER COUNTY,State Police,SC,2022,0,3,0,3,0,0,0,3,0,3,
NJ0090900,SECAUCUS PD,SECAUCUS PD,City,NJ,2022,20519,74,11,85,4,5,9,78,16,94,4.58
IL0960100,FAIRFIELD PD,FAIRFIELD PD,City,IL,2022,4724,8,3,11,0,0,0,8,3,11,2.33
IN0360200,SEYMOUR PD,SEYMOUR PD,City,IN,2022,21415,43,8,51,2,11,13,45,19,64,2.99
ID0440100,WEISER PD,WEISER PD,City,ID,2022,5986,11,1,12,0,2,2,11,3,14,2.34
KY0591300,FORT MITCHELL PD,FORT MITCHELL PD,City,KY,2022,8643,14,0,14,1,0,1,15,0,15,1.74
ND0360100,DEVILS LAKE PD,DEVILS LAKE PD,City,ND,2022,7212,16,1,17,3,1,4,19,2,21,2.91
ME0080300,WALDOBORO PD,WALDOBORO PD,City,ME,2022,5314,7,0,7,0,0,0,7,0,7,1.32
NM0030400,NM MILITARY INSTITUTE,NM MILITARY INSTITUTE,University or College,NM,2022,0,6,0,6,0,0,0,6,0,6,
TX0360000,CHAMBERS CO SO ANAHUAC,CHAMBERS CO SO ANAHUAC,County,TX,2022,37355,53,1,54,6,8,14,59,9,68,1.82
MS0670100,INDIANOLA PD,INDIANOLA PD,City,MS,2022,9163,12,4,16,5,5,10,17,9,26,2.84
NV0060000,EUREKA CO SO EUREKA,EUREKA CO SO EUREKA,County,NV,2022,1963,9,6,15,0,1,1,9,7,16,8.15
NC0430200,ANGIER PD,ANGIER PD,City,NC,2022,6127,17,0,17,1,0,1,18,0,18,2.94
FL0300100,BONIFAY PD,BONIFAY PD,City,FL,2022,2804,5,0,5,1,1,2,6,1,7,2.50
OK0261000,NINNEKAH,NINNEKAH,City,OK,2022,800,2,0,2,0,1,1,2,1,3,3.75
IA0420100,IOWA FALLS PD,IOWA FALLS PD,City,IA,2022,5023,10,0,10,0,4,4,10,4,14,2.79
TX0710200,EL PASO PD,EL PASO PD,City,TX,2022,678232,964,96,1060,169,174,343,1133,270,1403,2.07
WY0160000,PLATTE CO SO WHEATLAND,PLATTE CO SO WHEATLAND,County,WY,2022,4033,25,0,25,7,7,14,32,7,39,9.67
TX1180000,IRION CO SO MERTZON,IRION CO SO MERTZON,County,TX,2022,1593,6,1,7,0,5,5,6,6,12,7.53
NC0640500,MIDDLESEX PD,MIDDLESEX PD,City,NC,2022,913,5,0,5,0,0,0,5,0,5,5.48
SC0440100,UNION PUBLIC SAFETY DEPT CITY OF UNION,UNION PUBLIC SAFETY DEPT CITY OF UNION,City,SC,2022,7977,22,1,23,1,1,2,23,2,25,3.13
WA0173700,SEATAC POLICE DEPARTMENT SEATAC,SEATAC POLICE DEPARTMENT SEATAC,City,WA,2022,30203,44,6,50,6,13,19,50,19,69,2.28
CO0190200,EAGLE,EAGLE,City,CO,2022,7614,10,0,10,2,2,4,12,2,14,1.84
RIRSP0000,SP HDQ NORTH SCITUATE,SP HDQ NORTH SCITUATE,State Police,RI,2022,0,104,28,132,12,23,35,116,51,167,
NM0300200,ESTANCIA PD,ESTANCIA PD,City,NM,2022,1515,2,2,4,0,1,1,2,3,5,3.30
MA0061800,NORTHFIELD PD,NORTHFIELD PD,City,MA,2022,2877,4,0,4,0,0,0,4,0,4,1.39
MS0070400,,,City,MS,2022,1089,1,0,1,0,0,0,1,0,1,0.92
MN0070500,LAKE CRYSTAL PD,LAKE CRYSTAL PD,City,MN,2022,2536,3,0,3,0,0,0,3,0,3,1.18
VA0410000,HALIFAX CO SO HALIFAX,HALIFAX CO SO HALIFAX,County,VA,2022,24710,35,0,35,2,3,5,37,3,40,1.62
MN0360000,KOOCHICHING CO SO INTERNATIONAL FALLS,KOOCHICHING CO SO INTERNATIONAL FALLS,County,MN,2022,6214,10,7,17,0,3,3,10,10,20,3.22
NB0010100,HASTINGS PD,HASTINGS PD,City,NB,2022,24930,25,1,26,6,9,15,31,10,41,1.64
MS0820000,YAZOO CO SO YAZOO CITY,YAZOO CO SO YAZOO CITY,County,MS,2022,16081,12,0,12,2,0,2,14,0,14,0.87
NC0440200,WAYNESVILLE PD,WAYNESVILLE PD,City,NC,2022,10225,30,5,35,6,6,12,36,11,47,4.60
SC042FC00,FC: SPARTANBURG COUNTY,FC: SPARTANBURG COUNTY,Other State Agency,SC,2022,0,1,0,1,0,0,0,1,0,1,
OK0630200,TECUMSEH,TECUMSEH,City,OK,2022,6365,9,0,9,1,1,2,10,1,11,1.73
MI1985700,DEWITT TOWNSHIP POLICE DEPARTMENT,DEWITT TOWNSHIP POLICE DEPARTMENT,City,MI,2022,15557,14,0,14,2,1,3,16,1,17,1.09
NY0212200,ILION VILLAGE PD ILION,ILION VILLAGE PD ILION,City,NY,2022,7629,12,0,12,2,3,5,14,3,17,2.23
CA0480500,SUISUN CITY PD,SUISUN CITY PD,City,CA,2022,28917,19,0,19,7,11,18,26,11,37,1.28
VA0360000,GLOUCESTER CO SO GLOUCESTER,GLOUCESTER CO SO GLOUCESTER,County,VA,2022,39591,70,0,70,13,18,31,83,18,101,2.55
AR0600500,UNIV OF ARKANSAS DPS LITTLE ROCK,UNIV OF ARKANSAS DPS LITTLE ROCK,University or College,AR,2022,0,10,6,16,6,1,7,16,7,23,
ID0150100,SODA SPRINGS PD,SODA SPRINGS PD,City,ID,2022,3146,6,0,6,0,0,0,6,0,6,1.91
IL0169C00,SOUTH SUBURBAN COLLEGE PD SOUTH HOLLAND,SOUTH SUBURBAN COLLEGE PD SOUTH HOLLAND,University or College,IL,2022,0,7,2,9,1,2,3,8,4,12,
PA0651100,PENN TWP PD IRWIN,PENN TWP PD IRWIN,City,PA,2022,20630,21,0,21,0,0,0,21,0,21,1.02
PA0151700,CALN TWP PD THORNDALE,CALN TWP PD THORNDALE,City,PA,2022,14351,14,0,14,1,1,2,15,1,16,1.11
CA0150200,BAKERSFIELD PD,BAKERSFIELD PD,City,CA,2022,411873,412,40,452,57,169,226,469,209,678,1.65
OH0280600,SOUTH RUSSELL,SOUTH RUSSELL,City,OH,2022,3971,10,3,13,0,1,1,10,4,14,3.53
CO0590200,DILLON,DILLON,City,CO,2022,1045,9,0,9,2,1,3,11,1,12,11.48
GA0730100,HARTWELL PD,HARTWELL PD,City,GA,2022,4567,14,0,14,4,5,9,18,5,23,5.04
IA0560000,LEE CO SO KEOKUK,LEE CO SO KEOKUK,County,IA,2022,13164,18,15,33,0,11,11,18,26,44,3.34
PA0027400,INGRAM PD,INGRAM PD,City,PA,2022,3296,4,0,4,0,0,0,4,0,4,1.21
NY0090000,CLINTON CO SHERIFF'S DEPARTMENT PLATTSBURGH,CLINTON CO SHERIFF'S DEPARTMENT PLATTSBURGH,County,NY,2022,60172,24,2,26,2,3,5,26,5,31,0.52
PA0211400,MOUNT HOLLY SPRINGS PD,MOUNT HOLLY SPRINGS PD,City,PA,2022,2018,3,0,3,1,0,1,4,0,4,1.98
PA0392900,,,University or College,PA,2022,0,1,0,1,0,0,0,1,0,1,
TN0720000,RHEA CO SO DAYTON,RHEA CO SO DAYTON,County,TN,2022,22849,35,28,63,3,25,28,38,53,91,3.98
NY0590300,MOUNT VERNON CITY PD MOUNT VERNON,MOUNT VERNON CITY PD MOUNT VERNON,City,NY,2022,71690,147,17,164,42,30,72,189,47,236,3.29
GA0230200,RINGGOLD PD,RINGGOLD PD,City,GA,2022,3444,9,0,9,1,0,1,10,0,10,2.90
NH0030600,DUBLIN PD,DUBLIN PD,City,NH,2022,1586,3,0,3,0,1,1,3,1,4,2.52
WI0141400,IRON RIDGE PD,IRON RIDGE PD,City,WI,2022,892,1,0,1,0,0,0,1,0,1,1.12
MA0140400,BARRE PD,BARRE PD,City,MA,2022,5555,10,0,10,0,1,1,10,1,11,1.98
NY0542000,DRYDEN VILLAGE PD DRYDEN,DRYDEN VILLAGE PD DRYDEN,City,NY,2022,1930,4,0,4,0,0,0,4,0,4,2.07
NC0430400,LILLINGTON PD,LILLINGTON PD,City,NC,2022,4603,13,0,13,1,1,2,14,1,15,3.26
MS0240200,GULFPORT PD,GULFPORT PD,City,MS,2022,71380,122,31,153,19,35,54,141,66,207,2.90
KY0560000,JEFFERSON CO SO LOUISVILLE,JEFFERSON CO SO LOUISVILLE,County,KY,2022,0,166,13,179,10,34,44,176,47,223,
SC0372600,STATE TRANSPORT POLICE,STATE TRANSPORT POLICE,Other State Agency,SC,2022,0,1,0,1,1,0,1,2,0,2,
NY0333500,NORTH SYRACUSE VILLAGE PD NORTH SYRACUSE,NORTH SYRACUSE VILLAGE PD NORTH SYRACUSE,City,NY,2022,6676,12,0,12,0,1,1,12,1,13,1.95
NY155WN00,BD OF WATER: ULSTER CNTY,BD OF WATER: ULSTER CNTY,Other,NY,2022,0,182,20,202,23,11,34,205,31,236,
NC0280200,MANTEO PD,MANTEO PD,City,NC,2022,1647,9,0,9,0,1,1,9,1,10,6.07
KY0220200,OLIVE HILL PD,OLIVE HILL PD,City,KY,2022,1560,6,0,6,0,0,0,6,0,6,3.85
PA0111300,PATTON PD,PATTON PD,City,PA,2022,1695,2,0,2,0,0,0,2,0,2,1.18
NB0040000,BANNER CO SO HARRISBURG,BANNER CO SO HARRISBURG,County,NB,2022,702,2,0,2,0,0,0,2,0,2,2.85
WY0200000,TETON CO SO JACKSON,TETON CO SO JACKSON,County,WY,2022,12912,29,16,45,2,22,24,31,38,69,5.34
SC0390300,EASLEY PD,EASLEY PD,City,SC,2022,23786,46,2,48,7,9,16,53,11,64,2.69
MT0110000,DAWSON CO SO GLENDIVE,DAWSON CO SO GLENDIVE,County,MT,2022,4026,17,2,19,12,16,28,29,18,47,11.67
KY1080100,TAYLORSVILLE PD,TAYLORSVILLE PD,City,KY,2022,1287,5,0,5,0,0,0,5,0,5,3.89
KY0110100,CITY OF DANVILLE DPS DIVISION OF POLICE,CITY OF DANVILLE DPS DIVISION OF POLICE,City,KY,2022,17323,32,0,32,5,2,7,37,2,39,2.25
KS0590400,WATERVILLE PD,WATERVILLE PD,City,KS,2022,655,1,0,1,0,0,0,1,0,1,1.53
PA0041800,CENTER TOWNSHIP POLICE DEPT ALIQUIPPA,CENTER TOWNSHIP POLICE DEPT ALIQUIPPA,City,PA,2022,11589,18,0,18,1,1,2,19,1,20,1.73
WA0174800,COVINGTON POLICE DEPARTMENT,COVINGTON POLICE DEPARTMENT,City,WA,2022,20686,13,2,15,3,4,7,16,6,22,1.06
MI4620300,ADRIAN TOWNSHIP POLICE DEPARTMENT,ADRIAN TOWNSHIP POLICE DEPARTMENT,City,MI,2022,6325,3,0,3,0,0,0,3,0,3,0.47
IN0200000,ELKHART CO SO GOSHEN,ELKHART CO SO GOSHEN,County,IN,2022,110222,65,59,124,5,49,54,70,108,178,1.61
PA0062100,WEST READING PD,WEST READING PD,City,PA,2022,4512,13,1,14,1,1,2,14,2,16,3.55
NY0450000,SARATOGA CO SHERIFF'S DEPARTMENT BALLSTON SPA,SARATOGA CO SHERIFF'S DEPARTMENT BALLSTON SPA,County,NY,2022,182745,143,28,171,13,25,38,156,53,209,1.14
NH0011600,MEREDITH PD,MEREDITH PD,City,NH,2022,6786,12,4,16,1,0,1,13,4,17,2.51
AR0270100,SHERIDAN PD,SHERIDAN PD,City,AR,2022,5073,15,5,20,2,8,10,17,13,30,5.91
WI0137000,FITCHBURG POLICE DEPARTMENT,FITCHBURG POLICE DEPARTMENT,City,WI,2022,31796,38,2,40,7,7,14,45,9,54,1.70
MO0261300,DIV ALCOHOL & TBCC CNTRL,DIV ALCOHOL & TBCC CNTRL,Other State Agency,MO,2022,0,21,2,23,4,12,16,25,14,39,
IA0740100,EMMETSBURG PD,EMMETSBURG PD,City,IA,2022,3612,6,0,6,0,1,1,6,1,7,1.94
PA0401600,AVOCA POLICE DEPARTMENT AVOCA,AVOCA POLICE DEPARTMENT AVOCA,City,PA,2022,2516,3,0,3,0,0,0,3,0,3,1.19
PAUNI360X,,,University or College,PA,2022,0,15,5,20,1,1,2,16,6,22,
OK0721000,OWASSO,OWASSO,City,OK,2022,38998,57,4,61,7,15,22,64,19,83,2.13
AR0160200,CARAWAY PD,CARAWAY PD,City,AR,2022,1106,3,0,3,0,0,0,3,0,3,2.71
OK0410100,CHANDLER,CHANDLER,City,OK,2022,2913,6,3,9,1,2,3,7,5,12,4.12
IL0492700,BANNOCKBURN PD,BANNOCKBURN PD,City,IL,2022,1000,8,0,8,0,0,0,8,0,8,8.00
UT0060300,LAYTON PD,LAYTON PD,City,UT,2022,84636,80,9,89,4,18,22,84,27,111,1.31
NY0223800,CARTHAGE VILLAGE PD CARTHAGE,CARTHAGE VILLAGE PD CARTHAGE,City,NY,2022,3328,4,0,4,0,0,0,4,0,4,1.20
SC0190300,TRENTON PD,TRENTON PD,City,SC,2022,206,1,0,1,0,0,0,1,0,1,4.85
ID0350000,NEZ PERCE CO SO LEWISTON,NEZ PERCE CO SO LEWISTON,County,ID,2022,7744,22,32,54,2,16,18,24,48,72,9.30
NB0220300,EMERSON POLICE DEPARTMENT,EMERSON POLICE DEPARTMENT,City,NB,2022,814,1,0,1,0,0,0,1,0,1,1.23
KY1140300,SMITHS GROVE PD,SMITHS GROVE PD,City,KY,2022,779,2,0,2,0,0,0,2,0,2,2.57
NDDI00300,BU IND AFF LAW ENF FT YATES AGENCY FORT YATES,BU IND AFF LAW ENF FT YATES AGENCY FORT YATES,Tribal,ND,2022,0,12,6,18,1,13,14,13,19,32,
MO0957500,VELDA CITY,VELDA CITY,City,MO,2022,1165,6,0,6,0,0,0,6,0,6,5.15
VA1060000,COVINGTON PD,COVINGTON PD,City,VA,2022,5733,13,1,14,2,8,10,15,9,24,4.19
ME0050300,BUCKSPORT PD,BUCKSPORT PD,City,ME,2022,5080,9,1,10,1,3,4,10,4,14,2.76
OK0660600,INOLA,INOLA,City,OK,2022,1884,3,0,3,2,1,3,5,1,6,3.18
GA0210100,METTER PD,METTER PD,City,GA,2022,4001,12,0,12,1,0,1,13,0,13,3.25
VA0820400,ELKTON PD,ELKTON PD,City,VA,2022,3008,7,0,7,0,1,1,7,1,8,2.66
NY0335100,CICERO TOWN PD CICERO,CICERO TOWN PD CICERO,City,NY,2022,29252,17,0,17,1,1,2,18,1,19,0.65
MT0180000,GLACIER CO SO CUT BANK,GLACIER CO SO CUT BANK,County,MT,2022,10770,12,5,17,0,7,7,12,12,24,2.23
CA0301200,LA HABRA PD,LA HABRA PD,City,CA,2022,62082,61,7,68,9,22,31,70,29,99,1.59
WI0140400,JUNEAU PD,JUNEAU PD,City,WI,2022,2656,4,0,4,0,1,1,4,1,5,1.88
WV0200500,ST ALBANS PD,ST ALBANS PD,City,WV,2022,10463,22,1,23,3,2,5,25,3,28,2.68
TX0450100,COLUMBUS PD,COLUMBUS PD,City,TX,2022,3598,9,0,9,2,1,3,11,1,12,3.34
IL0450800,HAMPSHIRE PD,HAMPSHIRE PD,City,IL,2022,7881,12,0,12,1,1,2,13,1,14,1.78
SD0640100,MOBRIDGE PD,MOBRIDGE PD,City,SD,2022,3154,7,1,8,0,5,5,7,6,13,4.12
KY0080200,FLORENCE PD,FLORENCE PD,City,KY,2022,32341,64,0,64,6,3,9,70,3,73,2.26
GA0840100,GRAY PD,GRAY PD,City,GA,2022,3406,15,0,15,0,0,0,15,0,15,4.40
WI0100300,NEILLSVILLE PD,NEILLSVILLE PD,City,WI,2022,2348,7,6,13,0,1,1,7,7,14,5.96
OK0110500,HULBERT,HULBERT,City,OK,2022,516,3,0,3,0,0,0,3,0,3,5.81
FL0130200,CORAL GABLES PD,CORAL GABLES PD,City,FL,2022,47525,156,21,177,36,56,92,192,77,269,5.66
FL0372200,TALLAHASSEE COMMUNITY COLLEGE PD,TALLAHASSEE COMMUNITY COLLEGE PD,University or College,FL,2022,0,6,6,12,3,1,4,9,7,16,
WI0110900,,,City,WI,2022,1125,2,0,2,0,0,0,2,0,2,1.78
GA0670500,DULUTH PD,DULUTH PD,City,GA,2022,31836,49,5,54,5,14,19,54,19,73,2.29
IL016G000,,,Other State Agency,IL,2022,0,6,20,26,0,2,2,6,22,28,
MI0364100,OTSEGO PD,OTSEGO PD,City,MI,2022,4074,6,0,6,1,1,2,7,1,8,1.96
CA0010900,OAKLAND PD,OAKLAND PD,City,CA,2022,428374,595,71,666,105,183,288,700,254,954,2.23
KS0540200,PLEASANTON PD,PLEASANTON PD,City,KS,2022,1244,3,0,3,0,0,0,3,0,3,2.41
TX2120400,TYLER PD,TYLER PD,City,TX,2022,108422,178,11,189,15,38,53,193,49,242,2.23
WVWSP4300,STATE POLICE ROMNEY,STATE POLICE ROMNEY,State Police,WV,2022,0,5,5,10,0,7,7,5,12,17,
NY0147200,TONAWANDA TOWN PD TONAWANDA,TONAWANDA TOWN PD TONAWANDA,City,NY,2022,56698,88,25,113,11,19,30,99,44,143,2.52
OR0100700,WINSTON,WINSTON,City,OR,2022,5701,11,1,12,1,0,1,12,1,13,2.28
WV0201400,CLENDENIN PD,CLENDENIN PD,City,WV,2022,849,4,0,4,0,0,0,4,0,4,4.71
VA0370000,GOOCHLAND CO SO GOOCHLAND,GOOCHLAND CO SO GOOCHLAND,County,VA,2022,26257,45,3,48,4,14,18,49,17,66,2.51
TX1083200,SULLIVAN CITY POLICE DEPARTMENT,SULLIVAN CITY POLICE DEPARTMENT,City,TX,2022,3896,8,5,13,2,1,3,10,6,16,4.11
OK0570200,FAIRFAX,FAIRFAX,City,OK,2022,1109,1,0,1,0,2,2,1,2,3,2.71
FL0380000,LEVY CO SO BRONSON,LEVY CO SO BRONSON,County,FL,2022,39563,91,7,98,20,30,50,111,37,148,3.74
IL0450200,BATAVIA PD,BATAVIA PD,City,IL,2022,26088,37,2,39,4,10,14,41,12,53,2.03
MI6216200,NEWAYGO CO SO WHITE CLOUD,NEWAYGO CO SO WHITE CLOUD,County,MI,2022,40784,27,33,60,1,11,12,28,44,72,1.77
CA0340H00,ELK GROVE POLICE DEPARTMENT,ELK GROVE POLICE DEPARTMENT,City,CA,2022,180372,111,19,130,24,76,100,135,95,230,1.28
OR0341600,,,Other,OR,2022,0,0,0,0,1,0,1,1,0,1,
OK0240600,,,City,OK,2022,460,1,0,1,0,0,0,1,0,1,2.17
TX0613200,PONDER POLICE DEPARTMENT PONDER,PONDER POLICE DEPARTMENT PONDER,City,TX,2022,2417,5,0,5,1,1,2,6,1,7,2.90
NH0100400,CHARLESTOWN PD,CHARLESTOWN PD,City,NH,2022,4950,3,0,3,2,4,6,5,4,9,1.82
IL0090000,CASS CO SO VIRGINIA,CASS CO SO VIRGINIA,County,IL,2022,4209,9,0,9,0,1,1,9,1,10,2.38
LA0460000,ST HELENA CO SO GREENSBURG,ST HELENA CO SO GREENSBURG,County,LA,2022,10078,25,2,27,19,0,19,44,2,46,4.56
NC0230000,CLEVELAND COUNTY SHERIFF,CLEVELAND COUNTY SHERIFF,County,NC,2022,64472,105,34,139,11,48,59,116,82,198,3.07
FL0132400,GOLDEN BEACH PD,GOLDEN BEACH PD,City,FL,2022,935,18,4,22,2,1,3,20,5,25,26.74
NV0040200,CARLIN PD,CARLIN PD,City,NV,2022,2048,5,0,5,0,2,2,5,2,7,3.42
TN0710300,MONTEREY PD,MONTEREY PD,City,TN,2022,2750,10,0,10,0,1,1,10,1,11,4.00
TX1551200,WACO PD,WACO PD,City,TX,2022,140911,217,20,237,37,69,106,254,89,343,2.43
CO0190100,VAIL,VAIL,City,CO,2022,4657,26,14,40,5,17,22,31,31,62,13.31
SC037SP00,HP: OCONEE COUNTY,HP: OCONEE COUNTY,State Police,SC,2022,0,20,0,20,1,0,1,21,0,21,
TN0420000,HOUSTON CO SO ERIN,HOUSTON CO SO ERIN,County,TN,2022,7163,7,12,19,1,4,5,8,16,24,3.35
IN0370300,,,City,IN,2022,1307,2,0,2,0,0,0,2,0,2,1.53
TN0050200,MARYVILLE PD,MARYVILLE PD,City,TN,2022,32717,54,2,56,5,3,8,59,5,64,1.96
NY0294100,KENSINGTON VILLAGE PD GREAT NECK,KENSINGTON VILLAGE PD GREAT NECK,City,NY,2022,1221,6,0,6,0,0,0,6,0,6,4.91
TX1520400,SLATON PD,SLATON PD,City,TX,2022,5752,9,1,10,1,2,3,10,3,13,2.26
AR0180200,EARLE PD,EARLE PD,City,AR,2022,1758,3,0,3,0,0,0,3,0,3,1.71
PA0530100,COUDERSPORT PD,COUDERSPORT PD,City,PA,2022,2336,3,0,3,0,0,0,3,0,3,1.28
AR0550200,GLENWOOD PD,GLENWOOD PD,City,AR,2022,2016,4,0,4,0,0,0,4,0,4,1.98
WVWSP2500,STATE POLICE MARLINTON,STATE POLICE MARLINTON,State Police,WV,2022,0,5,0,5,0,1,1,5,1,6,
AR0430000,LONOKE CO SO LONOKE,LONOKE CO SO LONOKE,County,AR,2022,29083,30,17,47,7,17,24,37,34,71,2.44
MT0450400,PLAINS PD,PLAINS PD,City,MT,2022,1203,3,0,3,0,0,0,3,0,3,2.49
NC0900300,WAXHAW PD,WAXHAW PD,City,NC,2022,22613,28,0,28,2,2,4,30,2,32,1.42
KS0150100,CONCORDIA PD,CONCORDIA PD,City,KS,2022,5002,5,2,7,0,3,3,5,5,10,2.00
AZ0131100,PRESCOTT VALLEY PD PRESCOTT VALLEY,PRESCOTT VALLEY PD PRESCOTT VALLEY,City,AZ,2022,49422,72,8,80,9,19,28,81,27,108,2.19
NH0080000,SO ROCKINGHAM COUNTY BRENTWOOD,SO ROCKINGHAM COUNTY BRENTWOOD,County,NH,2022,0,20,9,29,3,12,15,23,21,44,
AR0040900,CAVE SPRINGS POLICE DEPARTMENT CAVE SPRINGS,CAVE SPRINGS POLICE DEPARTMENT CAVE SPRINGS,City,AR,2022,6218,11,0,11,1,0,1,12,0,12,1.93
VA0870000,SOUTHAMPTON CO SO COURTLAND,SOUTHAMPTON CO SO COURTLAND,County,VA,2022,18126,58,0,58,18,13,31,76,13,89,4.91
CA0570100,DAVIS PD,DAVIS PD,City,CA,2022,66939,45,6,51,7,22,29,52,28,80,1.20
NH0010400,BARNSTEAD PD,BARNSTEAD PD,City,NH,2022,5024,4,0,4,2,1,3,6,1,7,1.39
AL0370100,ABBEVILLE PD,ABBEVILLE PD,City,AL,2022,2390,7,0,7,1,1,2,8,1,9,3.77
GA0445400,,,University or College,GA,2022,0,6,0,6,2,1,3,8,1,9,
MN0790200,PLAINVIEW PD,PLAINVIEW PD,City,MN,2022,3509,6,0,6,2,1,3,8,1,9,2.56
PA0370300,SHENANGO TWP PD NEW CASTLE,SHENANGO TWP PD NEW CASTLE,City,PA,2022,7079,9,0,9,0,0,0,9,0,9,1.27
VA0690300,STANLEY PD,STANLEY PD,City,VA,2022,1721,4,0,4,1,0,1,5,0,5,2.91
WA0174100,BURIEN POLICE DEPARTMENT,BURIEN POLICE DEPARTMENT,City,WA,2022,50159,40,7,47,6,16,22,46,23,69,1.38
NC0420200,ROANOKE RAPIDS PD,ROANOKE RAPIDS PD,City,NC,2022,15025,28,1,29,4,3,7,32,4,36,2.40
MO0580300,MARCELINE,MARCELINE,City,MO,2022,2124,7,0,7,1,1,2,8,1,9,4.24
FL0131900,SOUTH MIAMI PD,SOUTH MIAMI PD,City,FL,2022,11597,39,0,39,7,5,12,46,5,51,4.40
PA0463100,WEST NORRITON TWP PD NORRISTOWN,WEST NORRITON TWP PD NORRISTOWN,City,PA,2022,16392,25,1,26,2,2,4,27,3,30,1.83
MI3759900,MOUNT PLEASANT PD,MOUNT PLEASANT PD,City,MI,2022,21363,25,0,25,2,7,9,27,7,34,1.59
MI1126800,BRIDGMAN PD,BRIDGMAN PD,City,MI,2022,2062,5,0,5,0,0,0,5,0,5,2.42
GA1210800,CITY OF BLYTHE POLICE DEPARTMENT BLYTHE,CITY OF BLYTHE POLICE DEPARTMENT BLYTHE,City,GA,2022,747,3,0,3,0,0,0,3,0,3,4.02
NY259UN00,SUNY COLLEGE: PURCHASE,SUNY COLLEGE: PURCHASE,University or College,NY,2022,0,21,5,26,3,3,6,24,8,32,
MD0170200,BLADENSBURG PD,BLADENSBURG PD,City,MD,2022,9419,22,3,25,2,10,12,24,13,37,3.93
OH029159E,WILBERFORCE UNIVERSITY POLICE DEPARTMENT,WILBERFORCE UNIVERSITY POLICE DEPARTMENT,University or College,OH,2022,0,6,2,8,2,3,5,8,5,13,
MA014649E,WORCESTER POLYTECHNIC INSTITUTE CAMPUS POLICE,WORCESTER POLYTECHNIC INSTITUTE CAMPUS POLICE,University or College,MA,2022,0,17,4,21,3,2,5,20,6,26,
AL0611200,MUNFORD,MUNFORD,City,AL,2022,1323,1,0,1,0,0,0,1,0,1,0.76
CO0390400,DE BEQUE,DE BEQUE,City,CO,2022,485,4,0,4,0,0,0,4,0,4,8.25
VA1110400,HAMPTON UNIVERSITY,HAMPTON UNIVERSITY,University or College,VA,2022,0,9,12,21,2,12,14,11,24,35,
FL0502100,MANALAPAN POLICE DEPARTMENT,MANALAPAN POLICE DEPARTMENT,City,FL,2022,415,10,0,10,1,0,1,11,0,11,26.51
WI0650500,WHITEWATER PD,WHITEWATER PD,City,WI,2022,14327,21,24,45,2,10,12,23,34,57,3.98
OH0220800,MILAN,MILAN,City,OH,2022,1363,2,0,2,1,0,1,3,0,3,2.20
NC0740100,AYDEN PD,AYDEN PD,City,NC,2022,5068,16,1,17,1,3,4,17,4,21,4.14
NY229UN00,SUNY COL: OLD WESTBURY,SUNY COL: OLD WESTBURY,University or College,NY,2022,0,14,2,16,6,2,8,20,4,24,
NH0070800,BOW PD,BOW PD,City,NH,2022,8429,11,0,11,1,1,2,12,1,13,1.54
TX0300100,BAIRD PD,BAIRD PD,City,TX,2022,1529,4,0,4,0,0,0,4,0,4,2.62
OR0070100,PRINEVILLE,PRINEVILLE,City,OR,2022,11586,22,0,22,1,11,12,23,11,34,2.93
NJ0050000,CAPE MAY CO SHERIFFS OFF CAPE MAY COURT HOUSE,CAPE MAY CO SHERIFFS OFF CAPE MAY COURT HOUSE,County,NJ,2022,0,114,12,126,21,23,44,135,35,170,
ID0180100,OROFINO PD,OROFINO PD,City,ID,2022,3310,3,0,3,1,1,2,4,1,5,1.51
NJ0101500,HOLLAND TWP PD MILFORD,HOLLAND TWP PD MILFORD,City,NJ,2022,5233,8,0,8,1,1,2,9,1,10,1.91
OH0251200,WORTHINGTON,WORTHINGTON,City,OH,2022,14346,25,0,25,6,3,9,31,3,34,2.37
WI0141900,THERESA PD,THERESA PD,City,WI,2022,1255,2,0,2,0,0,0,2,0,2,1.59
TX2200500,BLUE MOUND PD FORT WORTH,BLUE MOUND PD FORT WORTH,City,TX,2022,2325,5,0,5,1,1,2,6,1,7,3.01
IA0550000,KOSSUTH CO SO ALGONA,KOSSUTH CO SO ALGONA,County,IA,2022,9031,9,5,14,1,10,11,10,15,25,2.77
WI0200000,FOND DU LAC CO SO FOND DU LAC,FOND DU LAC CO SO FOND DU LAC,County,WI,2022,36548,60,30,90,4,34,38,64,64,128,3.50
NJ0122400,SPOTSWOOD PD,SPOTSWOOD PD,City,NJ,2022,8041,24,3,27,1,1,2,25,4,29,3.61
GA1110200,BYRON PD,BYRON PD,City,GA,2022,5953,21,0,21,2,2,4,23,2,25,4.20
TX1760100,,,City,TX,2022,1997,4,0,4,0,0,0,4,0,4,2.00
SC0380100,ORANGEBURG DEPARTMENT OF PUBLIC SAFETY,ORANGEBURG DEPARTMENT OF PUBLIC SAFETY,City,SC,2022,12307,34,22,56,11,17,28,45,39,84,6.83
NC0060000,AVERY CO SO NEWLAND,AVERY CO SO NEWLAND,County,NC,2022,15235,25,14,39,1,9,10,26,23,49,3.22
SC006SP00,HP: BARNWELL COUNTY,HP: BARNWELL COUNTY,State Police,SC,2022,0,11,0,11,0,0,0,11,0,11,
AL0630000,TUSCALOOSA CO SO TUSCALOOSA,TUSCALOOSA CO SO TUSCALOOSA,County,AL,2022,84185,98,54,152,8,67,75,106,121,227,2.70
TX2200000,TARRANT CO SO FORT WORTH,TARRANT CO SO FORT WORTH,County,TX,2022,70313,320,593,913,50,428,478,370,1021,1391,19.78
OKDI06200,SEMINOLE NATN LIGHTHORSE,SEMINOLE NATN LIGHTHORSE,Tribal,OK,2022,0,8,0,8,2,2,4,10,2,12,
TX1021300,HALLSVILLE ISD POLICE DEPARTMENT,HALLSVILLE ISD POLICE DEPARTMENT,Other,TX,2022,0,8,3,11,0,0,0,8,3,11,
WV0020100,MARTINSBURG PD,MARTINSBURG PD,City,WV,2022,18911,39,1,40,1,10,11,40,11,51,2.70
NM0090300,SANTA CLARA PD,SANTA CLARA PD,City,NM,2022,1588,3,0,3,0,2,2,3,2,5,3.15
TN0730300,OLIVER SPRINGS PD,OLIVER SPRINGS PD,City,TN,2022,3305,11,1,12,1,4,5,12,5,17,5.14
TX0841000,UNIVERSITY OF TEXAS MEDICAL BRANCH PD,UNIVERSITY OF TEXAS MEDICAL BRANCH PD,University or College,TX,2022,0,59,32,91,16,27,43,75,59,134,
OK0310100,STIGLER,STIGLER,City,OK,2022,2699,6,0,6,1,4,5,7,4,11,4.08
CO0010200,BRIGHTON,BRIGHTON,City,CO,2022,41205,59,8,67,10,29,39,69,37,106,2.57
LA0310600,GRAMBLING STATE UNIV GRAMBLING,GRAMBLING STATE UNIV GRAMBLING,University or College,LA,2022,0,12,1,13,2,8,10,14,9,23,
MI8239700,FLAT ROCK PD,FLAT ROCK PD,City,MI,2022,10369,19,1,20,0,1,1,19,2,21,2.03
IL0650200,ATHENS PD,ATHENS PD,City,IL,2022,1923,5,0,5,1,0,1,6,0,6,3.12
WV0100000,FAYETTE CO SO FAYETTEVILLE,FAYETTE CO SO FAYETTEVILLE,County,WV,2022,25164,30,1,31,4,6,10,34,7,41,1.63
GA0740100,FRANKLIN PD,FRANKLIN PD,City,GA,2022,926,6,0,6,2,0,2,8,0,8,8.64
NC0160600,EMERALD ISLE POLICE DEPARTMENT,EMERALD ISLE POLICE DEPARTMENT,City,NC,2022,3940,19,2,21,1,0,1,20,2,22,5.58
OR0220000,LINN,LINN,County,OR,2022,53212,109,14,123,16,36,52,125,50,175,3.29
VT0111000,PITTSFORD,PITTSFORD,City,VT,2022,2879,1,0,1,0,0,0,1,0,1,0.35
LA0250000,JACKSON CO SO JONESBORO,JACKSON CO SO JONESBORO,County,LA,2022,9941,50,0,50,30,0,30,80,0,80,8.05
WV0390400,MASONTOWN PD,MASONTOWN PD,City,WV,2022,534,1,0,1,0,1,1,1,1,2,3.75
NJ0122100,SOUTH BRUNSWICK TWP POLICE DEPARTMENT,SOUTH BRUNSWICK TWP POLICE DEPARTMENT,City,NJ,2022,46442,80,8,88,7,16,23,87,24,111,2.39
MO0850500,WAYNESVILLE,WAYNESVILLE,City,MO,2022,5419,11,1,12,0,0,0,11,1,12,2.21
TX0153200,SAN ANTONIO INDEPENDENT SCHOOL DISTRICT PD,SAN ANTONIO INDEPENDENT SCHOOL DISTRICT PD,Other,TX,2022,0,47,1,48,12,7,19,59,8,67,
WI0680300,MENOMONEE FALLS PD,MENOMONEE FALLS PD,City,WI,2022,39312,60,2,62,1,11,12,61,13,74,1.88
WI0660000,WASHBURN CO SO SHELL LAKE,WASHBURN CO SO SHELL LAKE,County,WI,2022,13987,16,10,26,2,7,9,18,17,35,2.50
TN0410000,HICKMAN CO SO CENTERVILLE,HICKMAN CO SO CENTERVILLE,County,TN,2022,22179,26,10,36,2,11,13,28,21,49,2.21
PA0093600,WARWICK TWP PD JAMISON,WARWICK TWP PD JAMISON,City,PA,2022,14859,15,0,15,3,1,4,18,1,19,1.28
MS0550200,POPLARVILLE PD,POPLARVILLE PD,City,MS,2022,2808,9,0,9,0,0,0,9,0,9,3.21
IL0223700,COLLEGE OF DUPAGE PD GLEN ELLYN,COLLEGE OF DUPAGE PD GLEN ELLYN,University or College,IL,2022,0,17,2,19,0,3,3,17,5,22,
MD0130000,HARFORD CO SO BEL AIR,HARFORD CO SO BEL AIR,County,MD,2022,221993,308,28,336,28,69,97,336,97,433,1.95
GA1080000,OCONEE CO SO WATKINSVILLE,OCONEE CO SO WATKINSVILLE,County,GA,2022,44201,53,12,65,9,22,31,62,34,96,2.17
PA0364800,WEST EARL TWP PD TALMAGE,WEST EARL TWP PD TALMAGE,City,PA,2022,12609,10,0,10,2,1,3,12,1,13,1.03
ND0350100,RUGBY PD,RUGBY PD,City,ND,2022,2505,3,0,3,0,0,0,3,0,3,1.20
IN0410500,PRINCES LAKE PD NINEVEH,PRINCES LAKE PD NINEVEH,City,IN,2022,1372,3,0,3,0,0,0,3,0,3,2.19
PA0023300,HAMPTON TWP PD ALLISON PARK,HAMPTON TWP PD ALLISON PARK,City,PA,2022,18105,18,0,18,2,2,4,20,2,22,1.22
VA0580000,MECKLENBURG CO SO BOYDTON,MECKLENBURG CO SO BOYDTON,County,VA,2022,21642,49,0,49,0,2,2,49,2,51,2.36
MS0360200,UNIVERSITY OF MISSISSIPPI CAMPUS PD OXFORD,UNIVERSITY OF MISSISSIPPI CAMPUS PD OXFORD,University or College,MS,2022,0,26,9,35,5,6,11,31,15,46,
TX2490100,BRIDGEPORT PD,BRIDGEPORT PD,City,TX,2022,6186,14,4,18,3,7,10,17,11,28,4.53
NJ0030500,BURLINGTON PD,BURLINGTON PD,City,NJ,2022,10202,31,1,32,3,4,7,34,5,39,3.82
TN0320200,WALTERS ST COMM COLLEGE CAMPUS POLICE,WALTERS ST COMM COLLEGE CAMPUS POLICE,University or College,TN,2022,0,9,0,9,1,1,2,10,1,11,
TX0151300,TERRELL HILLS PD SAN ANTONIO,TERRELL HILLS PD SAN ANTONIO,City,TX,2022,5036,12,0,12,2,0,2,14,0,14,2.78
TX0150600,,,City,TX,2022,2202,6,0,6,0,1,1,6,1,7,3.18
AR0610100,POCAHONTAS PD,POCAHONTAS PD,City,AR,2022,7657,16,0,16,1,1,2,17,1,18,2.35
TN0030100,CAMDEN PD,CAMDEN PD,City,TN,2022,3711,11,2,13,2,4,6,13,6,19,5.12
NC0560200,OLD FORT PD,OLD FORT PD,City,NC,2022,817,3,0,3,0,0,0,3,0,3,3.67
AL0670300,ADDISON PD,ADDISON PD,City,AL,2022,672,4,0,4,0,0,0,4,0,4,5.95
PA0481900,NORTH CATASAUQUA PD CATASAUQUA,NORTH CATASAUQUA PD CATASAUQUA,City,PA,2022,2950,7,0,7,0,0,0,7,0,7,2.37
PA0544300,WEST PENN TWP PD NEW RINGGOLD,WEST PENN TWP PD NEW RINGGOLD,City,PA,2022,4458,2,0,2,0,1,1,2,1,3,0.67
TX2430700,MIDWESTERN UNIV PD WICHITA FALLS,MIDWESTERN UNIV PD WICHITA FALLS,University or College,TX,2022,0,9,0,9,1,5,6,10,5,15,
PA0210300,EAST PENNSBORO TOWNSHIP POLICE DEPARTMENT ENOLA,EAST PENNSBORO TOWNSHIP POLICE DEPARTMENT ENOLA,City,PA,2022,21146,21,0,21,2,1,3,23,1,24,1.13
MA0146200,FITCHBURG ST COLL CAMPUS POLICE FITCHBURG,FITCHBURG ST COLL CAMPUS POLICE FITCHBURG,University or College,MA,2022,0,14,1,15,4,4,8,18,5,23,
KS0960000,SUMNER CO SO WELLINGTON,SUMNER CO SO WELLINGTON,County,KS,2022,8716,21,3,24,6,5,11,27,8,35,4.02
OH0020100,BLUFFTON,BLUFFTON,City,OH,2022,4256,6,0,6,3,0,3,9,0,9,2.11
MI6326100,BLOOMFIELD HILLS PD,BLOOMFIELD HILLS PD,City,MI,2022,4420,22,4,26,2,0,2,24,4,28,6.33
AL0600300,CUBA PD,CUBA PD,City,AL,2022,301,3,0,3,0,0,0,3,0,3,9.97
MI7833500,CORUNNA PD,CORUNNA PD,City,MI,2022,3051,2,0,2,1,0,1,3,0,3,0.98
MS0370200,,,City,MS,2022,1655,7,0,7,0,1,1,7,1,8,4.83
OK0511700,,,City,OK,2022,340,5,0,5,0,0,0,5,0,5,14.71
TN0520100,FAYETTEVILLE PD,FAYETTEVILLE PD,City,TN,2022,6942,26,0,26,0,2,2,26,2,28,4.03
MO0690200,MONROE CITY,MONROE CITY,City,MO,2022,2681,8,0,8,0,1,1,8,1,9,3.36
FL0350200,LEESBURG PD,LEESBURG PD,City,FL,2022,28610,58,3,61,6,23,29,64,26,90,3.15
VA0750700,TOWN SERGEANTS OFFICE OCCOQUAN,TOWN SERGEANTS OFFICE OCCOQUAN,City,VA,2022,1041,4,0,4,0,0,0,4,0,4,3.84
VA0770100,PULASKI PD,PULASKI PD,City,VA,2022,8944,18,0,18,7,4,11,25,4,29,3.24
OR012SP00,SP: GRANT COUNTY,SP: GRANT COUNTY,State Police,OR,2022,0,8,0,8,0,0,0,8,0,8,
ME0080100,BOOTHBAY HARBOR PD,BOOTHBAY HARBOR PD,City,ME,2022,2090,4,0,4,1,1,2,5,1,6,2.87
MT0240000,LAKE CO SO POLSON,LAKE CO SO POLSON,County,MT,2022,24273,19,20,39,3,4,7,22,24,46,1.90
NB0130100,PLATTSMOUTH PD,PLATTSMOUTH PD,City,NB,2022,6710,13,0,13,1,3,4,14,3,17,2.53
WI0060000,BUFFALO CO SO ALMA,BUFFALO CO SO ALMA,County,WI,2022,10473,10,6,16,2,6,8,12,12,24,2.29
OR0040100,ASTORIA,ASTORIA,City,OR,2022,10448,15,1,16,2,7,9,17,8,25,2.39
MI2445700,HARBOR SPRINGS PD,HARBOR SPRINGS PD,City,MI,2022,1289,7,1,8,0,1,1,7,2,9,6.98
CA0360700,ONTARIO PD,ONTARIO PD,City,CA,2022,180004,254,16,270,24,66,90,278,82,360,2.00
PA0483200,UPPER NAZARETH TOWNSHIP PD NAZARETH,UPPER NAZARETH TOWNSHIP PD NAZARETH,City,PA,2022,8282,10,0,10,1,1,2,11,1,12,1.45
SC028NR00,DNR: KERSHAW COUNTY,DNR: KERSHAW COUNTY,Other State Agency,SC,2022,0,3,0,3,0,0,0,3,0,3,
TN0791000,MEMPHIS-SHELBY CO AIRPORT AUTH PD MEMPHIS,MEMPHIS-SHELBY CO AIRPORT AUTH PD MEMPHIS,Other,TN,2022,0,41,0,41,5,13,18,46,13,59,
WA0172500,CLYDE HILL PD,CLYDE HILL PD,City,WA,2022,3083,8,0,8,1,1,2,9,1,10,3.24
PA0460600,COLLEGEVILLE PD,COLLEGEVILLE PD,City,PA,2022,4981,8,0,8,0,0,0,8,0,8,1.61
TN0130100,NEW TAZEWELL PD,NEW TAZEWELL PD,City,TN,2022,2802,10,0,10,0,0,0,10,0,10,3.57
IL0560500,HARVARD PD,HARVARD PD,City,IL,2022,9461,15,1,16,2,1,3,17,2,19,2.01
MN0400600,,,City,MN,2022,769,1,0,1,0,0,0,1,0,1,1.30
IL0451400,SAINT CHARLES PD,SAINT CHARLES PD,City,IL,2022,32973,53,4,57,6,12,18,59,16,75,2.27
MS0160000,COVINGTON CO SO COLLINS,COVINGTON CO SO COLLINS,County,MS,2022,14811,16,0,16,0,2,2,16,2,18,1.22
OK0480100,MADILL,MADILL,City,OK,2022,4031,10,0,10,1,0,1,11,0,11,2.73
TX1810300,PINEHURST PD ORANGE,PINEHURST PD ORANGE,City,TX,2022,2209,4,0,4,1,2,3,5,2,7,3.17
MA0060300,BUCKLAND PD,BUCKLAND PD,City,MA,2022,1815,2,0,2,0,0,0,2,0,2,1.10
AL0520600,SOMERVILLE PD,SOMERVILLE PD,City,AL,2022,802,2,0,2,0,0,0,2,0,2,2.49
OK0581200,WYANDOTTE,WYANDOTTE,City,OK,2022,497,9,0,9,0,1,1,9,1,10,20.12
NB0500000,KEARNEY CO SO MINDEN,KEARNEY CO SO MINDEN,County,NB,2022,3562,5,2,7,0,3,3,5,5,10,2.81
TX1012600,WEST UNIVERSITY PLACE POLICE DEPARTMENT,WEST UNIVERSITY PLACE POLICE DEPARTMENT,City,TX,2022,14524,19,2,21,6,6,12,25,8,33,2.27
MN0071000,MADISON LAKE,MADISON LAKE,City,MN,2022,1264,3,0,3,0,0,0,3,0,3,2.37
WAWSP0000,WASHINGTON STATE PATROL OLYMPIA,WASHINGTON STATE PATROL OLYMPIA,State Police,WA,2022,0,841,532,1373,89,589,678,930,1121,2051,
UT0250400,PAYSON CITY PD,PAYSON CITY PD,City,UT,2022,22989,20,0,20,2,3,5,22,3,25,1.09
MT0380000,POWDER RIVER CO SO BROADUS,POWDER RIVER CO SO BROADUS,County,MT,2022,1711,3,0,3,1,4,5,4,4,8,4.68
NY0597200,RYE BROOK VILLAGE PD RYE BROOK,RYE BROOK VILLAGE PD RYE BROOK,City,NY,2022,9863,24,0,24,0,1,1,24,1,25,2.53
MS0251900,BUREAU OF CAPITOL POLICE JACKSON,BUREAU OF CAPITOL POLICE JACKSON,Other State Agency,MS,2022,0,91,2,93,12,10,22,103,12,115,
UT0184300,,,Other State Agency,UT,2022,0,2,0,2,0,0,0,2,0,2,
OR0200300,FLORENCE,FLORENCE,City,OR,2022,9514,14,1,15,2,5,7,16,6,22,2.31
CO0348000,SOUTHWEST DRUG TASK FORC,SOUTHWEST DRUG TASK FORC,Other,CO,2022,0,5,0,5,2,1,3,7,1,8,
LA0270300,LAKE ARTHUR PD,LAKE ARTHUR PD,City,LA,2022,2648,6,0,6,3,1,4,9,1,10,3.78
CA0100400,FOWLER PD,FOWLER PD,City,CA,2022,7123,11,0,11,0,1,1,11,1,12,1.68
NJ0027000,WYCKOFF TWP PD WYCKOFF,WYCKOFF TWP PD WYCKOFF,City,NJ,2022,17544,25,0,25,1,1,2,26,1,27,1.54
OK0440000,MCCLAIN,MCCLAIN,County,OK,2022,16518,29,7,36,1,6,7,30,13,43,2.60
TX1830000,PANOLA CO SO CARTHAGE,PANOLA CO SO CARTHAGE,County,TX,2022,16226,25,11,36,9,17,26,34,28,62,3.82
NJ0131000,DEAL PD,DEAL PD,City,NJ,2022,892,18,3,21,0,1,1,18,4,22,24.66
GA0810000,JEFFERSON CO SO LOUISVILLE,JEFFERSON CO SO LOUISVILLE,County,GA,2022,8772,27,9,36,0,16,16,27,25,52,5.93
UT0180200,MURRAY PD,MURRAY PD,City,UT,2022,48884,73,3,76,5,11,16,78,14,92,1.88
TN0180300,TENNESSEE WILDLIFE RESOURCE AGENCY CROSSVILLE,TENNESSEE WILDLIFE RESOURCE AGENCY CROSSVILLE,Other State Agency,TN,2022,0,43,2,45,1,1,2,44,3,47,
TN0300700,,,City,TN,2022,2488,3,0,3,0,0,0,3,0,3,1.21
NJ0131100,EATONTOWN PD,EATONTOWN PD,City,NJ,2022,13607,35,6,41,3,6,9,38,12,50,3.67
CT0010400,NORWICH PD,NORWICH PD,City,CT,2022,40096,69,4,73,11,11,22,80,15,95,2.37
CA0330800,HEMET PD,HEMET PD,City,CA,2022,91046,60,9,69,5,23,28,65,32,97,1.07
NY230UN00,SUNY COLLEGE: OPTOMETRY,SUNY COLLEGE: OPTOMETRY,University or College,NY,2022,0,6,7,13,1,3,4,7,10,17,
SD0290100,MILLER PD,MILLER PD,City,SD,2022,1302,4,0,4,0,0,0,4,0,4,3.07
VA0680100,ORANGE PD,ORANGE PD,City,VA,2022,5254,11,0,11,3,2,5,14,2,16,3.05
MI7717700,SCHOOLCRAFT CO SO MANISTIQUE,SCHOOLCRAFT CO SO MANISTIQUE,County,MI,2022,5210,2,5,7,2,2,4,4,7,11,2.11
NBNSP0000,NEBRASKA STATE PATROL,NEBRASKA STATE PATROL,State Police,NB,2022,0,382,87,469,27,187,214,409,274,683,
OK0450100,BROKEN BOW,BROKEN BOW,City,OK,2022,4270,13,0,13,4,4,8,17,4,21,4.92
ND0310300,STANLEY PD,STANLEY PD,City,ND,2022,2327,5,0,5,0,0,0,5,0,5,2.15
TX0590100,HEREFORD PD,HEREFORD PD,City,TX,2022,14626,22,2,24,4,4,8,26,6,32,2.19
WI0590000,SHAWANO CO SO SHAWANO,SHAWANO CO SO SHAWANO,County,WI,2022,31347,34,18,52,4,36,40,38,54,92,2.93
MI1337900,EMMETT TWP PD BATTLE CREEK,EMMETT TWP PD BATTLE CREEK,City,MI,2022,11607,15,0,15,0,2,2,15,2,17,1.46
ME0010500,LISBON POLICE DEPARTMENT,LISBON POLICE DEPARTMENT,City,ME,2022,9660,14,3,17,2,3,5,16,6,22,2.28
WY0050200,GLENROCK PD,GLENROCK PD,City,WY,2022,2396,6,2,8,1,4,5,7,6,13,5.43
PA0044400,MARION TWP PD FOMBELL,MARION TWP PD FOMBELL,City,PA,2022,786,2,0,2,0,0,0,2,0,2,2.54
MO0160300,DELTA,DELTA,City,MO,2022,379,1,0,1,0,0,0,1,0,1,2.64
KY1000200,BURNSIDE PD,BURNSIDE PD,City,KY,2022,699,6,0,6,0,0,0,6,0,6,8.58
OR0260200,PORTLAND,PORTLAND,City,OR,2022,630129,651,116,767,140,134,274,791,250,1041,1.65
TN0270000,GIBSON CO SO TRENTON,GIBSON CO SO TRENTON,County,TN,2022,19871,41,20,61,3,21,24,44,41,85,4.28
TX1710000,MOORE CO SO DUMAS,MOORE CO SO DUMAS,County,TX,2022,2191,18,9,27,0,22,22,18,31,49,22.36
TX2050400,SINTON PD,SINTON PD,City,TX,2022,5602,6,0,6,4,2,6,10,2,12,2.14
OH0180700,BRATENAHL,BRATENAHL,City,OH,2022,1399,14,0,14,1,0,1,15,0,15,10.72
KS0800500,LITTLE RIVER PD,LITTLE RIVER PD,City,KS,2022,475,1,0,1,0,0,0,1,0,1,2.11
WA0312100,MILL CREEK PD,MILL CREEK PD,City,WA,2022,20925,19,1,20,4,4,8,23,5,28,1.34
WI0500100,STEVENS POINT PD,STEVENS POINT PD,City,WI,2022,25777,39,1,40,6,4,10,45,5,50,1.94
NJ0110000,MERCER CO SHERIFFS OFF TRENTON,MERCER CO SHERIFFS OFF TRENTON,County,NJ,2022,0,133,18,151,18,29,47,151,47,198,
SC0170100,DILLON PD,DILLON PD,City,SC,2022,6213,23,0,23,2,1,3,25,1,26,4.18
LA0080300,,,City,LA,2022,888,1,0,1,1,4,5,2,4,6,6.76
MTDI05500,FORT PECK ASSINIBOINE AND SIOUX TRIBES,FORT PECK ASSINIBOINE AND SIOUX TRIBES,Tribal,MT,2022,0,18,0,18,3,2,5,21,2,23,
CT0004400,EAST HAVEN PD,EAST HAVEN PD,City,CT,2022,27725,56,9,65,5,6,11,61,15,76,2.74
NY0435300,RAMAPO TOWN PD SUFFERN,RAMAPO TOWN PD SUFFERN,City,NY,2022,107404,92,9,101,13,10,23,105,19,124,1.15
TN0310000,GRUNDY CO SO ALTAMONT,GRUNDY CO SO ALTAMONT,County,TN,2022,11517,12,8,20,2,6,8,14,14,28,2.43
TN0060500,CLEVELAND STATE COMMUNITY COLLEGE SECURITY,CLEVELAND STATE COMMUNITY COLLEGE SECURITY,University or College,TN,2022,0,3,0,3,2,0,2,5,0,5,
AL0290100,WETUMPKA PD,WETUMPKA PD,City,AL,2022,7317,29,1,30,2,2,4,31,3,34,4.65
NH0031800,KEENE PD,KEENE PD,City,NH,2022,23271,35,2,37,4,8,12,39,10,49,2.11
TN0040000,BLEDSOE CO SO PIKEVILLE,BLEDSOE CO SO PIKEVILLE,County,TN,2022,13698,11,15,26,1,7,8,12,22,34,2.48
IN0060000,BOONE CO SO LEBANON,BOONE CO SO LEBANON,County,IN,2022,13527,41,38,79,1,24,25,42,62,104,7.69
PA0041900,CHIPPEWA TWP PD BEAVER FALLS,CHIPPEWA TWP PD BEAVER FALLS,City,PA,2022,8214,8,0,8,0,1,1,8,1,9,1.10
WI0360100,MANITOWOC PD,MANITOWOC PD,City,WI,2022,34688,55,3,58,10,8,18,65,11,76,2.19
VA0830200,HONAKER PD,HONAKER PD,City,VA,2022,1192,3,0,3,0,0,0,3,0,3,2.52
CA0210700,ROSS PD,ROSS PD,City,CA,2022,2320,5,0,5,0,0,0,5,0,5,2.16
NJ0133900,HAZLET TWP PD HAZLET,HAZLET TWP PD HAZLET,City,NJ,2022,20547,40,0,40,3,3,6,43,3,46,2.24
MS0251000,JACKSON STATE UNIVERSITY CAMPUS PD JACKSON,JACKSON STATE UNIVERSITY CAMPUS PD JACKSON,University or College,MS,2022,0,16,6,22,3,12,15,19,18,37,
NB0700100,PIERCE PD,PIERCE PD,City,NB,2022,1823,3,0,3,0,0,0,3,0,3,1.65
WYDI05000,BU IND AFF LAW ENF WIND RIVER AGCY FT WASHAKIE,BU IND AFF LAW ENF WIND RIVER AGCY FT WASHAKIE,Tribal,WY,2022,0,13,0,13,4,5,9,17,5,22,
TX0611400,AUBREY,AUBREY,City,TX,2022,7873,22,0,22,1,1,2,23,1,24,3.05
NH0081000,CHESTER PD,CHESTER PD,City,NH,2022,5279,8,0,8,0,1,1,8,1,9,1.70
MA0080800,HADLEY PD,HADLEY PD,City,MA,2022,5244,15,1,16,2,5,7,17,6,23,4.39
UT0181900,BLUFFDALE POLICE DEPARTMENT,BLUFFDALE POLICE DEPARTMENT,City,UT,2022,20386,13,0,13,2,0,2,15,0,15,0.74
IL0166600,MATTESON PD,MATTESON PD,City,IL,2022,18324,32,1,33,4,4,8,36,5,41,2.24
OH0020000,ALLEN,ALLEN,County,OH,2022,22928,51,41,92,2,0,2,53,41,94,4.10
IL0160000,COOK CO SHERIFF'S POLICE COMM CTR,COOK CO SHERIFF'S POLICE COMM CTR,County,IL,2022,111532,1144,2240,3384,420,1198,1618,1564,3438,5002,44.85
PA0405600,BUTLER TWP PD DRUMS,BUTLER TWP PD DRUMS,City,PA,2022,9819,10,0,10,0,1,1,10,1,11,1.12
TX2100100,CENTER PD,CENTER PD,City,TX,2022,5111,14,0,14,1,7,8,15,7,22,4.30
NB0640000,NEMAHA CO SO AUBURN,NEMAHA CO SO AUBURN,County,NB,2022,7047,11,0,11,1,0,1,12,0,12,1.70
MI3424400,BELDING PD,BELDING PD,City,MI,2022,6153,7,0,7,1,1,2,8,1,9,1.46
NB0160100,VALENTINE PD,VALENTINE PD,City,NB,2022,2605,2,0,2,2,1,3,4,1,5,1.92
NJ0024300,OLD TAPPAN PD,OLD TAPPAN PD,City,NJ,2022,5799,13,0,13,1,1,2,14,1,15,2.59
CO0350300,FORT COLLINS,FORT COLLINS,City,CO,2022,168045,184,41,225,28,69,97,212,110,322,1.92
CO0100000,CLEAR CREEK,CLEAR CREEK,County,CO,2022,6080,23,20,43,1,19,20,24,39,63,10.36
AZ0110000,PINAL CO SO FLORENCE,PINAL CO SO FLORENCE,County,AZ,2022,226025,213,138,351,12,116,128,225,254,479,2.12
WI0280300,WATERTOWN PD,WATERTOWN PD,City,WI,2022,22885,34,0,34,5,15,20,39,15,54,2.36
TN0710500,TN TECH UNIV POLICE DEPARTMENT COOKEVILLE,TN TECH UNIV POLICE DEPARTMENT COOKEVILLE,University or College,TN,2022,0,8,2,10,0,5,5,8,7,15,
ME0130100,FAIRFIELD PD,FAIRFIELD PD,City,ME,2022,6507,11,0,11,1,0,1,12,0,12,1.84
KS0930200,ST JOHN PD,ST JOHN PD,City,KS,2022,1180,2,0,2,1,0,1,3,0,3,2.54
CA0190600,BALDWIN PARK PD,BALDWIN PARK PD,City,CA,2022,69205,54,0,54,5,22,27,59,22,81,1.17
ID0220000,FREMONT CO SO ST ANTHONY,FREMONT CO SO ST ANTHONY,County,ID,2022,8899,19,10,29,1,10,11,20,20,40,4.49
SC0440300,JONESVILLE PD,JONESVILLE PD,City,SC,2022,832,3,0,3,0,0,0,3,0,3,3.61
PA0020G00,RESERVE TOWNSHIP PD PITTSBURGH,RESERVE TOWNSHIP PD PITTSBURGH,City,PA,2022,3166,6,0,6,0,0,0,6,0,6,1.90
NC0250100,HAVELOCK PD,HAVELOCK PD,City,NC,2022,17108,21,2,23,6,8,14,27,10,37,2.16
WA0250200,SOUTH BEND PD,SOUTH BEND PD,City,WA,2022,1784,4,0,4,0,1,1,4,1,5,2.80
TN0270900,MEDINA PD,MEDINA PD,City,TN,2022,5338,10,0,10,0,0,0,10,0,10,1.87
TN0660200,SOUTH FULTON PD SOUTH FULTON,SOUTH FULTON PD SOUTH FULTON,City,TN,2022,2178,5,5,10,0,0,0,5,5,10,4.59
NJ0143300,RIVERDALE PD,RIVERDALE PD,City,NJ,2022,4105,17,3,20,0,2,2,17,5,22,5.36
CA0193400,IRWINDALE PD,IRWINDALE PD,City,CA,2022,1410,27,0,27,1,7,8,28,7,35,24.82
WI0540800,BELOIT TWP PD,BELOIT TWP PD,City,WI,2022,7895,12,0,12,2,2,4,14,2,16,2.03
NY0160000,FRANKLIN CO SHERIFF'S DEPARTMENT MALONE,FRANKLIN CO SHERIFF'S DEPARTMENT MALONE,County,NY,2022,35785,2,0,2,0,2,2,2,2,4,0.11
SC0380000,ORANGEBURG CO SO ORANGEBURG,ORANGEBURG CO SO ORANGEBURG,County,SC,2022,64199,75,2,77,10,21,31,85,23,108,1.68
PA0150600,MALVERN PD,MALVERN PD,City,PA,2022,3414,13,0,13,1,1,2,14,1,15,4.39
NH0063200,LYNDEBOROUGH PD,LYNDEBOROUGH PD,City,NH,2022,1705,1,0,1,0,0,0,1,0,1,0.59
NH0081600,DERRY PD,DERRY PD,City,NH,2022,34290,48,4,52,7,8,15,55,12,67,1.95
AL0140400,THORSBY PD,THORSBY PD,City,AL,2022,2117,5,0,5,1,0,1,6,0,6,2.83
PA0542000,MAHANOY TWP PD MAHANOY CITY,MAHANOY TWP PD MAHANOY CITY,City,PA,2022,3047,2,0,2,0,0,0,2,0,2,0.66
NY0162000,TUPPER LAKE VILLAGE PD TUPPER LAKE,TUPPER LAKE VILLAGE PD TUPPER LAKE,City,NY,2022,3254,5,0,5,2,0,2,7,0,7,2.15
CT0005900,GROTON CITY PD,GROTON CITY PD,City,CT,2022,9323,24,1,25,4,5,9,28,6,34,3.65
OK0630000,POTTAWATOMIE,POTTAWATOMIE,County,OK,2022,29993,26,0,26,3,4,7,29,4,33,1.10
AL0470300,GURLEY PD,GURLEY PD,City,AL,2022,826,4,0,4,1,0,1,5,0,5,6.05
AR0370000,LAFAYETTE CO SO LEWISVILLE,LAFAYETTE CO SO LEWISVILLE,County,AR,2022,3989,7,2,9,8,6,14,15,8,23,5.77
VTVSP0900,STATE POLICE SHAFTSBURY,STATE POLICE SHAFTSBURY,State Police,VT,2022,16281,14,0,14,0,1,1,14,1,15,0.92
CA0480000,SOLANO CO SO FAIRFIELD,SOLANO CO SO FAIRFIELD,County,CA,2022,18787,141,187,328,22,156,178,163,343,506,26.93
GA1050100,CHATSWORTH PD,CHATSWORTH PD,City,GA,2022,4775,19,0,19,1,2,3,20,2,22,4.61
MO0460200,WEST PLAINS,WEST PLAINS,City,MO,2022,12252,24,5,29,1,3,4,25,8,33,2.69
CT0010700,ORANGE PD,ORANGE PD,City,CT,2022,14239,40,3,43,5,6,11,45,9,54,3.79
MN0270900,HOPKINS PD,HOPKINS PD,City,MN,2022,18125,23,5,28,5,4,9,28,9,37,2.04
TX0611100,UNIVERSITY OF NORTH TEXAS POLICE DEPT DENTON,UNIVERSITY OF NORTH TEXAS POLICE DEPT DENTON,University or College,TX,2022,0,38,7,45,7,15,22,45,22,67,
UT0182500,WEST VALLEY PD WEST VALLEY CITY,WEST VALLEY PD WEST VALLEY CITY,City,UT,2022,138020,213,11,224,16,42,58,229,53,282,2.04
TN0580700,TWELFTH JUDICIAL DIST DRUG TASK FORCE JASPER,TWELFTH JUDICIAL DIST DRUG TASK FORCE JASPER,Other,TN,2022,0,3,0,3,0,1,1,3,1,4,
CA0197500,WEST COVINA PD,WEST COVINA PD,City,CA,2022,104739,88,11,99,9,35,44,97,46,143,1.37
NJ0141500,KINNELON PD,KINNELON PD,City,NJ,2022,9983,17,0,17,0,1,1,17,1,18,1.80
TX1270200,HAMLIN PD,HAMLIN PD,City,TX,2022,1899,5,0,5,0,4,4,5,4,9,4.74
WI0220000,GRANT CO SO LANCASTER,GRANT CO SO LANCASTER,County,WI,2022,26146,29,11,40,1,15,16,30,26,56,2.14
AL0080400,SNEAD PD,SNEAD PD,City,AL,2022,1023,3,0,3,1,0,1,4,0,4,3.91
VT0120500,BARRE TOWN PD,BARRE TOWN PD,City,VT,2022,7970,7,0,7,0,1,1,7,1,8,1.00
NY0240000,LEWIS CO SHERIFF'S DEPARTMENT LOWVILLE,LEWIS CO SHERIFF'S DEPARTMENT LOWVILLE,County,NY,2022,23476,20,0,20,2,0,2,22,0,22,0.94
TX0860100,FREDERICKSBURG PD,FREDERICKSBURG PD,City,TX,2022,11348,32,1,33,2,6,8,34,7,41,3.61
NM0270000,SIERRA CO SO TRUTH OR CONSEQUENCES,SIERRA CO SO TRUTH OR CONSEQUENCES,County,NM,2022,5412,12,1,13,1,2,3,13,3,16,2.96
TN0830300,WHITE HOUSE PD,WHITE HOUSE PD,City,TN,2022,14290,18,4,22,1,4,5,19,8,27,1.89
TX1730000,MOTLEY CO SO MATADOR,MOTLEY CO SO MATADOR,County,TX,2022,1088,2,0,2,0,0,0,2,0,2,1.84
AR0460000,MILLER CO SO TEXARKANA,MILLER CO SO TEXARKANA,County,AR,2022,13468,26,1,27,0,4,4,26,5,31,2.30
AR0640100,WALDRON PD,WALDRON PD,City,AR,2022,3313,8,0,8,1,1,2,9,1,10,3.02
WVWSP3200,STATE POLICE PADEN CITY,STATE POLICE PADEN CITY,State Police,WV,2022,0,6,0,6,0,1,1,6,1,7,
TX0570700,COPPELL PD,COPPELL PD,City,TX,2022,42021,45,3,48,2,4,6,47,7,54,1.29
NJ0030400,BORDENTOWN TWP PD BORDENTOWN,BORDENTOWN TWP PD BORDENTOWN,City,NJ,2022,12095,30,0,30,1,2,3,31,2,33,2.73
MN0720200,,,City,MN,2022,2321,4,0,4,0,0,0,4,0,4,1.72
PA0430900,HEMPFIELD TWP PD GREENVILLE,HEMPFIELD TWP PD GREENVILLE,City,PA,2022,3686,7,0,7,0,1,1,7,1,8,2.17
NY0262100,CAZENOVIA VILLAGE PD CAZENOVIA,CAZENOVIA VILLAGE PD CAZENOVIA,City,NY,2022,2697,4,0,4,1,1,2,5,1,6,2.22
WI0020100,ASHLAND PD,ASHLAND PD,City,WI,2022,7975,19,0,19,0,2,2,19,2,21,2.63
WY0120300,DIAMONDVILLE PD,DIAMONDVILLE PD,City,WY,2022,530,2,0,2,0,0,0,2,0,2,3.77
GA0240100,FOLKSTON PD,FOLKSTON PD,City,GA,2022,4457,6,0,6,1,0,1,7,0,7,1.57
TX0340000,CASS CO SO LINDEN,CASS CO SO LINDEN,County,TX,2022,18388,15,13,28,4,17,21,19,30,49,2.66
ID0270100,JEROME PD,JEROME PD,City,ID,2022,12806,15,0,15,3,3,6,18,3,21,1.64
MN0190100,DEPT OF PUBLIC SAFETY BURNSVILLE,DEPT OF PUBLIC SAFETY BURNSVILLE,City,MN,2022,63361,62,1,63,13,10,23,75,11,86,1.36
SC0230700,GREENVILLE TECHNICAL COLLEGE,GREENVILLE TECHNICAL COLLEGE,University or College,SC,2022,0,10,1,11,1,1,2,11,2,13,
IL0010000,ADAMS CO SO QUINCY,ADAMS CO SO QUINCY,County,IL,2022,24548,26,1,27,2,3,5,28,4,32,1.30
MO0390400,WALNUT GROVE,WALNUT GROVE,City,MO,2022,640,2,0,2,0,0,0,2,0,2,3.13
NM0040200,CIMARRON POLICE DEPARTMENT,CIMARRON POLICE DEPARTMENT,City,NM,2022,814,2,0,2,0,0,0,2,0,2,2.46
OK0620000,PONTOTOC,PONTOTOC,County,OK,2022,20746,16,0,16,1,2,3,17,2,19,0.92
WI0670700,JACKSON PD,JACKSON PD,City,WI,2022,7205,12,0,12,1,1,2,13,1,14,1.94
AL0470200,MADISON PD,MADISON PD,City,AL,2022,59341,79,6,85,8,21,29,87,27,114,1.92
MI7835800,DURAND PD,DURAND PD,City,MI,2022,4033,5,0,5,1,0,1,6,0,6,1.49
MT0230000,JUDITH BASIN CO SO STANFORD,JUDITH BASIN CO SO STANFORD,County,MT,2022,2071,5,0,5,0,1,1,5,1,6,2.90
CO0210700,MONUMENT,MONUMENT,City,CO,2022,11300,22,2,24,2,4,6,24,6,30,2.65
MI5557500,MENOMINEE PD,MENOMINEE PD,City,MI,2022,8314,16,0,16,0,1,1,16,1,17,2.04
VT0040400,WINOOSKI PD,WINOOSKI PD,City,VT,2022,8647,14,1,15,1,3,4,15,4,19,2.20
OH0390200,NORWALK,NORWALK,City,OH,2022,16986,19,1,20,2,7,9,21,8,29,1.71
PA0112100,CARROLLTOWN POLICE DEPARTMENT,CARROLLTOWN POLICE DEPARTMENT,City,PA,2022,2200,2,0,2,0,0,0,2,0,2,0.91
MO0100500,ASHLAND,ASHLAND,City,MO,2022,4948,7,0,7,0,1,1,7,1,8,1.62
CT0007600,MADISON PD,MADISON PD,City,CT,2022,17581,30,4,34,2,10,12,32,14,46,2.62
OH0501800,GOSHEN TOWNSHIP,GOSHEN TOWNSHIP,City,OH,2022,3046,9,0,9,0,1,1,9,1,10,3.28
OH0010300,WEST UNION,WEST UNION,City,OH,2022,3023,2,0,2,0,0,0,2,0,2,0.66
KS0871300,GARDEN PLAIN PD,GARDEN PLAIN PD,City,KS,2022,939,2,0,2,0,0,0,2,0,2,2.13
MO0281000,SULLIVAN,SULLIVAN,City,MO,2022,6811,19,2,21,0,5,5,19,7,26,3.82
MA0090300,ASHBY PD,ASHBY PD,City,MA,2022,3166,5,0,5,0,1,1,5,1,6,1.90
ND0190000,GRANT CO SO CARSON,GRANT CO SO CARSON,County,ND,2022,2391,4,0,4,2,0,2,6,0,6,2.51
PA0380200,LEBANON PD,LEBANON PD,City,PA,2022,26434,33,0,33,1,3,4,34,3,37,1.40
MA0072100,WEST SPRINGFIELD PD,WEST SPRINGFIELD PD,City,MA,2022,28655,66,2,68,8,10,18,74,12,86,3.00
MN0621000,WHITE BEAR LAKE PD,WHITE BEAR LAKE PD,City,MN,2022,27700,26,1,27,4,3,7,30,4,34,1.23
TX0070000,ATASCOSA CO SO JOURDANTON,ATASCOSA CO SO JOURDANTON,County,TX,2022,29266,40,26,66,4,31,35,44,57,101,3.45
MN0230400,,,City,MN,2022,1315,3,0,3,0,0,0,3,0,3,2.28
CT0001800,BROOKFIELD PD,BROOKFIELD PD,City,CT,2022,17492,31,5,36,2,5,7,33,10,43,2.46
PA0670600,FAIRVIEW TWP PD NEW CUMBERLAND,FAIRVIEW TWP PD NEW CUMBERLAND,City,PA,2022,17772,17,0,17,1,2,3,18,2,20,1.13
PA0410500,WILLIAMSPORT PD,WILLIAMSPORT PD,City,PA,2022,27498,42,0,42,6,3,9,48,3,51,1.85
TN0060200,CHARLESTON PD,CHARLESTON PD,City,TN,2022,678,3,0,3,1,0,1,4,0,4,5.90
PA0461900,NORRISTOWN PD,NORRISTOWN PD,City,PA,2022,35888,55,3,58,8,9,17,63,12,75,2.09
TX0612500,DOUBLE OAK PD,DOUBLE OAK PD,City,TX,2022,3052,4,0,4,3,0,3,7,0,7,2.29
PA0461100,JENKINTOWN PD,JENKINTOWN PD,City,PA,2022,4708,11,0,11,0,1,1,11,1,12,2.55
AL0060300,CLIO PD,CLIO PD,City,AL,2022,1193,5,0,5,0,0,0,5,0,5,4.19
NC0330100,ROCKY MOUNT PD,ROCKY MOUNT PD,City,NC,2022,53668,107,6,113,24,28,52,131,34,165,3.07
TX0141000,MORGAN PT RESORT PD BELTON,MORGAN PT RESORT PD BELTON,City,TX,2022,4789,7,0,7,0,0,0,7,0,7,1.46
TX1260000,JOHNSON CO SO CLEBURNE,JOHNSON CO SO CLEBURNE,County,TX,2022,83123,82,4,86,10,39,49,92,43,135,1.62
WV0510100,WEBSTER SPRINGS PD,WEBSTER SPRINGS PD,City,WV,2022,705,3,1,4,0,0,0,3,1,4,5.67
TX2530000,ZAPATA CO SO ZAPATA,ZAPATA CO SO ZAPATA,County,TX,2022,14016,51,1,52,12,11,23,63,12,75,5.35
KS0570800,INMAN PD,INMAN PD,City,KS,2022,1309,3,0,3,0,0,0,3,0,3,2.29
FL0290200,TAMPA PD,TAMPA PD,City,FL,2022,390145,768,87,855,161,179,340,929,266,1195,3.06
TN0080000,CANNON CO SO WOODBURY,CANNON CO SO WOODBURY,County,TN,2022,11886,15,17,32,0,9,9,15,26,41,3.45
TX1552600,BRUCEVILLE-EDDY POLICE DEPARTMENT,BRUCEVILLE-EDDY POLICE DEPARTMENT,City,TX,2022,1428,6,0,6,0,0,0,6,0,6,4.20
WI0540600,MILTON PD,MILTON PD,City,WI,2022,5683,10,0,10,2,2,4,12,2,14,2.46
NJ0082000,WEST DEPTFORD TWP PD THOROFARE,WEST DEPTFORD TWP PD THOROFARE,City,NJ,2022,22521,41,0,41,2,3,5,43,3,46,2.04
NC0960500,PIKEVILLE PD,PIKEVILLE PD,City,NC,2022,705,4,0,4,0,0,0,4,0,4,5.67
TX1260300,CLEBURNE PD,CLEBURNE PD,City,TX,2022,32728,38,0,38,4,20,24,42,20,62,1.89
MI2589700,GENESEE CNTY PARKS & REC,GENESEE CNTY PARKS & REC,Other,MI,2022,0,4,0,4,0,0,0,4,0,4,
UT0120000,JUAB CO SO NEPHI,JUAB CO SO NEPHI,County,UT,2022,5682,13,11,24,1,3,4,14,14,28,4.93
MN0730400,ST CLOUD PD ST CLOUD,ST CLOUD PD ST CLOUD,City,MN,2022,68925,92,8,100,19,21,40,111,29,140,2.03
TN0050500,TOWNSEND PD,TOWNSEND PD,City,TN,2022,598,6,0,6,0,0,0,6,0,6,10.03
WV0170000,HARRISON CO SO CLARKSBURG,HARRISON CO SO CLARKSBURG,County,WV,2022,31541,54,3,57,0,2,2,54,5,59,1.87
CA0332500,CATHEDRAL CITY PD,CATHEDRAL CITY PD,City,CA,2022,52871,45,8,53,5,15,20,50,23,73,1.38
NY0146100,EDEN TOWN PD EDEN,EDEN TOWN PD EDEN,City,NY,2022,7504,2,0,2,0,0,0,2,0,2,0.27
MI1279000,UNION CITY PD,UNION CITY PD,City,MI,2022,1723,5,0,5,0,0,0,5,0,5,2.90
NJ0225500,,,Other State Agency,NJ,2022,0,4275,786,5061,902,856,1758,5177,1642,6819,
NJ0150000,OCEAN CO SHERIFFS OFF TOMS RIVER,OCEAN CO SHERIFFS OFF TOMS RIVER,County,NJ,2022,0,123,52,175,25,66,91,148,118,266,
OK0612100,,,City,OK,2022,619,7,0,7,0,2,2,7,2,9,14.54
PA0030300,FREEPORT PD,FREEPORT PD,City,PA,2022,1716,1,0,1,1,0,1,2,0,2,1.17
NY0315500,NIAGARA TOWN PD NIAGARA FALLS,NIAGARA TOWN PD NIAGARA FALLS,City,NY,2022,7808,6,0,6,1,1,2,7,1,8,1.02
GA1400000,TREUTLEN CO SO SOPERTON,TREUTLEN CO SO SOPERTON,County,GA,2022,3421,15,0,15,1,7,8,16,7,23,6.72
GA1370400,BALDWIN AGRICULTURAL COLL SECURITY DEPT TIFTON,BALDWIN AGRICULTURAL COLL SECURITY DEPT TIFTON,University or College,GA,2022,0,12,0,12,3,1,4,15,1,16,
VT0120300,NORTHFIELD PD,NORTHFIELD PD,City,VT,2022,6291,5,0,5,2,1,3,7,1,8,1.27
MI1187700,ST JOSEPH TWP PD BENTON HARBOR,ST JOSEPH TWP PD BENTON HARBOR,City,MI,2022,9772,12,0,12,0,1,1,12,1,13,1.33
SD0250000,GRANT CO SO MILBANK,GRANT CO SO MILBANK,County,SD,2022,4098,5,1,6,0,3,3,5,4,9,2.20
AL0480000,MARENGO CO SO LINDEN,MARENGO CO SO LINDEN,County,AL,2022,9367,9,5,14,1,8,9,10,13,23,2.46
KY0051100,BARREN COUNTY DRUG TASK FORCE,BARREN COUNTY DRUG TASK FORCE,Other,KY,2022,0,3,0,3,0,1,1,3,1,4,
NY0303000,NEW YORK CITY PD NEW YORK,NEW YORK CITY PD NEW YORK,City,NY,2022,8236567,27242,5287,32529,6770,9285,16055,34012,14572,48584,5.90
IL0166000,LEMONT PD,LEMONT PD,City,IL,2022,17394,23,3,26,2,2,4,25,5,30,1.72
SC002SP00,HP: AIKEN COUNTY,HP: AIKEN COUNTY,State Police,SC,2022,0,23,4,27,0,2,2,23,6,29,
NY0145500,CHEEKTOWAGA TOWN PD CHEEKTOWAGA,CHEEKTOWAGA TOWN PD CHEEKTOWAGA,City,NY,2022,79606,103,16,119,18,19,37,121,35,156,1.96
MD0171700,LAUREL PD,LAUREL PD,City,MD,2022,29028,60,6,66,5,14,19,65,20,85,2.93
OK0180000,CRAIG,CRAIG,County,OK,2022,8771,13,11,24,0,3,3,13,14,27,3.08
MS0070100,BRUCE PD,BRUCE PD,City,MS,2022,1616,5,0,5,0,0,0,5,0,5,3.09
TX1370000,KLEBERG CO SO KINGSVILLE,KLEBERG CO SO KINGSVILLE,County,TX,2022,5695,20,21,41,2,23,25,22,44,66,11.59
KS0520100,LEAVENWORTH PD,LEAVENWORTH PD,City,KS,2022,37004,40,4,44,13,19,32,53,23,76,2.05
TX2205100,,,Other,TX,2022,0,44,1,45,10,8,18,54,9,63,
OK0681400,ROLAND,ROLAND,City,OK,2022,3645,10,2,12,0,2,2,10,4,14,3.84
NY0282400,FORT PLAIN VILLAGE PD FORT PLAIN,FORT PLAIN VILLAGE PD FORT PLAIN,City,NY,2022,2028,3,0,3,0,0,0,3,0,3,1.48
AL0290000,ELMORE CO SO WETUMPKA,ELMORE CO SO WETUMPKA,County,AL,2022,58597,61,31,92,0,39,39,61,70,131,2.24
PA0220200,HARRISBURG PD,HARRISBURG PD,City,PA,2022,50201,114,22,136,15,14,29,129,36,165,3.29
CA0302400,WESTMINSTER PD,WESTMINSTER PD,City,CA,2022,89490,79,2,81,12,34,46,91,36,127,1.42
MI1124900,BENTON TWP PD BENTON HARBOR,BENTON TWP PD BENTON HARBOR,City,MI,2022,14081,14,0,14,2,4,6,16,4,20,1.42
NJ0082300,WOODBURY HEIGHTS PD,WOODBURY HEIGHTS PD,City,NJ,2022,3122,5,0,5,0,1,1,5,1,6,1.92
TX0203300,ANGLETON INDEP SCHOOL DIST PD,ANGLETON INDEP SCHOOL DIST PD,Other,TX,2022,0,11,1,12,5,1,6,16,2,18,
TX2210800,TYE PD,TYE PD,City,TX,2022,1192,4,2,6,0,1,1,4,3,7,5.87
MO0360300,NEW HAVEN,NEW HAVEN,City,MO,2022,2361,6,0,6,0,0,0,6,0,6,2.54
UTUHP0000,UTAH HP HDQTRS SALT LAKE CITY,UTAH HP HDQTRS SALT LAKE CITY,State Police,UT,2022,0,567,30,597,33,139,172,600,169,769,
NY0110000,CORTLAND CO SHERIFF'S DEPARTMENT CORTLAND,CORTLAND CO SHERIFF'S DEPARTMENT CORTLAND,County,NY,2022,26061,29,0,29,7,3,10,36,3,39,1.50
OK0030200,CANEY,CANEY,City,OK,2022,204,3,0,3,0,1,1,3,1,4,19.61
PA0404700,SALEM TWP PD BERWICK,SALEM TWP PD BERWICK,City,PA,2022,4034,8,0,8,0,0,0,8,0,8,1.98
AZ0071100,GILBERT PD,GILBERT PD,City,AZ,2022,277123,286,44,330,33,103,136,319,147,466,1.68
TX0000000,DEPT OF PUBLIC SAFETY TCIC NCIC CONTROL CSA,DEPT OF PUBLIC SAFETY TCIC NCIC CONTROL CSA,State Police,TX,2022,0,3727,2009,5736,319,4121,4440,4046,6130,10176,
CA0540300,FARMERSVILLE PD,FARMERSVILLE PD,City,CA,2022,10351,14,0,14,2,2,4,16,2,18,1.74
PA0152300,SOUTH COATESVILLE PD,SOUTH COATESVILLE PD,City,PA,2022,1687,3,0,3,0,0,0,3,0,3,1.78
IL0100400,RANTOUL PD,RANTOUL PD,City,IL,2022,11971,25,0,25,6,6,12,31,6,37,3.09
PA0352800,CO DETECTIVE BU SCRANTON,CO DETECTIVE BU SCRANTON,Other,PA,2022,0,9,0,9,4,0,4,13,0,13,
WI0570400,SPRING GREEN PD,SPRING GREEN PD,City,WI,2022,1522,0,0,0,1,0,1,1,0,1,0.66
OK0370300,CASHION,CASHION,City,OK,2022,889,2,0,2,0,0,0,2,0,2,2.25
VA0850000,SHENANDOAH CO SO WOODSTOCK,SHENANDOAH CO SO WOODSTOCK,County,VA,2022,28023,63,1,64,14,6,20,77,7,84,3.00
OH0570800,MIAMISBURG,MIAMISBURG,City,OH,2022,19723,36,1,37,3,2,5,39,3,42,2.13
WV0260500,MOUNDSVILLE PD,MOUNDSVILLE PD,City,WV,2022,7885,13,0,13,0,4,4,13,4,17,2.16
WI0420000,MONROE CO SO SPARTA,MONROE CO SO SPARTA,County,WI,2022,23884,26,16,42,1,22,23,27,38,65,2.72
TX2070000,SCHLEICHER CO SO ELDORADO,SCHLEICHER CO SO ELDORADO,County,TX,2022,2431,4,0,4,0,6,6,4,6,10,4.11
WA0040400,WENATCHEE PD,WENATCHEE PD,City,WA,2022,35462,40,3,43,4,8,12,44,11,55,1.55
AZDI08100,TONTO APACHE TRIBAL,TONTO APACHE TRIBAL,Tribal,AZ,2022,0,8,0,8,1,0,1,9,0,9,
CA0210100,BELVEDERE PD,BELVEDERE PD,City,CA,2022,2089,5,0,5,1,0,1,6,0,6,2.87
MNMHP1200,DPS-SP DISTRICT 2200 MANKATO,DPS-SP DISTRICT 2200 MANKATO,State Police,MN,2022,0,27,0,27,2,3,5,29,3,32,
MA0052200,NEWBURY PD,NEWBURY PD,City,MA,2022,6717,9,1,10,2,2,4,11,3,14,2.08
PA0464600,UPPER POTTSGROVE TWP PD POTTSTOWN,UPPER POTTSGROVE TWP PD POTTSTOWN,City,PA,2022,5955,7,0,7,1,0,1,8,0,8,1.34
CA0360000,SAN BERNARDINO CO SO SAN BERNARDINO,SAN BERNARDINO CO SO SAN BERNARDINO,County,CA,2022,305019,1596,366,1962,279,1084,1363,1875,1450,3325,10.90
GA0910000,LONG CO SO LUDOWICI,LONG CO SO LUDOWICI,County,GA,2022,16376,32,0,32,1,4,5,33,4,37,2.26
NH0072600,HENNIKER PD,HENNIKER PD,City,NH,2022,5870,4,0,4,3,1,4,7,1,8,1.36
NB0260000,DIXON CO SO PONCA,DIXON CO SO PONCA,County,NB,2022,5143,7,0,7,1,2,3,8,2,10,1.94
PA0102500,LANCASTER TWP PD HARMONY,LANCASTER TWP PD HARMONY,City,PA,2022,3344,5,0,5,0,0,0,5,0,5,1.50
MD0171100,FAIRMOUNT HEIGHTS PD WESTOVER,FAIRMOUNT HEIGHTS PD WESTOVER,City,MD,2022,1484,1,0,1,0,0,0,1,0,1,0.67
MT0400000,PRAIRIE CO SO TERRY,PRAIRIE CO SO TERRY,County,MT,2022,1106,3,0,3,0,0,0,3,0,3,2.71
OR0200000,LANE,LANE,County,OR,2022,112703,71,135,206,4,82,86,75,217,292,2.59
MA0094000,STONEHAM PD,STONEHAM PD,City,MA,2022,22660,34,5,39,3,3,6,37,8,45,1.99
MI5828700,CARLETON PD,CARLETON PD,City,MI,2022,2354,1,0,1,1,1,2,2,1,3,1.27
IL0600300,COLLINSVILLE PD,COLLINSVILLE PD,City,IL,2022,24131,37,5,42,5,14,19,42,19,61,2.53
OK0561700,MUSCOGEE NATION TRIBAL,MUSCOGEE NATION TRIBAL,Tribal,OK,2022,0,68,5,73,10,9,19,78,14,92,
MO0953100,FRONTENAC,FRONTENAC,City,MO,2022,4067,21,1,22,0,0,0,21,1,22,5.41
IA0630000,MARION CO SO KNOXVILLE,MARION CO SO KNOXVILLE,County,IA,2022,15323,18,11,29,1,11,12,19,22,41,2.68
WI0350100,MERRILL PD,MERRILL PD,City,WI,2022,9341,20,0,20,3,3,6,23,3,26,2.78
FL0030500,SPRINGFIELD PD,SPRINGFIELD PD,City,FL,2022,8044,18,0,18,6,5,11,24,5,29,3.61
PA0020Z00,O'HARA TOWNSHIP PD PITTSBURGH,O'HARA TOWNSHIP PD PITTSBURGH,City,PA,2022,9060,13,1,14,2,1,3,15,2,17,1.88
GA1550100,DALTON PD,DALTON PD,City,GA,2022,34276,74,3,77,4,11,15,78,14,92,2.68
FL0530100,AUBURNDALE PD,AUBURNDALE PD,City,FL,2022,19208,30,3,33,8,6,14,38,9,47,2.45
OK0290000,HARMON,HARMON,County,OK,2022,663,2,0,2,0,1,1,2,1,3,4.52
CA0342000,CA STATE FAIR PD SACRAMENTO,CA STATE FAIR PD SACRAMENTO,Other State Agency,CA,2022,0,1,0,1,0,1,1,1,1,2,
NC0770200,HAMLET PD,HAMLET PD,City,NC,2022,6009,15,0,15,3,0,3,18,0,18,3.00
PA0466900,,,City,PA,2022,3158,2,0,2,0,0,0,2,0,2,0.63
MO0160900,SOUTHEAST MO STATE UNIVE,SOUTHEAST MO STATE UNIVE,University or College,MO,2022,0,10,6,16,1,3,4,11,9,20,
MN0190500,ROSEMOUNT PD,ROSEMOUNT PD,City,MN,2022,27503,24,0,24,5,3,8,29,3,32,1.16
PA0021J00,ALLEGHENY CO HOUSING AUTH PD,ALLEGHENY CO HOUSING AUTH PD,Other,PA,2022,0,9,0,9,1,1,2,10,1,11,
WA0320100,CHENEY PD,CHENEY PD,City,WA,2022,13092,13,4,17,2,2,4,15,6,21,1.60
PA0464800,WEST POTTSGROVE TWP PD STOWE,WEST POTTSGROVE TWP PD STOWE,City,PA,2022,3792,7,1,8,0,0,0,7,1,8,2.11
OR0340400,TIGARD,TIGARD,City,OR,2022,56550,57,1,58,13,14,27,70,15,85,1.50
GA0252400,,,University or College,GA,2022,0,8,2,10,0,0,0,8,2,10,
PA0060800,KUTZTOWN PD,KUTZTOWN PD,City,PA,2022,4159,12,1,13,0,1,1,12,2,14,3.37
PA0152100,EAST FALLOWFIELD TWP PD COATESVILLE,EAST FALLOWFIELD TWP PD COATESVILLE,City,PA,2022,7792,7,0,7,0,0,0,7,0,7,0.90
KS0040000,BARBER CO SO MEDICINE LODGE,BARBER CO SO MEDICINE LODGE,County,KS,2022,1493,5,1,6,1,1,2,6,2,8,5.36
CA0071600,MORAGA PD,MORAGA PD,City,CA,2022,16550,11,0,11,2,2,4,13,2,15,0.91
OH0640000,PERRY,PERRY,County,OH,2022,22617,16,4,20,1,5,6,17,9,26,1.15
FL0410600,PALMETTO PD,PALMETTO PD,City,FL,2022,13621,28,4,32,1,10,11,29,14,43,3.16
WA0390600,ZILLAH PD,ZILLAH PD,City,WA,2022,3138,8,0,8,0,1,1,8,1,9,2.87
WVWSP2400,STATE POLICE MADISON,STATE POLICE MADISON,State Police,WV,2022,0,7,0,7,0,1,1,7,1,8,
TN0840200,MUNFORD TOWN PD MUNFORD,MUNFORD TOWN PD MUNFORD,City,TN,2022,6466,18,0,18,1,0,1,19,0,19,2.94
MI2212200,DICKINSON CO SO IRON MOUNTAIN,DICKINSON CO SO IRON MOUNTAIN,County,MI,2022,10361,13,9,22,0,12,12,13,21,34,3.28
AR0150300,PLUMERVILLE POLICE DEPARTMENT PLUMERVILLE,PLUMERVILLE POLICE DEPARTMENT PLUMERVILLE,City,AR,2022,736,1,0,1,0,0,0,1,0,1,1.36
WVWSP4400,STATE POLICE SAINT MARYS,STATE POLICE SAINT MARYS,State Police,WV,2022,0,1,0,1,1,1,2,2,1,3,
TN0260200,WINCHESTER PD,WINCHESTER PD,City,TN,2022,9703,24,1,25,1,1,2,25,2,27,2.78
NJ0020800,CRESSKILL PD,CRESSKILL PD,City,NJ,2022,9069,22,4,26,0,1,1,22,5,27,2.98
FL0540300,INTERLACHEN PD,INTERLACHEN PD,City,FL,2022,1466,3,3,6,0,0,0,3,3,6,4.09
NJ0134800,SPRING LAKE PD,SPRING LAKE PD,City,NJ,2022,2807,13,0,13,1,0,1,14,0,14,4.99
NY0212300,MOHAWK VILLAGE PD MOHAWK,MOHAWK VILLAGE PD MOHAWK,City,NY,2022,2397,4,0,4,0,0,0,4,0,4,1.67
NY0372600,PULASKI VILLAGE PD PULASKI,PULASKI VILLAGE PD PULASKI,City,NY,2022,2411,0,0,0,1,0,1,1,0,1,0.41
NJ0200900,LINDEN PD,LINDEN PD,City,NJ,2022,43652,124,16,140,16,26,42,140,42,182,4.17
WA0180700,BAINBRIDGE ISLAND POLICE DEPARTMENT,BAINBRIDGE ISLAND POLICE DEPARTMENT,City,WA,2022,24336,21,3,24,1,4,5,22,7,29,1.19
AL0450100,FORT DEPOSIT PD,FORT DEPOSIT PD,City,AL,2022,1154,2,0,2,0,0,0,2,0,2,1.73
OH0850900,DOYLESTOWN,DOYLESTOWN,City,OH,2022,3011,6,0,6,1,1,2,7,1,8,2.66
TX2120000,SMITH,SMITH,County,TX,2022,110547,117,104,221,29,100,129,146,204,350,3.17
SC0460600,WINTHROP UNIVERSITY ROCK HILL,WINTHROP UNIVERSITY ROCK HILL,University or College,SC,2022,0,13,0,13,1,3,4,14,3,17,
MI1630900,CHEBOYGAN PD,CHEBOYGAN PD,City,MI,2022,4849,8,0,8,0,1,1,8,1,9,1.86
ND0280100,,,City,ND,2022,1435,2,0,2,1,0,1,3,0,3,2.09
CA0400600,SAN LUIS OBISPO PD,SAN LUIS OBISPO PD,City,CA,2022,47990,48,22,70,8,5,13,56,27,83,1.73
IA0860200,TAMA PD,TAMA PD,City,IA,2022,3026,6,1,7,0,0,0,6,1,7,2.31
MI5976100,STANTON PD,STANTON PD,City,MI,2022,1370,2,0,2,0,0,0,2,0,2,1.46
MI3860600,NAPOLEON TOWNSHIP PD NAPOLEON,NAPOLEON TOWNSHIP PD NAPOLEON,City,MI,2022,6807,12,0,12,1,1,2,13,1,14,2.06
OK0161000,MEDICINE PARK,MEDICINE PARK,City,OK,2022,449,2,0,2,0,0,0,2,0,2,4.45
TN0940200,FAIRVIEW PD,FAIRVIEW PD,City,TN,2022,9844,20,0,20,2,0,2,22,0,22,2.23
FL0570000,SANTA ROSA CO SO MILTON,SANTA ROSA CO SO MILTON,County,FL,2022,183222,223,20,243,26,74,100,249,94,343,1.87
PA0490300,NORTHUMBERLAND PD,NORTHUMBERLAND PD,City,PA,2022,3880,5,0,5,1,0,1,6,0,6,1.55
WY0070000,FREMONT CO SO LANDER,FREMONT CO SO LANDER,County,WY,2022,21358,36,26,62,5,27,32,41,53,94,4.40
WV0520200,NEW MARTINSVILLE PD,NEW MARTINSVILLE PD,City,WV,2022,5168,9,2,11,0,3,3,9,5,14,2.71
NM0080200,CARLSBAD PD,CARLSBAD PD,City,NM,2022,31532,62,6,68,7,26,33,69,32,101,3.20
IN0460600,WESTVILLE PD,WESTVILLE PD,City,IN,2022,5320,4,0,4,0,0,0,4,0,4,0.75
NC0250400,TRENT WOODS PD NEW BERN,TRENT WOODS PD NEW BERN,City,NC,2022,3981,5,0,5,1,0,1,6,0,6,1.51
AZ0080500,BULLHEAD CITY PD,BULLHEAD CITY PD,City,AZ,2022,42953,69,6,75,6,31,37,75,37,112,2.61
TX1550100,BELLMEAD PD,BELLMEAD PD,City,TX,2022,10589,19,1,20,3,9,12,22,10,32,3.02
FL0590200,CASSELBERRY PD,CASSELBERRY PD,City,FL,2022,29255,42,1,43,11,9,20,53,10,63,2.15
TX0670100,CISCO PD,CISCO PD,City,TX,2022,3902,9,1,10,1,1,2,10,2,12,3.08
UT0181800,SOUTH JORDAN PD,SOUTH JORDAN PD,City,UT,2022,82250,54,1,55,6,8,14,60,9,69,0.84
GA1530000,WHEELER CO SO ALAMO,WHEELER CO SO ALAMO,County,GA,2022,6748,6,1,7,0,4,4,6,5,11,1.63
GA0320000,CLINCH CO SO HOMERVILLE,CLINCH CO SO HOMERVILLE,County,GA,2022,4441,11,0,11,1,3,4,12,3,15,3.38
CA0210500,MILL VALLEY PD,MILL VALLEY PD,City,CA,2022,14023,17,1,18,2,4,6,19,5,24,1.71
NY0272500,FAIRPORT VILLAGE PD FAIRPORT,FAIRPORT VILLAGE PD FAIRPORT,City,NY,2022,5378,10,0,10,0,1,1,10,1,11,2.05
PA0120300,,,Other State Agency,PA,2022,0,1,0,1,0,0,0,1,0,1,
TX0870000,GLASSCOCK CO SO GARDEN CITY,GLASSCOCK CO SO GARDEN CITY,County,TX,2022,1192,5,0,5,0,1,1,5,1,6,5.03
OH0250100,BEXLEY,BEXLEY,City,OH,2022,13497,29,1,30,2,6,8,31,7,38,2.82
MN0290000,HUBBARD CO SO PARK RAPIDS,HUBBARD CO SO PARK RAPIDS,County,MN,2022,17478,18,22,40,1,12,13,19,34,53,3.03
MO0160100,CAPE GIRARDEAU,CAPE GIRARDEAU,City,MO,2022,40067,66,12,78,3,21,24,69,33,102,2.55
OR0040200,GEARHART,GEARHART,City,OR,2022,1890,2,0,2,0,0,0,2,0,2,1.06
OK0690300,MARLOW,MARLOW,City,OK,2022,4435,9,0,9,1,0,1,10,0,10,2.25
ND0180300,NORTHWOOD PD,NORTHWOOD PD,City,ND,2022,946,1,0,1,0,0,0,1,0,1,1.06
AK0012800,WHITTIER PD,WHITTIER PD,City,AK,2022,203,7,0,7,0,0,0,7,0,7,34.48
CA0330100,BANNING PD,BANNING PD,City,CA,2022,31050,32,0,32,4,13,17,36,13,49,1.58
KS0330100,HILL CITY PD,HILL CITY PD,City,KS,2022,1394,4,0,4,0,0,0,4,0,4,2.87
GA0070000,BARROW CO SO WINDER,BARROW CO SO WINDER,County,GA,2022,56770,107,24,131,15,37,52,122,61,183,3.22
CA0080000,DEL NORTE CO SO CRESCENT CITY,DEL NORTE CO SO CRESCENT CITY,County,CA,2022,21797,16,11,27,4,18,22,20,29,49,2.25
TN0950300,MT JULIET PD,MT JULIET PD,City,TN,2022,41849,64,7,71,8,16,24,72,23,95,2.27
WY0120200,KEMMERER PD,KEMMERER PD,City,WY,2022,2440,6,0,6,1,0,1,7,0,7,2.87
MI2564000,OTISVILLE,OTISVILLE,City,MI,2022,812,1,0,1,0,0,0,1,0,1,1.23
NH0041600,COLEBROOK PD,COLEBROOK PD,City,NH,2022,2051,4,0,4,0,0,0,4,0,4,1.95
NC0100700,SUNSET BEACH PD,SUNSET BEACH PD,City,NC,2022,4322,13,0,13,4,1,5,17,1,18,4.16
WI0280100,FORT ATKINSON PD,FORT ATKINSON PD,City,WI,2022,12432,16,1,17,5,5,10,21,6,27,2.17
WI0450600,SHIOCTON PD,SHIOCTON PD,City,WI,2022,929,1,0,1,1,0,1,2,0,2,2.15
SC0070300,PORT ROYAL PD,PORT ROYAL PD,City,SC,2022,13430,24,0,24,2,0,2,26,0,26,1.94
MA0090900,BOXBOROUGH PD,BOXBOROUGH PD,City,MA,2022,5377,13,1,14,1,4,5,14,5,19,3.53
TX0430100,ALLEN PD,ALLEN PD,City,TX,2022,108135,130,23,153,7,39,46,137,62,199,1.84
SC0322600,STATE TRANSPORT POLICE,STATE TRANSPORT POLICE,Other State Agency,SC,2022,0,12,2,14,1,1,2,13,3,16,
CA0340000,SACRAMENTO CO SO SACRAMENTO,SACRAMENTO CO SO SACRAMENTO,County,CA,2022,609136,1124,246,1370,209,436,645,1333,682,2015,3.31
CA0194100,LONG BEACH PD,LONG BEACH PD,City,CA,2022,447528,617,120,737,82,167,249,699,287,986,2.20
PA0431000,SANDY LAKE PD,SANDY LAKE PD,City,PA,2022,640,1,0,1,0,0,0,1,0,1,1.56
NDNHP0000,SHP HDQ BISMARCK,SHP HDQ BISMARCK,State Police,ND,2022,0,149,10,159,7,22,29,156,32,188,
FL0063400,SEMINOLE TRIBAL PD HOLLYWOOD,SEMINOLE TRIBAL PD HOLLYWOOD,Tribal,FL,2022,0,130,25,155,26,38,64,156,63,219,
TN0050000,BLOUNT CO SO MARYVILLE,BLOUNT CO SO MARYVILLE,County,TN,2022,95057,159,68,227,21,54,75,180,122,302,3.18
WADI05700,COLVILLE TRIBAL PD NESPELEM,COLVILLE TRIBAL PD NESPELEM,Tribal,WA,2022,0,21,5,26,3,5,8,24,10,34,
MN0430200,HUTCHINSON PD,HUTCHINSON PD,City,MN,2022,14628,19,2,21,4,6,10,23,8,31,2.12
PA0331300,,,Other State Agency,PA,2022,0,5,0,5,0,0,0,5,0,5,
IL0451800,MAPLE PARK PD,MAPLE PARK PD,City,IL,2022,1506,1,0,1,0,0,0,1,0,1,0.66
ME0150100,CALAIS PD,CALAIS PD,City,ME,2022,3041,5,0,5,0,0,0,5,0,5,1.64
NC0410300,HIGH POINT PD,HIGH POINT PD,City,NC,2022,114280,185,4,189,29,35,64,214,39,253,2.21
PA0091400,PENNDEL PD,PENNDEL PD,City,PA,2022,2530,1,0,1,0,0,0,1,0,1,0.40
NJ0090100,BAYONNE PD,BAYONNE PD,City,NJ,2022,66990,168,12,180,19,26,45,187,38,225,3.36
UT0220300,KAMAS PD,KAMAS PD,City,UT,2022,2250,1,0,1,1,0,1,2,0,2,0.89
AR0130000,CLEVELAND CO SO RISON,CLEVELAND CO SO RISON,County,AR,2022,7498,8,2,10,0,3,3,8,5,13,1.73
VA0240100,CULPEPER PD,CULPEPER PD,City,VA,2022,20836,39,1,40,7,7,14,46,8,54,2.59
VA1030000,CHESAPEAKE CITY PD,CHESAPEAKE CITY PD,City,VA,2022,253745,321,28,349,73,102,175,394,130,524,2.07
NJ0180500,BRANCHBURG TWP PD SOMERVILLE,BRANCHBURG TWP PD SOMERVILLE,City,NJ,2022,14690,23,0,23,2,2,4,25,2,27,1.84
OH0150600,SALEM,SALEM,City,OH,2022,11776,23,0,23,0,3,3,23,3,26,2.21
DE0012600,CHESWOLD POLICE DEPARTMENT,CHESWOLD POLICE DEPARTMENT,City,DE,2022,1989,3,0,3,1,0,1,4,0,4,2.01
MT0050000,CARBON CO SO RED LODGE,CARBON CO SO RED LODGE,County,MT,2022,8031,13,3,16,0,5,5,13,8,21,2.61
WA0070000,COLUMBIA CO SO DAYTON,COLUMBIA CO SO DAYTON,County,WA,2022,4151,12,0,12,0,1,1,12,1,13,3.13
AL0650100,MCINTOSH PD,MCINTOSH PD,City,AL,2022,198,8,0,8,0,0,0,8,0,8,40.40
CA0220000,MARIPOSA CO SO MARIPOSA,MARIPOSA CO SO MARIPOSA,County,CA,2022,17189,50,2,52,15,15,30,65,17,82,4.77
LA0240000,IBERVILLE CO SO PLAQUEMINE,IBERVILLE CO SO PLAQUEMINE,County,LA,2022,12925,77,20,97,5,35,40,82,55,137,10.60
CO0460000,OURAY,OURAY,County,CO,2022,3018,7,0,7,1,1,2,8,1,9,2.98
GA0440500,CLARKSTON PD,CLARKSTON PD,City,GA,2022,14368,15,0,15,2,0,2,17,0,17,1.18
OK0600100,CUSHING,CUSHING,City,OK,2022,8195,14,3,17,2,5,7,16,8,24,2.93
SC0452600,STATE TRANSPORT POLICE,STATE TRANSPORT POLICE,Other State Agency,SC,2022,0,1,0,1,0,0,0,1,0,1,
OH0831500,WAYNESVILLE,WAYNESVILLE,City,OH,2022,2778,7,0,7,0,1,1,7,1,8,2.88
OK0320400,,,City,OK,2022,321,0,0,0,2,1,3,2,1,3,9.35
PA0112900,FERNDALE PD JOHNSTOWN,FERNDALE PD JOHNSTOWN,City,PA,2022,1520,1,0,1,0,0,0,1,0,1,0.66
IN0090100,LOGANSPORT PD,LOGANSPORT PD,City,IN,2022,18195,37,1,38,1,1,2,38,2,40,2.20
CA0400200,GROVER BEACH POLICE DEPARTMENT,GROVER BEACH POLICE DEPARTMENT,City,CA,2022,12728,17,2,19,2,2,4,19,4,23,1.81
TX0290900,,,Other,TX,2022,0,2,0,2,1,0,1,3,0,3,
IL0220600,DOWNERS GROVE PD,DOWNERS GROVE PD,City,IL,2022,49186,62,7,69,5,11,16,67,18,85,1.73
OK0660700,OOLOGAH,OOLOGAH,City,OK,2022,1316,5,0,5,0,0,0,5,0,5,3.80
VT0140500,WOODSTOCK PD,WOODSTOCK PD,City,VT,2022,3064,5,0,5,0,1,1,5,1,6,1.96
OH0420100,MOUNT VERNON,MOUNT VERNON,City,OH,2022,16860,26,2,28,5,2,7,31,4,35,2.08
NJ0131500,FREEHOLD BORO PD,FREEHOLD BORO PD,City,NJ,2022,12539,31,1,32,1,3,4,32,4,36,2.87
OK0081500,HINTON,HINTON,City,OK,2022,3144,5,0,5,1,0,1,6,0,6,1.91
IN0300500,,,City,IN,2022,827,3,0,3,0,0,0,3,0,3,3.63
OR0230100,NYSSA,NYSSA,City,OR,2022,3218,7,0,7,0,0,0,7,0,7,2.18
NJ0072800,MONTCLAIR ST COL CAMPUS PATROL UPPER MONTCLAIR,MONTCLAIR ST COL CAMPUS PATROL UPPER MONTCLAIR,University or College,NJ,2022,0,26,7,33,7,4,11,33,11,44,
NY0590000,WESTCHESTER CO DPS DIV OF POLICE WHITE PLAINS,WESTCHESTER CO DPS DIV OF POLICE WHITE PLAINS,County,NY,2022,81263,248,36,284,30,34,64,278,70,348,4.28
SC026SP00,HP: HORRY COUNTY,HP: HORRY COUNTY,State Police,SC,2022,0,73,0,73,5,0,5,78,0,78,
MA0031000,MANSFIELD PD,MANSFIELD PD,City,MA,2022,23932,34,8,42,4,2,6,38,10,48,2.01
WV0200700,CHESAPEAKE PD,CHESAPEAKE PD,City,WV,2022,1296,1,0,1,0,0,0,1,0,1,0.77
AL0260300,LEVEL PLAINS PD DALEVILLE,LEVEL PLAINS PD DALEVILLE,City,AL,2022,1823,5,0,5,0,0,0,5,0,5,2.74
MD0240400,SNOW HILL PD,SNOW HILL PD,City,MD,2022,2174,6,0,6,1,0,1,7,0,7,3.22
CO0220200,FLORENCE,FLORENCE,City,CO,2022,3990,6,1,7,0,1,1,6,2,8,2.01
CA0195600,REDONDO BEACH PD,REDONDO BEACH PD,City,CA,2022,68332,78,14,92,12,41,53,90,55,145,2.12
TX0431800,MURPHY PD,MURPHY PD,City,TX,2022,21297,18,3,21,6,8,14,24,11,35,1.64
IL0501000,STREATOR PD,STREATOR PD,City,IL,2022,12303,20,2,22,0,0,0,20,2,22,1.79
MO1040200,BERNIE,BERNIE,City,MO,2022,1837,5,2,7,0,2,2,5,4,9,4.90
TX1280200,KENEDY PD,KENEDY PD,City,TX,2022,3589,14,0,14,1,1,2,15,1,16,4.46
WA0190000,KITTITAS CO SO ELLENSBURG,KITTITAS CO SO ELLENSBURG,County,WA,2022,22127,46,35,81,4,14,18,50,49,99,4.47
UT0190100,BLANDING PD,BLANDING PD,City,UT,2022,3295,5,0,5,0,1,1,5,1,6,1.82
GA1220100,CONYERS PD,CONYERS PD,City,GA,2022,17709,56,4,60,19,23,42,75,27,102,5.76
NY0335600,GEDDES TOWN PD SOLVAY,GEDDES TOWN PD SOLVAY,City,NY,2022,10323,16,1,17,1,2,3,17,3,20,1.94
CA0362600,,,University or College,CA,2022,0,11,0,11,1,2,3,12,2,14,
OH0252300,OBETZ,OBETZ,City,OH,2022,6074,19,0,19,0,1,1,19,1,20,3.29
NY0525400,FALLSBURG TOWN PD FALLSBURG,FALLSBURG TOWN PD FALLSBURG,City,NY,2022,13890,18,0,18,2,0,2,20,0,20,1.44
NY0510100,SUFFOLK COUNTY PD YAPHANK,SUFFOLK COUNTY PD YAPHANK,County,NY,2022,1355324,2251,156,2407,307,333,640,2558,489,3047,2.25
GA0600800,PALMETTO PD,PALMETTO PD,City,GA,2022,5084,15,0,15,1,2,3,16,2,18,3.54
OR0150900,ROGUE RIVER,ROGUE RIVER,City,OR,2022,2427,5,0,5,0,1,1,5,1,6,2.47
AL0050900,SUMMERDALE PD,SUMMERDALE PD,City,AL,2022,1587,9,0,9,0,1,1,9,1,10,6.30
AL0350100,EUTAW PD,EUTAW PD,City,AL,2022,2823,12,0,12,1,2,3,13,2,15,5.31
OH0300100,CAMBRIDGE,CAMBRIDGE,City,OH,2022,9978,26,5,31,1,1,2,27,6,33,3.31
NJ0150700,TOMS RIVER POLICE DEPARTMENT,TOMS RIVER POLICE DEPARTMENT,City,NJ,2022,99239,154,27,181,8,21,29,162,48,210,2.12
OK0071000,CALERA,CALERA,City,OK,2022,2998,10,0,10,0,1,1,10,1,11,3.67
MA0071500,PALMER PD,PALMER PD,City,MA,2022,12393,18,4,22,0,4,4,18,8,26,2.10
TX2010000,RUSK CO SO HENDERSON,RUSK CO SO HENDERSON,County,TX,2022,32910,33,14,47,3,20,23,36,34,70,2.13
NJ0140800,DENVILLE TWP PD DENVILLE,DENVILLE TWP PD DENVILLE,City,NJ,2022,17119,33,5,38,1,3,4,34,8,42,2.45
OH0710000,ROSS,ROSS,County,OH,2022,54744,41,28,69,11,22,33,52,50,102,1.86
NH0041000,CARROLL PD,CARROLL PD,City,NH,2022,812,4,0,4,0,0,0,4,0,4,4.93
MNMHP1000,DPS-SP DISTRICT 3100 VIRGINIA,DPS-SP DISTRICT 3100 VIRGINIA,State Police,MN,2022,0,22,0,22,3,3,6,25,3,28,
IL0500000,LA SALLE CO SO OTTAWA,LA SALLE CO SO OTTAWA,County,IL,2022,32812,46,47,93,4,24,28,50,71,121,3.69
OR0040300,SEASIDE,SEASIDE,City,OR,2022,7357,16,3,19,2,6,8,18,9,27,3.67
NY0591000,SCARSDALE VILLAGE PD SCARSDALE,SCARSDALE VILLAGE PD SCARSDALE,City,NY,2022,17747,37,3,40,6,2,8,43,5,48,2.70
GA0120000,BLECKLEY CO SO COCHRAN,BLECKLEY CO SO COCHRAN,County,GA,2022,7604,16,11,27,1,14,15,17,25,42,5.52
TX1880600,AMARILLO AIRPORT POLICE DEPARTMENT AMARILLO,AMARILLO AIRPORT POLICE DEPARTMENT AMARILLO,Other,TX,2022,0,10,0,10,2,0,2,12,0,12,
OH0551200,WEST MILTON,WEST MILTON,City,OH,2022,4742,9,0,9,0,0,0,9,0,9,1.90
NY0290100,GLEN COVE CITY PD GLEN COVE,GLEN COVE CITY PD GLEN COVE,City,NY,2022,28004,48,2,50,5,2,7,53,4,57,2.04
IL0700200,LOVINGTON,LOVINGTON,City,IL,2022,1061,1,0,1,0,0,0,1,0,1,0.94
MS0440000,LOWNDES CO SO COLUMBUS,LOWNDES CO SO COLUMBUS,County,MS,2022,34552,52,20,72,6,32,38,58,52,110,3.18
NB0440000,HITCHCOCK CO SO TRENTON,HITCHCOCK CO SO TRENTON,County,NB,2022,2564,5,0,5,0,4,4,5,4,9,3.51
PA0025700,CASTLE SHANNON PD,CASTLE SHANNON PD,City,PA,2022,8287,11,0,11,2,1,3,13,1,14,1.69
DE301SP00,SP: KENT COUNTY,SP: KENT COUNTY,State Police,DE,2022,109781,238,48,286,37,112,149,275,160,435,3.96
NC0140100,GRANITE FALLS PD,GRANITE FALLS PD,City,NC,2022,4920,9,1,10,3,1,4,12,2,14,2.85
NJ0150400,BEACHWOOD PD,BEACHWOOD PD,City,NJ,2022,11188,19,1,20,1,2,3,20,3,23,2.06
MO0480600,INDEPENDENCE,INDEPENDENCE,City,MO,2022,121255,211,21,232,19,71,90,230,92,322,2.66
PA0501500,SPR: LITTLE BUFFALO,SPR: LITTLE BUFFALO,Other State Agency,PA,2022,0,2,0,2,2,0,2,4,0,4,
PA0670000,YORK COUNTY SHERIFF'S OFFICE,YORK COUNTY SHERIFF'S OFFICE,County,PA,2022,0,89,1,90,12,6,18,101,7,108,
MD0080400,ELKTON PD,ELKTON PD,City,MD,2022,15806,38,2,40,5,4,9,43,6,49,3.10
SC034NR00,DNR: MARION COUNTY,DNR: MARION COUNTY,Other State Agency,SC,2022,0,4,0,4,0,0,0,4,0,4,
TX0610200,DENTON PD,DENTON PD,City,TX,2022,154230,159,23,182,33,61,94,192,84,276,1.79
GA0340300,BROXTON PD,BROXTON PD,City,GA,2022,1074,4,0,4,1,1,2,5,1,6,5.59
WI0010000,ADAMS CO SO FRIENDSHIP,ADAMS CO SO FRIENDSHIP,County,WI,2022,15994,28,10,38,2,14,16,30,24,54,3.38
NY233UE00,SUNY COL: ENVIR SCI&FRTY,SUNY COL: ENVIR SCI&FRTY,University or College,NY,2022,0,8,3,11,1,2,3,9,5,14,
PA0020V00,INDIANA TOWNSHIP PD INDIANOLA,INDIANA TOWNSHIP PD INDIANOLA,City,PA,2022,7293,10,0,10,0,0,0,10,0,10,1.37
NC0345500,TRIAD ABC LAW ENFORCEMENT,TRIAD ABC LAW ENFORCEMENT,Other,NC,2022,0,5,0,5,0,1,1,5,1,6,
MO0070200,BUTLER,BUTLER,City,MO,2022,4189,5,1,6,0,3,3,5,4,9,2.15
NJ0152700,SEASIDE PARK PD,SEASIDE PARK PD,City,NJ,2022,1486,12,0,12,1,1,2,13,1,14,9.42
WV0290100,KEYSER PD,KEYSER PD,City,WV,2022,4883,8,0,8,2,1,3,10,1,11,2.25
KY0980500,CITY OF COAL RUN VILLAGE POLICE DEPT,CITY OF COAL RUN VILLAGE POLICE DEPT,City,KY,2022,1627,2,1,3,1,0,1,3,1,4,2.46
AR0440100,HUNTSVILLE PD,HUNTSVILLE PD,City,AR,2022,3156,9,0,9,0,2,2,9,2,11,3.49
TX1370100,KINGSVILLE PD,KINGSVILLE PD,City,TX,2022,24802,31,11,42,7,18,25,38,29,67,2.70
TX1550500,LACY LAKEVIEW PD WACO,LACY LAKEVIEW PD WACO,City,TX,2022,7143,13,3,16,1,6,7,14,9,23,3.22
PA0404900,PITTSTON TWP PD PITTSTON,PITTSTON TWP PD PITTSTON,City,PA,2022,3183,7,0,7,1,0,1,8,0,8,2.51
MS0420100,GREENWOOD PD,GREENWOOD PD,City,MS,2022,13692,23,1,24,7,14,21,30,15,45,3.29
IL0140000,CLINTON CO SO CARLYLE,CLINTON CO SO CARLYLE,County,IL,2022,14901,15,8,23,0,12,12,15,20,35,2.35
NM0230700,SAN YSIDRO,SAN YSIDRO,City,NM,2022,166,2,0,2,0,0,0,2,0,2,12.05
IL0841400,SHERMAN PD,SHERMAN PD,City,IL,2022,4603,7,0,7,0,0,0,7,0,7,1.52
TN0920300,GLEASON PD,GLEASON PD,City,TN,2022,1407,5,0,5,0,0,0,5,0,5,3.55
SD0130100,VERMILLION PD,VERMILLION PD,City,SD,2022,11927,11,0,11,2,2,4,13,2,15,1.26
LA0310300,GRAMBLING PD,GRAMBLING PD,City,LA,2022,5076,6,0,6,7,5,12,13,5,18,3.55
NJ0023700,MOONACHIE PD,MOONACHIE PD,City,NJ,2022,3093,20,0,20,0,2,2,20,2,22,7.11
IL0461000,HERSCHER PD,HERSCHER PD,City,IL,2022,1469,1,0,1,1,0,1,2,0,2,1.36
WA0240300,OMAK PD,OMAK PD,City,WA,2022,5063,10,1,11,0,3,3,10,4,14,2.77
FL0372900,,,Other State Agency,FL,2022,0,85,38,123,29,36,65,114,74,188,
PA0403000,SPR: RICKETTS GLEN,SPR: RICKETTS GLEN,Other State Agency,PA,2022,0,3,0,3,1,0,1,4,0,4,
NJ0028900,BERGEN CO PROSECUTOR HACKENSACK,BERGEN CO PROSECUTOR HACKENSACK,Other,NJ,2022,0,83,49,132,21,99,120,104,148,252,
UT0210700,SALINA PD,SALINA PD,City,UT,2022,2559,3,1,4,0,0,0,3,1,4,1.56
PA0026100,CRAFTON PD,CRAFTON PD,City,PA,2022,6387,9,0,9,0,1,1,9,1,10,1.57
NC0560100,MARION PD,MARION PD,City,NC,2022,7633,22,0,22,5,2,7,27,2,29,3.80
IN0300000,HANCOCK CO SO GREENFIELD,HANCOCK CO SO GREENFIELD,County,IN,2022,36371,42,34,76,5,17,22,47,51,98,2.69
LA0200200,MAMOU PD,MAMOU PD,City,LA,2022,2867,6,1,7,0,4,4,6,5,11,3.84
TN0330700,COLLEGEDALE PD,COLLEGEDALE PD,City,TN,2022,12032,23,1,24,2,0,2,25,1,26,2.16
NY0015200,GUILDERLAND TOWN PD GUILDERLAND,GUILDERLAND TOWN PD GUILDERLAND,City,NY,2022,35488,35,6,41,5,8,13,40,14,54,1.52
TX2460200,GEORGETOWN PD,GEORGETOWN PD,City,TX,2022,83371,80,8,88,13,24,37,93,32,125,1.50
GA0160400,GEORGIA SOUTHERN UNIVERSITY PD STATESBORO,GEORGIA SOUTHERN UNIVERSITY PD STATESBORO,University or College,GA,2022,0,33,7,40,13,12,25,46,19,65,
IL0168300,ORLAND PARK PD,ORLAND PARK PD,City,IL,2022,57206,93,16,109,8,18,26,101,34,135,2.36
ME0100200,BREWER PD,BREWER PD,City,ME,2022,9634,19,0,19,4,2,6,23,2,25,2.59
ND0310100,NEW TOWN PD,NEW TOWN PD,City,ND,2022,2713,3,1,4,2,0,2,5,1,6,2.21
MD0040900,MARYLAND GENERAL SERVICES POLICE BALTIMORE,MARYLAND GENERAL SERVICES POLICE BALTIMORE,Other State Agency,MD,2022,0,24,36,60,6,36,42,30,72,102,
CA0280100,CALISTOGA PD,CALISTOGA PD,City,CA,2022,5151,9,6,15,3,0,3,12,6,18,3.49
VT0130500,DOVER PD,DOVER PD,City,VT,2022,1859,6,0,6,1,1,2,7,1,8,4.30
WI0320200,ONALASKA PD,ONALASKA PD,City,WI,2022,18807,29,0,29,2,2,4,31,2,33,1.75
WA0050300,SEQUIM PD,SEQUIM PD,City,WA,2022,8439,14,2,16,4,4,8,18,6,24,2.84
CO0300800,CO SCHOOL OF MINES,CO SCHOOL OF MINES,University or College,CO,2022,0,8,0,8,2,1,3,10,1,11,
ME0140200,SEARSPORT PD,SEARSPORT PD,City,ME,2022,2663,5,0,5,0,0,0,5,0,5,1.88
IL0180100,GREENUP PD,GREENUP PD,City,IL,2022,1338,4,0,4,0,0,0,4,0,4,2.99
TX2280700,,,Other,TX,2022,0,3,0,3,0,0,0,3,0,3,
MI5315300,MASON CO SO LUDINGTON,MASON CO SO LUDINGTON,County,MI,2022,20542,24,13,37,1,7,8,25,20,45,2.19
MA0023500,MA COLLEGE OF LIBERAL ARTS CAMPUS POLICE,MA COLLEGE OF LIBERAL ARTS CAMPUS POLICE,University or College,MA,2022,0,3,5,8,1,2,3,4,7,11,
GA0710500,WEST GEORGIA TECHNICAL COLLEGE,WEST GEORGIA TECHNICAL COLLEGE,University or College,GA,2022,0,10,0,10,1,0,1,11,0,11,
IL0220500,CLARENDON HILLS PD,CLARENDON HILLS PD,City,IL,2022,8560,9,1,10,4,1,5,13,2,15,1.75
TN0070200,LA FOLLETTE PD,LA FOLLETTE PD,City,TN,2022,7271,16,0,16,4,10,14,20,10,30,4.13
AL0260700,PINKARD PD,PINKARD PD,City,AL,2022,593,1,0,1,0,0,0,1,0,1,1.69
NC0120200,VALDESE PD,VALDESE PD,City,NC,2022,4663,13,0,13,0,1,1,13,1,14,3.00
MA0093400,NORTH READING PD,NORTH READING PD,City,MA,2022,15197,31,0,31,1,3,4,32,3,35,2.30
MI2336700,EATON RAPIDS PD,EATON RAPIDS PD,City,MI,2022,5184,8,0,8,1,1,2,9,1,10,1.93
MI0210200,ALGER CO SO MUNISING,ALGER CO SO MUNISING,County,MI,2022,6840,10,3,13,2,2,4,12,5,17,2.49
NY0522000,LIBERTY VILLAGE PD LIBERTY,LIBERTY VILLAGE PD LIBERTY,City,NY,2022,5367,17,0,17,1,2,3,18,2,20,3.73
NY0583000,MACEDON POLICE DEPARTMENT,MACEDON POLICE DEPARTMENT,City,NY,2022,9247,3,0,3,2,1,3,5,1,6,0.65
WV0400600,LAW ENF DIV DEPT NATRL RESOURCES ROBERTSBURG,LAW ENF DIV DEPT NATRL RESOURCES ROBERTSBURG,Other State Agency,WV,2022,0,3,0,3,0,0,0,3,0,3,
OH0520800,LODI,LODI,City,OH,2022,2765,5,0,5,1,1,2,6,1,7,2.53
AR0310400,MINERAL SPRINGS POLICE DEPARTMENT,MINERAL SPRINGS POLICE DEPARTMENT,City,AR,2022,1074,3,0,3,0,0,0,3,0,3,2.79
WV0390100,KINGWOOD PD,KINGWOOD PD,City,WV,2022,3103,3,0,3,0,0,0,3,0,3,0.97
NJ0040000,CAMDEN CO SHERIFFS OFF CAMDEN,CAMDEN CO SHERIFFS OFF CAMDEN,County,NJ,2022,0,170,8,178,18,24,42,188,32,220,
MS0780100,EUPORA PD,EUPORA PD,City,MS,2022,1956,5,0,5,1,1,2,6,1,7,3.58
OK0270900,,,City,OK,2022,893,1,0,1,0,0,0,1,0,1,1.12
TX0150700,HILL COUNTRY VILLAGE POLICE DEPT,HILL COUNTRY VILLAGE POLICE DEPT,City,TX,2022,939,10,1,11,1,3,4,11,4,15,15.97
TN0830600,MILLERSVILLE POLICE DEPARTMENT,MILLERSVILLE POLICE DEPARTMENT,City,TN,2022,6239,13,0,13,1,3,4,14,3,17,2.72
WV0350600,WEST LIBERTY UNIVERSITY CAMPUS POLICE,WEST LIBERTY UNIVERSITY CAMPUS POLICE,University or College,WV,2022,0,6,0,6,1,0,1,7,0,7,
KS0620100,BELOIT PD,BELOIT PD,City,KS,2022,3396,6,1,7,1,1,2,7,2,9,2.65
FL0620100,PERRY PD,PERRY PD,City,FL,2022,6932,19,0,19,1,2,3,20,2,22,3.17
IL0980100,ALBANY PD,ALBANY PD,City,IL,2022,853,1,0,1,0,0,0,1,0,1,1.17
GA1400100,SOPERTON,SOPERTON,City,GA,2022,2823,7,0,7,0,1,1,7,1,8,2.83
WI0411900,UNIVERSITY OF WISCONSIN PD MILWAUKEE,UNIVERSITY OF WISCONSIN PD MILWAUKEE,University or College,WI,2022,0,26,4,30,8,5,13,34,9,43,
AR0350000,JEFFERSON CO SO PINE BLUFF,JEFFERSON CO SO PINE BLUFF,County,AR,2022,18409,35,27,62,6,41,47,41,68,109,5.92
PA0024800,ASPINWALL PD,ASPINWALL PD,City,PA,2022,2840,6,0,6,1,0,1,7,0,7,2.46
KY0880000,MORGAN CO SO WEST LIBERTY,MORGAN CO SO WEST LIBERTY,County,KY,2022,10662,10,1,11,0,0,0,10,1,11,1.03
SC0182600,STATE TRANSPORT POLICE,STATE TRANSPORT POLICE,Other State Agency,SC,2022,0,6,0,6,1,0,1,7,0,7,
MA009619E,BOSTON COLLEGE CAMPUS POLICE,BOSTON COLLEGE CAMPUS POLICE,University or College,MA,2022,0,43,23,66,5,3,8,48,26,74,
OR0320000,WALLOWA,WALLOWA,County,OR,2022,5542,5,2,7,0,3,3,5,5,10,1.80
TX1340000,KIMBLE CO SO JUNCTION,KIMBLE CO SO JUNCTION,County,TX,2022,1933,10,6,16,1,3,4,11,9,20,10.35
MD0210000,TALBOT CO SO EASTON,TALBOT CO SO EASTON,County,MD,2022,17726,37,0,37,4,3,7,41,3,44,2.48
NY0595000,BEDFORD TOWN PD BEDFORD,BEDFORD TOWN PD BEDFORD,City,NY,2022,16989,31,2,33,7,3,10,38,5,43,2.53
NC0090400,WHITE LAKE PD,WHITE LAKE PD,City,NC,2022,847,6,0,6,0,0,0,6,0,6,7.08
AL0390900,SKYLINE PD SCOTTSBORO,SKYLINE PD SCOTTSBORO,City,AL,2022,843,1,0,1,0,0,0,1,0,1,1.19
PA0463200,WHITEMARSH TWP PD LAFAYETTE HILL,WHITEMARSH TWP PD LAFAYETTE HILL,City,PA,2022,20098,33,2,35,2,3,5,35,5,40,1.99
MN0720400,,,City,MN,2022,792,1,0,1,0,0,0,1,0,1,1.26
MI8277500,TAYLOR PD,TAYLOR PD,City,MI,2022,61901,66,13,79,3,4,7,69,17,86,1.39
IL0600100,ALTON PD,ALTON PD,City,IL,2022,25212,55,7,62,9,13,22,64,20,84,3.33
IL0221200,LISLE PD,LISLE PD,City,IL,2022,23647,30,4,34,7,5,12,37,9,46,1.95
MN0410000,LINCOLN CO SO IVANHOE,LINCOLN CO SO IVANHOE,County,MN,2022,4407,7,1,8,0,5,5,7,6,13,2.95
NC0070100,WASHINGTON PD,WASHINGTON PD,City,NC,2022,9614,26,2,28,1,9,10,27,11,38,3.95
MI0110100,ALCONA CO SO HARRISVILLE,ALCONA CO SO HARRISVILLE,County,MI,2022,10313,10,1,11,1,1,2,11,2,13,1.26
MO0170000,CARROLL,CARROLL,County,MO,2022,4897,6,0,6,2,1,3,8,1,9,1.84
PA0211900,NEWVILLE PD,NEWVILLE PD,City,PA,2022,1389,3,0,3,0,0,0,3,0,3,2.16
CO0620800,DACONO,DACONO,City,CO,2022,6635,11,0,11,2,4,6,13,4,17,2.56
MI7929600,CASS CITY PD,CASS CITY PD,City,MI,2022,2489,5,0,5,0,0,0,5,0,5,2.01
TX1660100,CAMERON PD,CAMERON PD,City,TX,2022,5415,8,0,8,2,4,6,10,4,14,2.59
NJ0180600,BRIDGEWATER TWP PD BRIDGEWATER,BRIDGEWATER TWP PD BRIDGEWATER,City,NJ,2022,46836,71,4,75,3,6,9,74,10,84,1.79
TX1551400,WOODWAY PD WACO,WOODWAY PD WACO,City,TX,2022,9514,34,5,39,0,4,4,34,9,43,4.52
MN0720600,,,City,MN,2022,1329,3,0,3,1,0,1,4,0,4,3.01
CA0300700,FOUNTAIN VALLEY PD,FOUNTAIN VALLEY PD,City,CA,2022,55941,47,1,48,11,20,31,58,21,79,1.41
OH0761000,NAVARRE,NAVARRE,City,OH,2022,1832,5,0,5,0,0,0,5,0,5,2.73
NB0590000,MC PHERSON CO SO TRYON,MC PHERSON CO SO TRYON,County,NB,2022,363,1,0,1,0,0,0,1,0,1,2.75
OR0210300,TOLEDO,TOLEDO,City,OR,2022,3557,6,1,7,0,5,5,6,6,12,3.37
PA0103900,,,Other State Agency,PA,2022,0,1,0,1,0,0,0,1,0,1,
NC0180400,NEWTON PD,NEWTON PD,City,NC,2022,13252,27,4,31,1,5,6,28,9,37,2.79
TX0180800,MERIDIAN POLICE DEPARTMENT MERIDIAN,MERIDIAN POLICE DEPARTMENT MERIDIAN,City,TX,2022,1424,4,0,4,0,0,0,4,0,4,2.81
NC0781000,STATE PARK RANGER LUMBER RIVER ORRUM,STATE PARK RANGER LUMBER RIVER ORRUM,Other State Agency,NC,2022,0,3,3,6,0,1,1,3,4,7,
IL0080000,CARROLL CO SO MOUNT CARROLL,CARROLL CO SO MOUNT CARROLL,County,IL,2022,6479,7,6,13,1,9,10,8,15,23,3.55
AL0220000,COOSA CO SO ROCKFORD,COOSA CO SO ROCKFORD,County,AL,2022,8922,10,9,19,0,3,3,10,12,22,2.47
MN0470000,MEEKER CO SO LITCHFIELD,MEEKER CO SO LITCHFIELD,County,MN,2022,16327,18,10,28,3,17,20,21,27,48,2.94
MI2583900,BURTON PD FLINT,BURTON PD FLINT,City,MI,2022,29373,28,0,28,7,3,10,35,3,38,1.29
NJ0011600,MARGATE CITY PD,MARGATE CITY PD,City,NJ,2022,5202,25,2,27,5,8,13,30,10,40,7.69
GA0680100,CORNELIA PD,CORNELIA PD,City,GA,2022,5007,17,0,17,0,2,2,17,2,19,3.79
OH0120000,CLARK,CLARK,County,OH,2022,64340,84,44,128,21,55,76,105,99,204,3.17
OK0600200,STILLWATER,STILLWATER,City,OK,2022,48384,72,13,85,6,21,27,78,34,112,2.31
TX2190300,TULIA PD,TULIA PD,City,TX,2022,4501,9,1,10,1,6,7,10,7,17,3.78
NC0610200,BAKERSVILLE PD,BAKERSVILLE PD,City,NC,2022,455,1,0,1,0,0,0,1,0,1,2.20
AR0690100,MOUNTAIN VIEW PD,MOUNTAIN VIEW PD,City,AR,2022,2905,9,0,9,1,1,2,10,1,11,3.79
AL0290300,ECLECTIC PD,ECLECTIC PD,City,AL,2022,1234,7,0,7,1,1,2,8,1,9,7.29
WI0610300,RIB LAKE,RIB LAKE,City,WI,2022,913,1,0,1,0,0,0,1,0,1,1.10
NY0330100,SYRACUSE CITY PD SYRACUSE,SYRACUSE CITY PD SYRACUSE,City,NY,2022,145179,314,37,351,59,44,103,373,81,454,3.13
WI0137500,SHOREWOOD HILLS PD MADISON,SHOREWOOD HILLS PD MADISON,City,WI,2022,2113,3,0,3,3,1,4,6,1,7,3.31
MA0111500,MILTON PD,MILTON PD,City,MA,2022,28454,44,4,48,22,9,31,66,13,79,2.78
LA0550000,TERREBONNE CO SO HOUMA,TERREBONNE CO SO HOUMA,County,LA,2022,75153,179,29,208,74,31,105,253,60,313,4.16
NJ0190900,HAMBURG PD,HAMBURG PD,City,NJ,2022,3311,8,0,8,1,1,2,9,1,10,3.02
AL0500200,GUNTERSVILLE PD,GUNTERSVILLE PD,City,AL,2022,8858,29,9,38,3,3,6,32,12,44,4.97
WV0530000,WIRT CO SO ELIZABETH,WIRT CO SO ELIZABETH,County,WV,2022,4943,3,2,5,0,1,1,3,3,6,1.21
WV0200100,BELLE PD,BELLE PD,City,WV,2022,1128,3,0,3,0,0,0,3,0,3,2.66
CA0160200,HANFORD PD,HANFORD PD,City,CA,2022,58990,54,5,59,7,22,29,61,27,88,1.49
IL0168100,OAK PARK PD,OAK PARK PD,City,IL,2022,52152,85,6,91,14,16,30,99,22,121,2.32
CA0360400,FONTANA PD,FONTANA PD,City,CA,2022,212730,171,20,191,18,86,104,189,106,295,1.39
OR0180100,KLAMATH FALLS,KLAMATH FALLS,City,OR,2022,23078,29,1,30,6,4,10,35,5,40,1.73
OR0220300,LEBANON,LEBANON,City,OR,2022,19456,26,3,29,1,8,9,27,11,38,1.95
MN0500000,MOWER CO SO AUSTIN,MOWER CO SO AUSTIN,County,MN,2022,14055,31,21,52,1,28,29,32,49,81,5.76
MT0410000,RAVALLI CO SO HAMILTON,RAVALLI CO SO HAMILTON,County,MT,2022,40300,37,17,54,2,24,26,39,41,80,1.99
NJ0141700,MADISON PD,MADISON PD,City,NJ,2022,16975,27,5,32,1,3,4,28,8,36,2.12
IN0580000,OHIO CO SO RISING SUN,OHIO CO SO RISING SUN,County,IN,2022,6031,8,0,8,0,1,1,8,1,9,1.49
GA0760200,WARNER ROBINS PD,WARNER ROBINS PD,City,GA,2022,82409,85,21,106,11,37,48,96,58,154,1.87
MO1020000,SHANNON,SHANNON,County,MO,2022,5063,4,1,5,0,4,4,4,5,9,1.78
SD0460300,SUMMERSET POLICE DEPARTMENT,SUMMERSET POLICE DEPARTMENT,City,SD,2022,3059,7,0,7,0,1,1,7,1,8,2.62
PA0230800,DARBY PD,DARBY PD,City,PA,2022,10581,15,0,15,2,1,3,17,1,18,1.70
MA0011500,YARMOUTH PD,YARMOUTH PD,City,MA,2022,25705,54,3,57,4,13,17,58,16,74,2.88
ME0070000,KNOX CO SO ROCKLAND,KNOX CO SO ROCKLAND,County,ME,2022,22714,19,0,19,0,2,2,19,2,21,0.92
NC0350300,YOUNGSVILLE PD,YOUNGSVILLE PD,City,NC,2022,2197,9,0,9,1,1,2,10,1,11,5.01
WA0340000,THURSTON CO SO OLYMPIA,THURSTON CO SO OLYMPIA,County,WA,2022,150934,85,98,183,7,47,54,92,145,237,1.57
NJ0120800,JAMESBURG PD,JAMESBURG PD,City,NJ,2022,5703,18,5,23,0,0,0,18,5,23,4.03
MN0380000,LAKE CO SO TWO HARBORS,LAKE CO SO TWO HARBORS,County,MN,2022,5616,16,6,22,0,8,8,16,14,30,5.34
TN0370300,MOUNT CARMEL POLICE DEPARTMENT,MOUNT CARMEL POLICE DEPARTMENT,City,TN,2022,5522,7,0,7,0,0,0,7,0,7,1.27
AL0250100,CULLMAN PD,CULLMAN PD,City,AL,2022,19065,46,4,50,1,5,6,47,9,56,2.94
CA0150800,TAFT PD,TAFT PD,City,CA,2022,8674,12,1,13,1,7,8,13,8,21,2.42
PA0021400,MC KEES ROCKS PD,MC KEES ROCKS PD,City,PA,2022,5762,11,0,11,0,1,1,11,1,12,2.08
PA0670300,SPRING GARDEN TWP PD YORK,SPRING GARDEN TWP PD YORK,City,PA,2022,13941,19,1,20,2,3,5,21,4,25,1.79
TX0040000,ARANSAS CO SO ROCKPORT,ARANSAS CO SO ROCKPORT,County,TX,2022,12235,20,23,43,2,26,28,22,49,71,5.80
MA0010100,BARNSTABLE PD,BARNSTABLE PD,City,MA,2022,50501,93,6,99,26,21,47,119,27,146,2.89
AR0042000,HIGHFILL POLICE DEPARTMENT,HIGHFILL POLICE DEPARTMENT,City,AR,2022,2099,5,0,5,0,0,0,5,0,5,2.38
TN0480000,LAKE CO SO TIPTONVILLE,LAKE CO SO TIPTONVILLE,County,TN,2022,1441,8,11,19,0,0,0,8,11,19,13.19
NY0595700,MOUNT PLEASANT TOWN PD VALHALLA,MOUNT PLEASANT TOWN PD VALHALLA,City,NY,2022,25892,45,6,51,4,1,5,49,7,56,2.16
NJ0022800,HO HO KUS PD,HO HO KUS PD,City,NJ,2022,4195,14,3,17,2,2,4,16,5,21,5.01
ND0110000,DICKEY CO SO ELLENDALE,DICKEY CO SO ELLENDALE,County,ND,2022,2041,2,0,2,0,1,1,2,1,3,1.47
MO1100000,WARREN,WARREN,County,MO,2022,21489,31,15,46,3,18,21,34,33,67,3.12
VA0620000,NELSON CO SO LOVINGSTON,NELSON CO SO LOVINGSTON,County,VA,2022,14733,19,0,19,1,3,4,20,3,23,1.56
IA0490400,,,City,IA,2022,491,3,0,3,0,0,0,3,0,3,6.11
WV0040000,BRAXTON CO SO SUTTON,BRAXTON CO SO SUTTON,County,WV,2022,10122,8,1,9,0,1,1,8,2,10,0.99
CA0195100,PALOS VERDES ESTATES PD PALOS VERDES PENINSULA,PALOS VERDES ESTATES PD PALOS VERDES PENINSULA,City,CA,2022,12767,20,1,21,0,8,8,20,9,29,2.27
PA0200800,LINESVILLE PD,LINESVILLE PD,City,PA,2022,950,2,0,2,0,0,0,2,0,2,2.11
SC0320800,PELION POLICE DEPARTMENT,PELION POLICE DEPARTMENT,City,SC,2022,622,3,0,3,0,0,0,3,0,3,4.82
PA0152200,SCHUYLKILL TWP PD PHOENIXVILLE,SCHUYLKILL TWP PD PHOENIXVILLE,City,PA,2022,8787,11,0,11,0,2,2,11,2,13,1.48
FL0061800,LAUDERHILL PD,LAUDERHILL PD,City,FL,2022,72654,100,13,113,25,37,62,125,50,175,2.41
MS0470000,MARSHALL CO SO HOLLY SPRINGS,MARSHALL CO SO HOLLY SPRINGS,County,MS,2022,25819,37,10,47,2,16,18,39,26,65,2.52
VA0510000,LANCASTER CO SO LANCASTER,LANCASTER CO SO LANCASTER,County,VA,2022,9250,28,3,31,2,10,12,30,13,43,4.65
NH0102200,SPRINGFIELD,SPRINGFIELD,City,NH,2022,1316,2,0,2,0,0,0,2,0,2,1.52
NJ0201600,SCOTCH PLAINS PD,SCOTCH PLAINS PD,City,NJ,2022,24490,44,0,44,5,3,8,49,3,52,2.12
IL0140300,CARLYLE PD,CARLYLE PD,City,IL,2022,3200,6,0,6,1,1,2,7,1,8,2.50
MI8190600,PITTSFIELD TOWNSHIP PD ANN ARBOR,PITTSFIELD TOWNSHIP PD ANN ARBOR,City,MI,2022,39298,32,0,32,8,2,10,40,2,42,1.07
MN0730200,MELROSE PD,MELROSE PD,City,MN,2022,3604,5,0,5,0,1,1,5,1,6,1.66
NC0840200,NORWOOD PD,NORWOOD PD,City,NC,2022,2434,10,1,11,0,0,0,10,1,11,4.52
KS0590000,MARSHALL CO SO MARYSVILLE,MARSHALL CO SO MARYSVILLE,County,KS,2022,4259,11,12,23,0,4,4,11,16,27,6.34
SC0090000,CALHOUN CO SO ST MATTHEWS,CALHOUN CO SO ST MATTHEWS,County,SC,2022,12134,24,0,24,2,2,4,26,2,28,2.31
FL0480800,OAKLAND PD,OAKLAND PD,City,FL,2022,3470,10,1,11,3,1,4,13,2,15,4.32
MI7532900,CONSTANTINE PD,CONSTANTINE PD,City,MI,2022,1968,3,0,3,0,1,1,3,1,4,2.03
WI0141100,,,City,WI,2022,610,1,0,1,0,0,0,1,0,1,1.64
GA0890500,WALTHOURVILLE,WALTHOURVILLE,City,GA,2022,3862,8,0,8,1,1,2,9,1,10,2.59
SD0540200,SISSETON TRIBAL PD SISSETON,SISSETON TRIBAL PD SISSETON,Tribal,SD,2022,0,16,4,20,0,4,4,16,8,24,
ND0200000,GRIGGS CO SO COOPERSTOWN,GRIGGS CO SO COOPERSTOWN,County,ND,2022,2290,3,0,3,0,1,1,3,1,4,1.75
PA0543100,BUTLER TWP PD FOUNTAIN SPRINGS,BUTLER TWP PD FOUNTAIN SPRINGS,City,PA,2022,5619,5,0,5,0,0,0,5,0,5,0.89
TX0575500,OVILLA POLICE DEPARTMENT,OVILLA POLICE DEPARTMENT,City,TX,2022,4365,9,0,9,1,1,2,10,1,11,2.52
AK0015000,SAINT PAUL POLICE DEPARTMENT SAINT PAUL,SAINT PAUL POLICE DEPARTMENT SAINT PAUL,City,AK,2022,468,3,2,5,0,2,2,3,4,7,14.96
SC0430100,SUMTER PD,SUMTER PD,City,SC,2022,42613,76,11,87,27,31,58,103,42,145,3.40
KS0700000,OSAGE CO SO LYNDON,OSAGE CO SO LYNDON,County,KS,2022,7631,26,2,28,4,12,16,30,14,44,5.77
PA0233000,SHARON HILL PD,SHARON HILL PD,City,PA,2022,5923,8,0,8,0,1,1,8,1,9,1.52
WV0202100,LAW ENF DIV DEPT NATRL RESOURCES ST ALBANS,LAW ENF DIV DEPT NATRL RESOURCES ST ALBANS,Other State Agency,WV,2022,0,13,1,14,0,5,5,13,6,19,
AL0280000,DE KALB CO SO FORT PAYNE,DE KALB CO SO FORT PAYNE,County,AL,2022,38969,42,27,69,2,26,28,44,53,97,2.49
WA0341000,ST GAMBLING COMM ENFRC U,ST GAMBLING COMM ENFRC U,Other State Agency,WA,2022,0,33,19,52,16,28,44,49,47,96,
OR009SP00,SP: DESCHUTES COUNTY,SP: DESCHUTES COUNTY,State Police,OR,2022,0,37,5,42,5,10,15,42,15,57,
WV0340100,RICHWOOD PD,RICHWOOD PD,City,WV,2022,1619,3,0,3,0,0,0,3,0,3,1.85
GA1150000,SO CEDARTOWN,SO CEDARTOWN,County,GA,2022,0,31,22,53,2,16,18,33,38,71,
TX1522800,,,Other,TX,2022,0,8,1,9,2,3,5,10,4,14,
OK0581500,NE OKLAHOMA A&M COLLEGE,NE OKLAHOMA A&M COLLEGE,University or College,OK,2022,0,4,0,4,0,1,1,4,1,5,
IL0490100,ANTIOCH PD,ANTIOCH PD,City,IL,2022,15017,22,0,22,5,3,8,27,3,30,2.00
PA0031400,MANOR TWP PD MC GRANN,MANOR TWP PD MC GRANN,City,PA,2022,4125,3,0,3,2,0,2,5,0,5,1.21
GA1061900,,,Other,GA,2022,0,13,2,15,10,4,14,23,6,29,
CO0620700,ERIE,ERIE,City,CO,2022,32832,27,2,29,14,10,24,41,12,53,1.61
NH0066000,WEARE PD,WEARE PD,City,NH,2022,9213,10,0,10,1,1,2,11,1,12,1.30
NY433PR0X,ONONDAGA COUNTY PARKS,ONONDAGA COUNTY PARKS,Other,NY,2022,0,1,0,1,0,0,0,1,0,1,
TX1160000,HUNT CO SO GREENVILLE,HUNT CO SO GREENVILLE,County,TX,2022,56037,40,50,90,6,38,44,46,88,134,2.39
OK0690100,COMANCHE,COMANCHE,City,OK,2022,1396,6,0,6,0,1,1,6,1,7,5.01
NC0361100,CRAMERTON PD,CRAMERTON PD,City,NC,2022,5441,18,0,18,0,0,0,18,0,18,3.31
NH0010200,ALTON PD,ALTON PD,City,NH,2022,6054,10,0,10,2,2,4,12,2,14,2.31
NC0590600,ROBERSONVILLE PD,ROBERSONVILLE PD,City,NC,2022,1236,5,0,5,0,0,0,5,0,5,4.05
TX1040100,HASKELL PD,HASKELL PD,City,TX,2022,3033,5,1,6,0,0,0,5,1,6,1.98
TX2490800,RUNAWAY BAY POLICE DEPARTMENT,RUNAWAY BAY POLICE DEPARTMENT,City,TX,2022,1764,5,0,5,0,0,0,5,0,5,2.83
OH0780700,WARREN,WARREN,City,OH,2022,38943,54,1,55,5,4,9,59,5,64,1.64
CT0011300,PORTLAND POLICE DEPARTMENT,PORTLAND POLICE DEPARTMENT,City,CT,2022,9499,12,0,12,0,1,1,12,1,13,1.37
NY0353200,MAYBROOK VILLAGE PD MAYBROOK,MAYBROOK VILLAGE PD MAYBROOK,City,NY,2022,3184,4,0,4,0,0,0,4,0,4,1.26
CA0365000,FONTANA UNIFIED SCH DIST,FONTANA UNIFIED SCH DIST,Other,CA,2022,0,11,33,44,2,27,29,13,60,73,
MO1080100,CABOOL,CABOOL,City,MO,2022,2024,8,2,10,0,2,2,8,4,12,5.93
PA0590000,TIOGA CO SO WELLSBORO,TIOGA CO SO WELLSBORO,County,PA,2022,0,5,0,5,0,2,2,5,2,7,
TX2190000,SWISHER CO SO TULIA,SWISHER CO SO TULIA,County,TX,2022,1417,4,0,4,5,1,6,9,1,10,7.06
WV0160300,LAW ENF DIV DEPT NATRL RESOURCES BAKER,LAW ENF DIV DEPT NATRL RESOURCES BAKER,Other State Agency,WV,2022,0,2,0,2,0,0,0,2,0,2,
LA0490800,KROTZ SPRINGS PD,KROTZ SPRINGS PD,City,LA,2022,894,3,0,3,2,3,5,5,3,8,8.95
VA0050000,AMHERST CO SO AMHERST,AMHERST CO SO AMHERST,County,VA,2022,29240,36,1,37,7,7,14,43,8,51,1.74
TX0010100,PALESTINE POLICE DEPT,PALESTINE POLICE DEPT,City,TX,2022,19113,30,6,36,2,10,12,32,16,48,2.51
SD0260000,GREGORY CO SO BURKE,GREGORY CO SO BURKE,County,SD,2022,2236,4,0,4,0,1,1,4,1,5,2.24
MI1111100,BERRIEN CO SO ST JOSEPH,BERRIEN CO SO ST JOSEPH,County,MI,2022,49847,58,54,112,12,36,48,70,90,160,3.21
PA0042800,RACCOON TWP PD ALIQUIPPA,RACCOON TWP PD ALIQUIPPA,City,PA,2022,2739,2,0,2,1,0,1,3,0,3,1.10
OR0060100,BANDON,BANDON,City,OR,2022,3342,6,2,8,0,1,1,6,3,9,2.69
OK0280300,GRANITE,GRANITE,City,OK,2022,1753,4,0,4,0,0,0,4,0,4,2.28
TN0190300,BELLE MEADE PD NASHVILLE,BELLE MEADE PD NASHVILLE,City,TN,2022,2593,13,2,15,2,3,5,15,5,20,7.71
VA0210100,CHESTERFIELD PD,CHESTERFIELD PD,County,VA,2022,377184,470,30,500,72,100,172,542,130,672,1.78
NM0320000,VALENCIA CO SO LOS LUNAS,VALENCIA CO SO LOS LUNAS,County,NM,2022,44667,41,9,50,4,6,10,45,15,60,1.34
TX0204000,,,Other,TX,2022,0,13,0,13,8,1,9,21,1,22,
MN0320300,,,City,MN,2022,602,1,0,1,0,0,0,1,0,1,1.66
OH0470200,AVON,AVON,City,OH,2022,25560,44,2,46,2,6,8,46,8,54,2.11
AK0010100,ANCHORAGE PD,ANCHORAGE PD,City,AK,2022,285821,356,33,389,50,124,174,406,157,563,1.97
SC0321100,SPRINGDALE PD,SPRINGDALE PD,City,SC,2022,2749,10,0,10,0,1,1,10,1,11,4.00
CA0150300,DELANO PD,DELANO PD,City,CA,2022,52484,41,5,46,4,15,19,45,20,65,1.24
NC0760400,RAMSEUR PD,RAMSEUR PD,City,NC,2022,1753,6,0,6,0,0,0,6,0,6,3.42
MNDI06000,LOWER SIOUX POLICE DEPARTMENT,LOWER SIOUX POLICE DEPARTMENT,Tribal,MN,2022,0,3,0,3,0,1,1,3,1,4,
TN0350200,WHITEVILLE PD,WHITEVILLE PD,City,TN,2022,2646,6,0,6,1,0,1,7,0,7,2.65
KS0320000,GOVE CO SO GOVE,GOVE CO SO GOVE,County,KS,2022,2817,4,0,4,0,2,2,4,2,6,2.13
NY0252200,GENESEO VILLAGE PD GENESEO,GENESEO VILLAGE PD GENESEO,City,NY,2022,8123,8,0,8,1,0,1,9,0,9,1.11
WV0110100,GLENVILLE PD,GLENVILLE PD,City,WV,2022,1106,1,0,1,1,1,2,2,1,3,2.71
NM0030100,ROSWELL PD,ROSWELL PD,City,NM,2022,47625,79,5,84,11,17,28,90,22,112,2.35
WI0371000,MOSINEE PD,MOSINEE PD,City,WI,2022,4501,7,0,7,0,1,1,7,1,8,1.78
TX2470700,LA VERNIA PD LA VERNIA,LA VERNIA PD LA VERNIA,City,TX,2022,1224,11,0,11,0,0,0,11,0,11,8.99
PA0540900,SCHUYLKILL HAVEN PD,SCHUYLKILL HAVEN PD,City,PA,2022,5275,8,0,8,0,0,0,8,0,8,1.52
AR0150000,CONWAY CO SO MORRILTON,CONWAY CO SO MORRILTON,County,AR,2022,12936,22,0,22,2,2,4,24,2,26,2.01
AR0560200,TRUMANN PD,TRUMANN PD,City,AR,2022,7283,17,2,19,1,6,7,18,8,26,3.57
KS0800100,LYONS PD,LYONS PD,City,KS,2022,3554,5,0,5,1,1,2,6,1,7,1.97
NJ009149E,STEVENS INSTITUTE OF TEC,STEVENS INSTITUTE OF TEC,University or College,NJ,2022,0,20,1,21,1,1,2,21,2,23,
TX0320100,PITTSBURG PD,PITTSBURG PD,City,TX,2022,4433,10,1,11,1,1,2,11,2,13,2.93
PA0096200,RICHLAND TOWNSHIP,RICHLAND TOWNSHIP,City,PA,2022,14102,17,0,17,0,2,2,17,2,19,1.35
VT0020800,WINHALL PD BONDVILLE,WINHALL PD BONDVILLE,City,VT,2022,1180,8,0,8,0,1,1,8,1,9,7.63
WI0141000,LOMIRA,LOMIRA,City,WI,2022,2680,2,0,2,0,0,0,2,0,2,0.75
CA0309600,,,University or College,CA,2022,0,11,2,13,0,4,4,11,6,17,
NY0075500,ELMIRA TOWN PD ELMIRA,ELMIRA TOWN PD ELMIRA,City,NY,2022,5645,5,0,5,0,0,0,5,0,5,0.89
OH0830100,FRANKLIN,FRANKLIN,City,OH,2022,11604,22,0,22,4,7,11,26,7,33,2.84
MS0770000,WAYNE CO SO WAYNESBORO,WAYNE CO SO WAYNESBORO,County,MS,2022,15088,10,6,16,2,9,11,12,15,27,1.79
NY0352400,HIGHLAND FALLS VILLAGE PD HIGHLAND FALLS,HIGHLAND FALLS VILLAGE PD HIGHLAND FALLS,City,NY,2022,3728,6,0,6,0,3,3,6,3,9,2.41
PA0311000,SPR: GREENWOOD FURNACE,SPR: GREENWOOD FURNACE,Other State Agency,PA,2022,0,2,1,3,0,1,1,2,2,4,
OH0810000,VAN WERT,VAN WERT,County,OH,2022,13421,22,9,31,2,12,14,24,21,45,3.35
FL0060900,WILTON MANORS PD,WILTON MANORS PD,City,FL,2022,11202,23,5,28,10,9,19,33,14,47,4.20
AL0420400,HILLSBORO PD,HILLSBORO PD,City,AL,2022,408,2,0,2,0,0,0,2,0,2,4.90
NC0101000,CASWELL BEACH PD,CASWELL BEACH PD,City,NC,2022,405,3,0,3,1,0,1,4,0,4,9.88
ND0440000,SLOPE CO SO AMIDON,SLOPE CO SO AMIDON,County,ND,2022,686,1,0,1,0,0,0,1,0,1,1.46
GA0160000,BULLOCH CO SO STATESBORO,BULLOCH CO SO STATESBORO,County,GA,2022,47537,74,1,75,3,10,13,77,11,88,1.85
FL0550700,FLORIDA SCHOOL DEAF & BLIND CAMPUS POLICE DEPT,FLORIDA SCHOOL DEAF & BLIND CAMPUS POLICE DEPT,Other,FL,2022,0,9,4,13,2,4,6,11,8,19,
WI0680400,NEW BERLIN PD,NEW BERLIN PD,City,WI,2022,40358,55,0,55,14,11,25,69,11,80,1.98
MS0251600,UNIV OF MISSISSIPPI MEDICAL CTR POLICE JACKSON,UNIV OF MISSISSIPPI MEDICAL CTR POLICE JACKSON,University or College,MS,2022,0,38,10,48,19,13,32,57,23,80,
AR0560700,WEINER POLICE DEPARTMENT,WEINER POLICE DEPARTMENT,City,AR,2022,631,1,0,1,0,1,1,1,1,2,3.17
IL0222900,OAKBROOK TERRACE PD,OAKBROOK TERRACE PD,City,IL,2022,2699,16,0,16,2,3,5,18,3,21,7.78
NY0356700,NEW WINDSOR TOWN PD NEW WINDSOR,NEW WINDSOR TOWN PD NEW WINDSOR,City,NY,2022,28008,40,4,44,3,8,11,43,12,55,1.96
CO0450400,FOWLER,FOWLER,City,CO,2022,1240,2,0,2,2,0,2,4,0,4,3.23
PA0363800,SUSQUEHANNA REGIONAL POLICE DEPARTMENT,SUSQUEHANNA REGIONAL POLICE DEPARTMENT,City,PA,2022,15362,13,0,13,2,2,4,15,2,17,1.11
OK0601100,IOWA TRIBAL,IOWA TRIBAL,Tribal,OK,2022,0,6,1,7,1,4,5,7,5,12,
IL0493200,LAKE COUNTY COLLEGE PD GRAYSLAKE,LAKE COUNTY COLLEGE PD GRAYSLAKE,University or College,IL,2022,0,19,6,25,1,5,6,20,11,31,
LA0370200,WEST MONROE PD,WEST MONROE PD,City,LA,2022,12680,46,2,48,4,10,14,50,12,62,4.89
MI6362800,OAK PARK PD,OAK PARK PD,City,MI,2022,29115,42,3,45,8,9,17,50,12,62,2.13
PA0091800,SOLEBURY TWP PD SOLEBURY,SOLEBURY TWP PD SOLEBURY,City,PA,2022,8674,15,1,16,2,1,3,17,2,19,2.19
GA1340600,JACKSONVILLE POLICE DEPARTMENT,JACKSONVILLE POLICE DEPARTMENT,City,GA,2022,115,4,0,4,0,1,1,4,1,5,43.48
SD0120000,CLARK CO SO CLARK,CLARK CO SO CLARK,County,SD,2022,2746,2,0,2,1,0,1,3,0,3,1.09
TX0431900,PARKER PD PARKER,PARKER PD PARKER,City,TX,2022,6144,7,0,7,2,1,3,9,1,10,1.63
AR0270000,GRANT CO SO SHERIDAN,GRANT CO SO SHERIDAN,County,AR,2022,13167,16,0,16,1,3,4,17,3,20,1.52
VT0040200,ESSEX PD,ESSEX PD,City,VT,2022,22481,24,3,27,2,4,6,26,7,33,1.47
NH0032800,RINDGE PD,RINDGE PD,City,NH,2022,6633,8,0,8,1,1,2,9,1,10,1.51
AR0740000,WOODRUFF CO SO AUGUSTA,WOODRUFF CO SO AUGUSTA,County,AR,2022,2315,4,6,10,0,12,12,4,18,22,9.50
IA0030100,WAUKON PD,WAUKON PD,City,IA,2022,3706,6,0,6,0,1,1,6,1,7,1.89
PA0152800,UWCHLAN TWP PD EXTON,UWCHLAN TWP PD EXTON,City,PA,2022,19028,20,0,20,3,1,4,23,1,24,1.26
MO0390900,WILLARD,WILLARD,City,MO,2022,6430,7,0,7,2,1,3,9,1,10,1.56
LA0100300,SULPHUR PD,SULPHUR PD,City,LA,2022,19581,33,6,39,6,11,17,39,17,56,2.86
MA0145400,WEBSTER PD,WEBSTER PD,City,MA,2022,17651,29,1,30,3,2,5,32,3,35,1.98
OR0150100,ASHLAND,ASHLAND,City,OR,2022,21797,21,0,21,4,5,9,25,5,30,1.38
NY0410100,RENSSELAER CITY PD RENSSELAER,RENSSELAER CITY PD RENSSELAER,City,NY,2022,9292,23,5,28,0,5,5,23,10,33,3.55
MA0092300,LEXINGTON PD,LEXINGTON PD,City,MA,2022,33889,39,2,41,5,6,11,44,8,52,1.53
MN0520200,ST PETER PD,ST PETER PD,City,MN,2022,11647,13,1,14,2,5,7,15,6,21,1.80
PA0350100,CARBONDALE PD,CARBONDALE PD,City,PA,2022,8803,8,0,8,1,0,1,9,0,9,1.02
WV0300100,GILBERT PD,GILBERT PD,City,WV,2022,319,3,0,3,0,0,0,3,0,3,9.40
SC0132600,STATE TRANSPORT POLICE,STATE TRANSPORT POLICE,Other State Agency,SC,2022,0,1,0,1,0,0,0,1,0,1,
MD0060100,DENTON PD,DENTON PD,City,MD,2022,4827,8,0,8,2,1,3,10,1,11,2.28
MN0140600,,,City,MN,2022,1313,3,0,3,1,0,1,4,0,4,3.05
ORDI01300,COOS L UMPQUA & SIUSLAW,COOS L UMPQUA & SIUSLAW,Tribal,OR,2022,0,4,0,4,0,1,1,4,1,5,
WI0230400,,,City,WI,2022,1183,3,0,3,0,0,0,3,0,3,2.54
NC0760000,RANDOLPH CO SO ASHEBORO,RANDOLPH CO SO ASHEBORO,County,NC,2022,97968,146,28,174,37,42,79,183,70,253,2.58
PA0361000,MOUNT JOY PD,MOUNT JOY PD,City,PA,2022,8314,11,0,11,1,1,2,12,1,13,1.56
OH0730000,SCIOTO,SCIOTO,County,OH,2022,52725,40,30,70,6,20,26,46,50,96,1.82
MT0560000,YELLOWSTONE CO SO BILLINGS,YELLOWSTONE CO SO BILLINGS,County,MT,2022,44273,53,74,127,7,40,47,60,114,174,3.93
FL0132500,INDIAN CREEK VILLAGE PD MIAMI BEACH,INDIAN CREEK VILLAGE PD MIAMI BEACH,City,FL,2022,81,11,3,14,0,1,1,11,4,15,185.19
MN0530000,NOBLES CO SO WORTHINGTON,NOBLES CO SO WORTHINGTON,County,MN,2022,7030,11,13,24,2,8,10,13,21,34,4.84
MO0830100,PARKVILLE,PARKVILLE,City,MO,2022,8412,14,0,14,0,1,1,14,1,15,1.78
GA0680300,DEMOREST,DEMOREST,City,GA,2022,1927,7,0,7,0,3,3,7,3,10,5.19
ID0300200,SALMON PD,SALMON PD,City,ID,2022,3274,7,0,7,1,0,1,8,0,8,2.44
GA1230000,SCHLEY CO SO ELLAVILLE,SCHLEY CO SO ELLAVILLE,County,GA,2022,2913,5,4,9,0,1,1,5,5,10,3.43
MT0340100,LIVINGSTON PD,LIVINGSTON PD,City,MT,2022,8552,15,0,15,0,9,9,15,9,24,2.81
TX0340200,HUGHES SPRINGS,HUGHES SPRINGS,City,TX,2022,1542,4,0,4,0,0,0,4,0,4,2.59
VT0040500,COLCHESTER PD,COLCHESTER PD,City,VT,2022,17710,24,5,29,4,4,8,28,9,37,2.09
TX2410000,WHARTON CO SO WHARTON,WHARTON CO SO WHARTON,County,TX,2022,21282,34,13,47,10,18,28,44,31,75,3.52
VT0140100,LUDLOW PD,LUDLOW PD,City,VT,2022,2204,4,4,8,1,0,1,5,4,9,4.08
MN0690000,ST LOUIS CO SO DULUTH,ST LOUIS CO SO DULUTH,County,MN,2022,55964,101,76,177,7,67,74,108,143,251,4.49
TX0070200,PLEASANTON PD,PLEASANTON PD,City,TX,2022,10951,20,1,21,4,5,9,24,6,30,2.74
PA0233900,YEADON PD,YEADON PD,City,PA,2022,11894,16,0,16,1,1,2,17,1,18,1.51
MA0091700,EVERETT PD,EVERETT PD,City,MA,2022,48340,96,0,96,14,7,21,110,7,117,2.42
TX0750000,FAYETTE CO SO LA GRANGE,FAYETTE CO SO LA GRANGE,County,TX,2022,16529,29,11,40,1,12,13,30,23,53,3.21
OR0240000,MARION,MARION,County,OR,2022,98229,80,127,207,8,112,120,88,239,327,3.33
IN0180000,DELAWARE CO SO MUNCIE,DELAWARE CO SO MUNCIE,County,IN,2022,34377,43,60,103,1,19,20,44,79,123,3.58
MO0481300,LAKE TAPAWINGO,LAKE TAPAWINGO,City,MO,2022,783,2,0,2,1,1,2,3,1,4,5.11
NC0261200,,,Other State Agency,NC,2022,0,1,1,2,2,2,4,3,3,6,
NC0180300,MAIDEN PD,MAIDEN PD,City,NC,2022,3743,18,0,18,0,1,1,18,1,19,5.08
GA0671800,GWINNETT TECHNICAL COL,GWINNETT TECHNICAL COL,University or College,GA,2022,0,3,0,3,1,0,1,4,0,4,
MN0170000,COTTONWOOD CO SO WINDOM,COTTONWOOD CO SO WINDOM,County,MN,2022,4027,9,8,17,1,5,6,10,13,23,5.71
NJ0134300,SEA BRIGHT PD,SEA BRIGHT PD,City,NJ,2022,1453,10,0,10,1,0,1,11,0,11,7.57
MA0092600,LOWELL PD,LOWELL PD,City,MA,2022,113277,211,27,238,31,43,74,242,70,312,2.75
CT0006400,HARTFORD PD,HARTFORD PD,City,CT,2022,120196,336,7,343,55,17,72,391,24,415,3.45
NH0071000,BRADFORD PD,BRADFORD PD,City,NH,2022,1726,4,0,4,0,0,0,4,0,4,2.32
MA0120600,EAST BRIDGEWATER PD,EAST BRIDGEWATER PD,City,MA,2022,15142,22,4,26,2,3,5,24,7,31,2.05
MO0330000,DENT,DENT,County,MO,2022,9763,12,18,30,2,10,12,14,28,42,4.30
TX0060000,ARMSTRONG CO SO CLAUDE,ARMSTRONG CO SO CLAUDE,County,TX,2022,1842,3,0,3,1,3,4,4,3,7,3.80
AZ0140000,YUMA CO SO YUMA,YUMA CO SO YUMA,County,AZ,2022,55380,78,120,198,4,103,107,82,223,305,5.51
WADI05100,BU IND AFF DIV LAW ENF SPOKANE AGENCY WELLPINIT,BU IND AFF DIV LAW ENF SPOKANE AGENCY WELLPINIT,Tribal,WA,2022,0,11,2,13,1,6,7,12,8,20,
MI0751800,L'ANSE POLICE DEPARTMENT,L'ANSE POLICE DEPARTMENT,City,MI,2022,1920,3,0,3,0,0,0,3,0,3,1.56
PA0640000,WAYNE CO SO HONESDALE,WAYNE CO SO HONESDALE,County,PA,2022,0,10,0,10,1,0,1,11,0,11,
WI0280200,JEFFERSON PD,JEFFERSON PD,City,WI,2022,7709,10,0,10,2,3,5,12,3,15,1.95
OH0501300,BEAVER TOWNSHIP,BEAVER TOWNSHIP,City,OH,2022,6716,12,1,13,1,3,4,13,4,17,2.53
MO0050100,CASSVILLE,CASSVILLE,City,MO,2022,3201,10,0,10,1,1,2,11,1,12,3.75
TX2271900,SUNSET VALLEY PD AUSTIN,SUNSET VALLEY PD AUSTIN,City,TX,2022,637,11,0,11,1,1,2,12,1,13,20.41
TX1870800,ONALASKA PD,ONALASKA PD,City,TX,2022,3225,6,1,7,4,5,9,10,6,16,4.96
CA0361400,CA STATE U POLICE SAN BERNARDINO,CA STATE U POLICE SAN BERNARDINO,University or College,CA,2022,0,9,2,11,5,9,14,14,11,25,
KY1020000,ROCKCASTLE CO SO MOUNT VERNON,ROCKCASTLE CO SO MOUNT VERNON,County,KY,2022,12488,4,3,7,0,0,0,4,3,7,0.56
IA0520100,CORALVILLE PD IOWA CITY,CORALVILLE PD IOWA CITY,City,IA,2022,23555,29,0,29,3,4,7,32,4,36,1.53
NC0730100,ROXBORO PD,ROXBORO PD,City,NC,2022,8079,26,2,28,3,4,7,29,6,35,4.33
MO0800300,SEDALIA,SEDALIA,City,MO,2022,21924,38,0,38,5,6,11,43,6,49,2.23
VA0790000,RICHMOND CO SO WARSAW,RICHMOND CO SO WARSAW,County,VA,2022,7476,14,1,15,1,7,8,15,8,23,3.08
NJ0026000,TEANECK TOWNSHIP PD,TEANECK TOWNSHIP PD,City,NJ,2022,42128,83,6,89,9,10,19,92,16,108,2.56
TN0600200,MT PLEASANT PD,MT PLEASANT PD,City,TN,2022,4871,14,0,14,0,5,5,14,5,19,3.90
TX1610100,BAY CITY PD,BAY CITY PD,City,TX,2022,17796,24,4,28,12,15,27,36,19,55,3.09
CO0300200,GOLDEN,GOLDEN,City,CO,2022,19638,40,5,45,11,9,20,51,14,65,3.31
PA0020E00,HARRISON TWP PD NATRONA HEIGHTS,HARRISON TWP PD NATRONA HEIGHTS,City,PA,2022,9898,13,1,14,0,0,0,13,1,14,1.41
OK0680100,SALLISAW,SALLISAW,City,OK,2022,8505,20,6,26,3,3,6,23,9,32,3.76
TN0220600,DICKSON PARKS RECREATION DEPT PARK RANGERS,DICKSON PARKS RECREATION DEPT PARK RANGERS,Other,TN,2022,0,0,0,0,2,0,2,2,0,2,
TX0370300,RUSK PD,RUSK PD,City,TX,2022,5583,8,0,8,1,1,2,9,1,10,1.79
IL0490200,RIVERWOODS POLICE DEPARTMENT,RIVERWOODS POLICE DEPARTMENT,City,IL,2022,3744,7,0,7,1,0,1,8,0,8,2.14
CA0193100,HUNTINGTON PARK PD,HUNTINGTON PARK PD,City,CA,2022,52507,47,18,65,4,15,19,51,33,84,1.60
NJ0141900,MENDHAM TWP PD BROOKSIDE,MENDHAM TWP PD BROOKSIDE,City,NJ,2022,6007,14,0,14,1,1,2,15,1,16,2.66
CO0440200,FORT MORGAN,FORT MORGAN,City,CO,2022,11331,26,0,26,2,5,7,28,5,33,2.91
TX0350000,CASTRO CO SO DIMMITT,CASTRO CO SO DIMMITT,County,TX,2022,3272,7,5,12,0,9,9,7,14,21,6.42
TX1810400,VIDOR PD,VIDOR PD,City,TX,2022,9671,20,0,20,4,7,11,24,7,31,3.21
WA0060400,WASHOUGAL PD,WASHOUGAL PD,City,WA,2022,16902,19,2,21,2,2,4,21,4,25,1.48
NM0070100,LAS CRUCES PD,LAS CRUCES PD,City,NM,2022,114102,171,28,199,15,42,57,186,70,256,2.24
PA0082000,,,Other State Agency,PA,2022,0,0,2,2,1,0,1,1,2,3,
MS0170100,SOUTHAVEN PD,SOUTHAVEN PD,City,MS,2022,56092,128,11,139,17,27,44,145,38,183,3.26
MD0171000,EDMONSTON,EDMONSTON,City,MD,2022,1575,4,0,4,0,2,2,4,2,6,3.81
MI7979500,VASSAR PD,VASSAR PD,City,MI,2022,2732,5,0,5,1,0,1,6,0,6,2.20
SD0329900,HIGHWAY PATROL,HIGHWAY PATROL,State Police,SD,2022,0,166,51,217,13,36,49,179,87,266,
NH0086400,SALEM PD,SALEM PD,City,NH,2022,30712,61,6,67,3,10,13,64,16,80,2.60
ME0140500,ISLESBORO,ISLESBORO,City,ME,2022,589,1,0,1,0,0,0,1,0,1,1.70
IL0921200,WESTVILLE PD,WESTVILLE PD,City,IL,2022,3084,5,0,5,0,0,0,5,0,5,1.62
SD0460200,FAITH PD,FAITH PD,City,SD,2022,366,1,0,1,0,0,0,1,0,1,2.73
OR0061000,COQUILLE TRIBAL,COQUILLE TRIBAL,Tribal,OR,2022,0,3,0,3,0,0,0,3,0,3,
RI0020300,WARWICK PD,WARWICK PD,City,RI,2022,82966,161,16,177,13,26,39,174,42,216,2.60
GA1060000,MUSCOGEE CO SO COLUMBUS,MUSCOGEE CO SO COLUMBUS,County,GA,2022,0,150,43,193,35,77,112,185,120,305,
TX0152300,SOMERSET POLICE DEPARTMENT,SOMERSET POLICE DEPARTMENT,City,TX,2022,1777,4,0,4,1,0,1,5,0,5,2.81
OR0030700,OREGON CITY,OREGON CITY,City,OR,2022,37192,40,2,42,4,7,11,44,9,53,1.43
TX0390000,CLAY COUNTY SHERIFFS OFFICE,CLAY COUNTY SHERIFFS OFFICE,County,TX,2022,10343,12,5,17,4,10,14,16,15,31,3.00
FL0139700,CITY OF MIAMI GARDENS PD,CITY OF MIAMI GARDENS PD,City,FL,2022,110649,166,8,174,43,40,83,209,48,257,2.32
CT0001500,BRIDGEPORT PD,BRIDGEPORT PD,City,CT,2022,148395,243,17,260,44,26,70,287,43,330,2.22
ND0210000,HETTINGER CO SO MOTT,HETTINGER CO SO MOTT,County,ND,2022,2412,5,0,5,2,1,3,7,1,8,3.32
TN0780400,PITTMAN CENTER PD SEVIERVILLE,PITTMAN CENTER PD SEVIERVILLE,City,TN,2022,468,2,0,2,1,0,1,3,0,3,6.41
PA0182500,,,Other State Agency,PA,2022,0,0,0,0,1,0,1,1,0,1,
AZ0100400,SAHUARITA POLICE DEPARTMENT,SAHUARITA POLICE DEPARTMENT,City,AZ,2022,36229,38,4,42,9,10,19,47,14,61,1.68
VA0520100,JONESVILLE PD,JONESVILLE PD,City,VA,2022,862,2,0,2,0,0,0,2,0,2,2.32
IL0900700,MORTON PD,MORTON PD,City,IL,2022,17169,19,0,19,1,2,3,20,2,22,1.28
WI0136700,DE FOREST PD,DE FOREST PD,City,WI,2022,10869,18,0,18,4,3,7,22,3,25,2.30
TX1013900,UNIVERSITY OF HOUSTON CLEAR LAKE POLICE DEPT,UNIVERSITY OF HOUSTON CLEAR LAKE POLICE DEPT,University or College,TX,2022,0,9,7,16,4,5,9,13,12,25,
SC0100400,FOLLY BEACH PD,FOLLY BEACH PD,City,SC,2022,2041,19,4,23,1,2,3,20,6,26,12.74
NY0320000,ONEIDA CO SHERIFF'S DEPARTMENT ORISKANY,ONEIDA CO SHERIFF'S DEPARTMENT ORISKANY,County,NY,2022,78411,77,18,95,9,13,22,86,31,117,1.49
WV0410300,MABSCOTT PD,MABSCOTT PD,City,WV,2022,1298,2,0,2,0,0,0,2,0,2,1.54
MI4314300,LAKE CO SO BALDWIN,LAKE CO SO BALDWIN,County,MI,2022,12521,16,0,16,2,2,4,18,2,20,1.60
OK0360100,BLACKWELL,BLACKWELL,City,OK,2022,6089,13,1,14,1,6,7,14,7,21,3.45
ND0520000,WELLS CO SO FESSENDEN,WELLS CO SO FESSENDEN,County,ND,2022,2310,4,0,4,0,1,1,4,1,5,2.16
MI4175400,SPARTA PD,SPARTA PD,City,MI,2022,4293,5,0,5,0,0,0,5,0,5,1.16
WA0320400,SPOKANE PD,SPOKANE PD,City,WA,2022,229292,314,30,344,27,59,86,341,89,430,1.88
GA0630100,BRUNSWICK PD,BRUNSWICK PD,City,GA,2022,14650,27,0,27,12,7,19,39,7,46,3.14
TX2050500,TAFT POLICE DEPT,TAFT POLICE DEPT,City,TX,2022,2835,5,1,6,0,2,2,5,3,8,2.82
NJ0091000,UNION CITY PD,UNION CITY PD,City,NJ,2022,63312,144,3,147,21,22,43,165,25,190,3.00
FL0320300,GRACEVILLE PD,GRACEVILLE PD,City,FL,2022,2194,8,0,8,0,0,0,8,0,8,3.65
KS0530000,LINCOLN CO SO LINCOLN,LINCOLN CO SO LINCOLN,County,KS,2022,2864,7,1,8,1,4,5,8,5,13,4.54
NH0063800,MASON PD,MASON PD,City,NH,2022,1450,1,0,1,0,0,0,1,0,1,0.69
FL0570200,GULF BREEZE PD,GULF BREEZE PD,City,FL,2022,6665,20,5,25,2,3,5,22,8,30,4.50
AZDI06200,BIA DIV LAW ENF FT APACHE AGENCY WHITERIVER,BIA DIV LAW ENF FT APACHE AGENCY WHITERIVER,Tribal,AZ,2022,0,3,0,3,0,0,0,3,0,3,
NM0070500,MESILLA PD,MESILLA PD,City,NM,2022,1788,6,2,8,1,0,1,7,2,9,5.03
WI0411700,WEST MILWAUKEE,WEST MILWAUKEE,City,WI,2022,3997,17,1,18,2,2,4,19,3,22,5.50
NC0760600,ARCHDALE PD,ARCHDALE PD,City,NC,2022,12002,25,0,25,2,5,7,27,5,32,2.67
VTVSP0500,STATE POLICE CRIMINAL DIVISION,STATE POLICE CRIMINAL DIVISION,State Police,VT,2022,0,62,0,62,12,3,15,74,3,77,
PA0590900,MANSFIELD UNIV CAMPUS PD MANSFIELD,MANSFIELD UNIV CAMPUS PD MANSFIELD,University or College,PA,2022,0,6,1,7,2,0,2,8,1,9,
CO0390000,MESA,MESA,County,CO,2022,73515,154,12,166,38,43,81,192,55,247,3.36
NY0442300,GOUVERNEUR VILLAGE PD GOUVERNEUR,GOUVERNEUR VILLAGE PD GOUVERNEUR,City,NY,2022,3587,5,1,6,1,2,3,6,3,9,2.51
GA0250700,THUNDERBOLT PD,THUNDERBOLT PD,City,GA,2022,2513,7,0,7,0,1,1,7,1,8,3.18
WV0060300,MILTON PD,MILTON PD,City,WV,2022,2796,8,0,8,0,1,1,8,1,9,3.22
SC0260200,CONWAY PD,CONWAY PD,City,SC,2022,23664,47,1,48,14,9,23,61,10,71,3.00
NB0680000,PERKINS CO SO GRANT,PERKINS CO SO GRANT,County,NB,2022,2816,4,3,7,0,1,1,4,4,8,2.84
ID0100000,BONNEVILLE CO SO IDAHO FALLS,BONNEVILLE CO SO IDAHO FALLS,County,ID,2022,62032,70,76,146,3,43,46,73,119,192,3.10
VA0480000,KING AND QUEEN CO SO KING AND QUEEN,KING AND QUEEN CO SO KING AND QUEEN,County,VA,2022,6758,15,0,15,1,8,9,16,8,24,3.55
AR0320100,BATESVILLE POLICE DEPARTMENT,BATESVILLE POLICE DEPARTMENT,City,AR,2022,11129,18,0,18,4,1,5,22,1,23,2.07
MO0955100,MOLINE ACRES,MOLINE ACRES,City,MO,2022,2118,9,1,10,0,1,1,9,2,11,5.19
NY0146000,ORCHARD PARK TOWN PD ORCHARD PARK,ORCHARD PARK TOWN PD ORCHARD PARK,City,NY,2022,29775,32,4,36,4,6,10,36,10,46,1.54
WV0170300,SALEM PD,SALEM PD,City,WV,2022,1454,5,0,5,0,0,0,5,0,5,3.44
PA0110100,NORTHERN CAMBRIA BOROUGH POLICE DEPARTMENT,NORTHERN CAMBRIA BOROUGH POLICE DEPARTMENT,City,PA,2022,3505,5,0,5,0,0,0,5,0,5,1.43
IL0561600,LAKEMOOR PD,LAKEMOOR PD,City,IL,2022,6285,13,0,13,1,1,2,14,1,15,2.39
NY0070100,ELMIRA CITY PD,ELMIRA CITY PD,City,NY,2022,26237,57,0,57,11,10,21,68,10,78,2.97
MN0560800,,,City,MN,2022,1006,2,0,2,0,0,0,2,0,2,1.99
WA0010200,RITZVILLE PD,RITZVILLE PD,City,WA,2022,1704,5,0,5,0,0,0,5,0,5,2.93
NJ0140200,BOONTON TWP PD BOONTON,BOONTON TWP PD BOONTON,City,NJ,2022,4387,13,0,13,0,1,1,13,1,14,3.19
TN0780100,GATLINBURG PD,GATLINBURG PD,City,TN,2022,3873,44,5,49,1,5,6,45,10,55,14.20
WV0080000,CLAY CO SO CLAY,CLAY CO SO CLAY,County,WV,2022,7775,3,0,3,0,0,0,3,0,3,0.39
PA0545200,PA ST UNIV: SCHUYLKILL,PA ST UNIV: SCHUYLKILL,University or College,PA,2022,0,6,0,6,0,0,0,6,0,6,
TN0770100,DUNLAP PD,DUNLAP PD,City,TN,2022,5644,12,0,12,1,2,3,13,2,15,2.66
NB0630000,NANCE CO SO FULLERTON,NANCE CO SO FULLERTON,County,NB,2022,3401,7,0,7,0,1,1,7,1,8,2.35
TX0040200,ROCKPORT PD,ROCKPORT PD,City,TX,2022,10759,23,0,23,4,6,10,27,6,33,3.07
UT0061100,CLINTON PD,CLINTON PD,City,UT,2022,23784,21,0,21,2,1,3,23,1,24,1.01
SC0080800,,,Other State Agency,SC,2022,0,7,0,7,0,1,1,7,1,8,
SC001NR00,DNR: ABBEVILLE COUNTY,DNR: ABBEVILLE COUNTY,Other State Agency,SC,2022,0,3,0,3,0,0,0,3,0,3,
NY0480000,SCHUYLER CO SHERIFF'S DEPARTMENT WATKINS GLEN,SCHUYLER CO SHERIFF'S DEPARTMENT WATKINS GLEN,County,NY,2022,15970,15,0,15,0,3,3,15,3,18,1.13
MI4794100,UNADILLA TWP PD GREGORY,UNADILLA TWP PD GREGORY,City,MI,2022,3385,2,0,2,1,0,1,3,0,3,0.89
NB0540100,CREIGHTON PD,CREIGHTON PD,City,NB,2022,1152,2,0,2,0,0,0,2,0,2,1.74
SC0340200,MULLINS PD,MULLINS PD,City,SC,2022,3884,11,4,15,0,1,1,11,5,16,4.12
WI0651200,GENEVA PD LAKE GENEVA,GENEVA PD LAKE GENEVA,City,WI,2022,5484,7,0,7,0,1,1,7,1,8,1.46
IL1010700,SOUTH BELOIT PD,SOUTH BELOIT PD,City,IL,2022,7893,13,0,13,2,1,3,15,1,16,2.03
TX0140700,TEMPLE PD,TEMPLE PD,City,TX,2022,88484,119,5,124,20,31,51,139,36,175,1.98
AR0700000,UNION CO SO EL DORADO,UNION CO SO EL DORADO,County,AR,2022,19204,25,15,40,3,19,22,28,34,62,3.23
PA0450700,POCONO TWP PD TANNERSVILLE,POCONO TWP PD TANNERSVILLE,City,PA,2022,10997,22,0,22,0,1,1,22,1,23,2.09
IL0570300,CHENOA PD,CHENOA PD,City,IL,2022,3121,3,0,3,0,0,0,3,0,3,0.96
NY054119E,CORNELL UNIV POLICE 911 CENTER,CORNELL UNIV POLICE 911 CENTER,University or College,NY,2022,0,42,15,57,5,15,20,47,30,77,
TX2300900,EAST MOUNTAIN PD GILMER,EAST MOUNTAIN PD GILMER,City,TX,2022,937,2,0,2,0,1,1,2,1,3,3.20
NB0300000,FILLMORE CO SO GENEVA,FILLMORE CO SO GENEVA,County,NB,2022,5530,6,1,7,0,6,6,6,7,13,2.35
WI0300100,KENOSHA PD,KENOSHA PD,City,WI,2022,98841,181,5,186,23,8,31,204,13,217,2.20
MI2584500,MOUNT MORRIS TWP PD MOUNT MORRIS,MOUNT MORRIS TWP PD MOUNT MORRIS,City,MI,2022,19713,20,0,20,5,3,8,25,3,28,1.42
NY0595800,NEW CASTLE TOWN PD CHAPPAQUA,NEW CASTLE TOWN PD CHAPPAQUA,City,NY,2022,17777,35,0,35,2,2,4,37,2,39,2.19
PA0211300,MIDDLESEX TWP PD CARLISLE,MIDDLESEX TWP PD CARLISLE,City,PA,2022,7129,11,0,11,0,1,1,11,1,12,1.68
WI0480600,UNIV WI RIVER FALLS PD,UNIV WI RIVER FALLS PD,University or College,WI,2022,0,3,0,3,3,2,5,6,2,8,
IA0860000,TAMA CO SO TOLEDO,TAMA CO SO TOLEDO,County,IA,2022,10102,14,1,15,0,9,9,14,10,24,2.38
ME0030200,CAPE ELIZABETH PD,CAPE ELIZABETH PD,City,ME,2022,9535,12,1,13,0,0,0,12,1,13,1.36
NB0270300,SCRIBNER PD,SCRIBNER PD,City,NB,2022,794,1,0,1,0,0,0,1,0,1,1.26
IN0530100,BLOOMINGTON PD,BLOOMINGTON PD,City,IN,2022,80135,77,11,88,12,43,55,89,54,143,1.78
FL0430200,JUPITER ISLAND PD HOBE SOUND,JUPITER ISLAND PD HOBE SOUND,City,FL,2022,842,16,3,19,0,3,3,16,6,22,26.13
NM0210300,JICARILLA APACHE POLICE DEPARTMENT,JICARILLA APACHE POLICE DEPARTMENT,Tribal,NM,2022,0,15,2,17,3,11,14,18,13,31,
SC0210500,OLANTA PD,OLANTA PD,City,SC,2022,538,1,0,1,0,1,1,1,1,2,3.72
TX1460400,LIBERTY PD,LIBERTY PD,City,TX,2022,8790,11,2,13,2,8,10,13,10,23,2.62
AL0340100,GENEVA PD,GENEVA PD,City,AL,2022,4169,12,1,13,0,2,2,12,3,15,3.60
WA0330300,KETTLE FALLS PD,KETTLE FALLS PD,City,WA,2022,1665,3,0,3,0,1,1,3,1,4,2.40
TX0912800,,,Other,TX,2022,0,1,0,1,0,0,0,1,0,1,
IA0830000,SHELBY CO SO HARLAN,SHELBY CO SO HARLAN,County,IA,2022,6915,11,2,13,0,5,5,11,7,18,2.60
WVWSP1900,STATE POLICE HUNTINGTON,STATE POLICE HUNTINGTON,State Police,WV,2022,0,14,0,14,1,1,2,15,1,16,
CA0010300,BERKELEY PD,BERKELEY PD,City,CA,2022,114872,127,36,163,23,72,95,150,108,258,2.25
LA0520700,FOLSOM,FOLSOM,City,LA,2022,788,3,0,3,1,1,2,4,1,5,6.35
FL0560000,ST LUCIE CO SO FORT PIERCE,ST LUCIE CO SO FORT PIERCE,County,FL,2022,82919,257,221,478,53,175,228,310,396,706,8.51
NJ0021200,EAST RUTHERFORD PD,EAST RUTHERFORD PD,City,NJ,2022,9904,35,0,35,2,1,3,37,1,38,3.84
NJ0181000,HILLSBOROUGH TOWNSHIP POLICE DEPARTMENT,HILLSBOROUGH TOWNSHIP POLICE DEPARTMENT,City,NJ,2022,42893,55,2,57,2,6,8,57,8,65,1.52
MO0820100,BOWLING GREEN,BOWLING GREEN,City,MO,2022,4262,10,0,10,2,1,3,12,1,13,3.05
NC0810300,SPINDALE PD,SPINDALE PD,City,NC,2022,4165,9,0,9,0,0,0,9,0,9,2.16
GA1360000,THOMAS CO SO THOMASVILLE,THOMAS CO SO THOMASVILLE,County,GA,2022,24220,60,14,74,3,17,20,63,31,94,3.88
WY0020000,BIG HORN CO SO BASIN,BIG HORN CO SO BASIN,County,WY,2022,6560,17,12,29,2,11,13,19,23,42,6.40
NH0021000,CONWAY PD,CONWAY PD,City,NH,2022,10334,20,2,22,3,7,10,23,9,32,3.10
VA0860000,SMYTH CO SO MARION,SMYTH CO SO MARION,County,VA,2022,20351,41,3,44,2,9,11,43,12,55,2.70
IL0167400,NORRIDGE PD,NORRIDGE PD,City,IL,2022,14786,31,2,33,5,5,10,36,7,43,2.91
TX2370100,BROOKSHIRE PD,BROOKSHIRE PD,City,TX,2022,5739,9,0,9,1,7,8,10,7,17,2.96
NC0951000,SPR: ELK KNOB,SPR: ELK KNOB,Other State Agency,NC,2022,0,2,1,3,1,1,2,3,2,5,
MNBCA0000,BUREAU OF CRIMINAL APPREHENSION,BUREAU OF CRIMINAL APPREHENSION,Other State Agency,MN,2022,0,71,77,148,23,217,240,94,294,388,
NJ0041400,GLOUCESTER CITY PD,GLOUCESTER CITY PD,City,NJ,2022,11430,32,0,32,3,2,5,35,2,37,3.24
NC0800600,ROCKWELL PD,ROCKWELL PD,City,NC,2022,2331,6,0,6,1,0,1,7,0,7,3.00
NJ0040400,BELLMAWR PD,BELLMAWR PD,City,NJ,2022,11645,23,0,23,0,1,1,23,1,24,2.06
KY0050200,CAVE CITY PD,CAVE CITY PD,City,KY,2022,2347,8,0,8,0,0,0,8,0,8,3.41
WV0050000,BROOKE CO SO WELLSBURG,BROOKE CO SO WELLSBURG,County,WV,2022,11299,16,1,17,2,1,3,18,2,20,1.77
OK0160300,,,City,OK,2022,409,1,0,1,0,1,1,1,1,2,4.89
MD0180100,CENTREVILLE PD,CENTREVILLE PD,City,MD,2022,4763,9,0,9,1,1,2,10,1,11,2.31
TX2180100,SONORA POLICE DEPARTMENT,SONORA POLICE DEPARTMENT,City,TX,2022,2432,4,0,4,2,2,4,6,2,8,3.29
IN0410100,EDINBURG PD,EDINBURG PD,City,IN,2022,4431,11,0,11,1,1,2,12,1,13,2.93
NY0333100,LIVERPOOL VILLAGE PD LIVERPOOL,LIVERPOOL VILLAGE PD LIVERPOOL,City,NY,2022,2280,4,0,4,0,0,0,4,0,4,1.75
IA0770400,URBANDALE PD DES MOINES,URBANDALE PD DES MOINES,City,IA,2022,46284,43,1,44,11,8,19,54,9,63,1.36
OH0430400,KIRTLAND HILLS,KIRTLAND HILLS,City,OH,2022,685,7,0,7,1,1,2,8,1,9,13.14
UT0240100,VERNAL CITY PD,VERNAL CITY PD,City,UT,2022,10368,22,0,22,1,3,4,23,3,26,2.51
OH0500300,CAMPBELL,CAMPBELL,City,OH,2022,7687,13,0,13,0,1,1,13,1,14,1.82
MA0111100,HOLBROOK PD,HOLBROOK PD,City,MA,2022,11350,24,0,24,2,1,3,26,1,27,2.38
OH0540000,MERCER,MERCER,County,OH,2022,21436,19,13,32,6,22,28,25,35,60,2.80
TX2203200,SOUTHLAKE DPS POLICE SERVICES,SOUTHLAKE DPS POLICE SERVICES,City,TX,2022,30949,53,1,54,8,6,14,61,7,68,2.20
IL0162A00,SCHAUMBURG PD,SCHAUMBURG PD,City,IL,2022,75745,89,22,111,20,13,33,109,35,144,1.90
MI6325100,BERKLEY PD,BERKLEY PD,City,MI,2022,15006,26,5,31,3,6,9,29,11,40,2.67
WV0290000,MINERAL CO SO KEYSER,MINERAL CO SO KEYSER,County,WV,2022,20654,16,4,20,0,1,1,16,5,21,1.02
OK0612000,QUINTON,QUINTON,City,OK,2022,849,5,0,5,0,0,0,5,0,5,5.89
TX1050300,TEXAS STATE UNIVERSITY POLICE DEPARTMENT,TEXAS STATE UNIVERSITY POLICE DEPARTMENT,University or College,TX,2022,0,18,7,25,8,10,18,26,17,43,
PA0020L00,WILKINS TWP PD TURTLE CREEK,WILKINS TWP PD TURTLE CREEK,City,PA,2022,6184,13,0,13,0,0,0,13,0,13,2.10
TN0540100,ATHENS PD,ATHENS PD,City,TN,2022,14409,22,0,22,5,2,7,27,2,29,2.01
TX0842100,SANTE FE PD,SANTE FE PD,City,TX,2022,12802,21,1,22,2,6,8,23,7,30,2.34
NC0260300,SPRING LAKE PD,SPRING LAKE PD,City,NC,2022,11603,18,0,18,3,2,5,21,2,23,1.98
MA0073200,HOLYOKE COMMUNITY COLLEG,HOLYOKE COMMUNITY COLLEG,University or College,MA,2022,0,3,0,3,1,0,1,4,0,4,
AL0470100,HUNTSVILLE POLICE DEPARTMENT,HUNTSVILLE POLICE DEPARTMENT,City,AL,2022,218897,390,29,419,39,79,118,429,108,537,2.45
ORDI01500,,,Tribal,OR,2022,0,5,0,5,0,1,1,5,1,6,
IA0770100,ANKENY PD,ANKENY PD,City,IA,2022,72315,62,3,65,7,22,29,69,25,94,1.30
TX1840300,SPRINGTOWN PD,SPRINGTOWN PD,City,TX,2022,3638,6,1,7,4,3,7,10,4,14,3.85
MS0180100,HATTIESBURG PD,HATTIESBURG PD,City,MS,2022,46862,80,8,88,16,32,48,96,40,136,2.90
WV0430100,HARRISVILLE PD,HARRISVILLE PD,City,WV,2022,1628,1,0,1,0,0,0,1,0,1,0.61
SD013990X,,,University or College,SD,2022,0,10,0,10,3,3,6,13,3,16,
OK0631300,MAUD,MAUD,City,OK,2022,867,3,0,3,0,1,1,3,1,4,4.61
NJ0132300,LITTLE SILVER PD,LITTLE SILVER PD,City,NJ,2022,6050,17,2,19,0,2,2,17,4,21,3.47
AR0020100,CROSSETT PD,CROSSETT PD,City,AR,2022,4619,13,2,15,1,7,8,14,9,23,4.98
NY0270100,ROCHESTER CITY PD ROCHESTER,ROCHESTER CITY PD ROCHESTER,City,NY,2022,210270,573,26,599,90,52,142,663,78,741,3.52
OH0540100,CELINA,CELINA,City,OH,2022,10881,18,2,20,0,3,3,18,5,23,2.11
MI2312300,EATON CO SO CHARLOTTE,EATON CO SO CHARLOTTE,County,MI,2022,75746,50,33,83,6,22,28,56,55,111,1.47
NJ0130900,BRIELLE PD,BRIELLE PD,City,NJ,2022,4985,17,0,17,2,1,3,19,1,20,4.01
WVWSP2100,STATE POLICE KINGWOOD,STATE POLICE KINGWOOD,State Police,WV,2022,0,9,0,9,0,1,1,9,1,10,
GA0250100,CHATHAM COUNTY PD SAVANNAH,CHATHAM COUNTY PD SAVANNAH,County,GA,2022,0,100,6,106,23,17,40,123,23,146,
MD0240500,OCEAN PINES PD BERLIN,OCEAN PINES PD BERLIN,City,MD,2022,11677,11,0,11,0,3,3,11,3,14,1.20
NJ0191500,NEWTON PD,NEWTON PD,City,NJ,2022,8593,22,4,26,0,1,1,22,5,27,3.14
TN0510100,HOHENWALD PD,HOHENWALD PD,City,TN,2022,3882,16,1,17,0,0,0,16,1,17,4.38
MO1010100,CHAFFEE,CHAFFEE,City,MO,2022,3017,6,0,6,1,5,6,7,5,12,3.98
NY0372300,CENTRAL SQUARE VILLAGE PD CENTRAL SQUARE,CENTRAL SQUARE VILLAGE PD CENTRAL SQUARE,City,NY,2022,1843,5,0,5,1,0,1,6,0,6,3.26
IL0570100,BLOOMINGTON PD,BLOOMINGTON PD,City,IL,2022,78340,114,11,125,7,16,23,121,27,148,1.89
NJ0021700,FAIR LAWN PD,FAIR LAWN PD,City,NJ,2022,35424,60,7,67,2,2,4,62,9,71,2.00
FL0420300,DUNNELLON PD,DUNNELLON PD,City,FL,2022,1991,8,0,8,2,1,3,10,1,11,5.52
MI6916900,OTSEGO CO SO GAYLORD,OTSEGO CO SO GAYLORD,County,MI,2022,21137,12,14,26,0,3,3,12,17,29,1.37
KS0930100,STAFFORD PD,STAFFORD PD,City,KS,2022,923,4,0,4,0,0,0,4,0,4,4.33
TX0570000,DALLAS CO SO DALLAS,DALLAS CO SO DALLAS,County,TX,2022,0,323,831,1154,55,996,1051,378,1827,2205,
MI8247100,HIGHLAND PARK PD,HIGHLAND PARK PD,City,MI,2022,8802,5,4,9,3,0,3,8,4,12,1.36
MN0150100,,,City,MN,2022,1276,2,0,2,0,0,0,2,0,2,1.57
SD0400400,WHITEWOOD PD,WHITEWOOD PD,City,SD,2022,908,4,1,5,1,0,1,5,1,6,6.61
VA0350200,PEARISBURG PD,PEARISBURG PD,City,VA,2022,2812,7,0,7,1,1,2,8,1,9,3.20
OR0200700,COBURG,COBURG,City,OR,2022,1314,5,0,5,0,0,0,5,0,5,3.81
NY225UN00,SUNY COLLEGE: GENESEO,SUNY COLLEGE: GENESEO,University or College,NY,2022,0,13,1,14,3,5,8,16,6,22,
WASPD0000,PD SEATTLE,PD SEATTLE,City,WA,2022,729691,922,132,1054,155,209,364,1077,341,1418,1.94
VA0670000,NOTTOWAY CO SO NOTTOWAY,NOTTOWAY CO SO NOTTOWAY,County,VA,2022,9605,15,1,16,3,8,11,18,9,27,2.81
MT0150300,KALISPELL PD,KALISPELL PD,City,MT,2022,27710,37,4,41,4,8,12,41,12,53,1.91
FL0375000,DIV ALCOHOL BEV & TOBACCO ENF BURTALLAHASSEE,DIV ALCOHOL BEV & TOBACCO ENF BURTALLAHASSEE,Other State Agency,FL,2022,0,58,21,79,25,36,61,83,57,140,
IL0223100,BURR RIDGE PD HINSDALE,BURR RIDGE PD HINSDALE,City,IL,2022,11069,24,1,25,2,3,5,26,4,30,2.71
SC0360100,NEWBERRY PD,NEWBERRY PD,City,SC,2022,10507,16,0,16,5,3,8,21,3,24,2.28
GA0290000,CLARKE CO SO ATHENS,CLARKE CO SO ATHENS,County,GA,2022,0,63,8,71,37,33,70,100,41,141,
MI5069900,RICHMOND PD,RICHMOND PD,City,MI,2022,5784,8,2,10,2,1,3,10,3,13,2.25
AR0250000,FULTON CO SO SALEM,FULTON CO SO SALEM,County,AR,2022,8791,8,5,13,1,9,10,9,14,23,2.62
TX2203700,TEXAS CHRISTIAN UNIVERSITY FORT WORTH,TEXAS CHRISTIAN UNIVERSITY FORT WORTH,University or College,TX,2022,0,25,14,39,2,3,5,27,17,44,
OK0671300,SEMINOLE STATE COLLEGE,SEMINOLE STATE COLLEGE,University or College,OK,2022,0,3,0,3,0,0,0,3,0,3,
MA0111800,NORWOOD PD,NORWOOD PD,City,MA,2022,31533,56,6,62,4,2,6,60,8,68,2.16
GA0480000,DOUGLAS CO SO DOUGLASVILLE,DOUGLAS CO SO DOUGLASVILLE,County,GA,2022,103334,172,46,218,35,77,112,207,123,330,3.19
VT0111100,,,City,VT,2022,1414,3,0,3,0,0,0,3,0,3,2.12
NY0020000,ALLEGANY CO SHERIFF'S DEPARTMENT BELMONT,ALLEGANY CO SHERIFF'S DEPARTMENT BELMONT,County,NY,2022,28194,20,10,30,3,11,14,23,21,44,1.56
SC0210000,FLORENCE CO SO FLORENCE,FLORENCE CO SO FLORENCE,County,SC,2022,83739,139,44,183,8,80,88,147,124,271,3.24
TX0612000,HIGHLAND VILLAGE PD LEWISVILLE,HIGHLAND VILLAGE PD LEWISVILLE,City,TX,2022,15988,28,4,32,2,7,9,30,11,41,2.56
MN0100200,CHASKA PD,CHASKA PD,City,MN,2022,28204,26,1,27,3,4,7,29,5,34,1.21
VT0110200,RUTLAND PD,RUTLAND PD,City,VT,2022,15858,25,8,33,2,5,7,27,13,40,2.52
TN0290100,RUTLEDGE PD,RUTLEDGE PD,City,TN,2022,1282,3,0,3,0,0,0,3,0,3,2.34
VA0820000,ROCKINGHAM CO SO HARRISONBURG,ROCKINGHAM CO SO HARRISONBURG,County,VA,2022,64138,150,3,153,38,20,58,188,23,211,3.29
NJ0151800,MANCHESTER TWP PD MANCHESTER,MANCHESTER TWP PD MANCHESTER,City,NJ,2022,46265,70,28,98,2,23,25,72,51,123,2.66
NH0072000,DUNBARTON PD,DUNBARTON PD,City,NH,2022,3112,6,0,6,0,0,0,6,0,6,1.93
PA0042000,CONWAY PD,CONWAY PD,City,PA,2022,3596,5,0,5,0,0,0,5,0,5,1.39
SD0310000,HARDING CO SO BUFFALO,HARDING CO SO BUFFALO,County,SD,2022,1346,2,0,2,0,1,1,2,1,3,2.23
TX0300000,CALLAHAN CO SO BAIRD,CALLAHAN CO SO BAIRD,County,TX,2022,9010,6,2,8,1,9,10,7,11,18,2.00
TX1292100,,,City,TX,2022,979,25,0,25,2,0,2,27,0,27,27.58
NJ0041100,COLLINGSWOOD PD,COLLINGSWOOD PD,City,NJ,2022,14108,24,1,25,1,2,3,25,3,28,1.98
OK0450000,MCCURTAIN,MCCURTAIN,County,OK,2022,18026,17,1,18,2,4,6,19,5,24,1.33
TN0500000,LAWRENCE CO SO LAWRENCEBURG,LAWRENCE CO SO LAWRENCEBURG,County,TN,2022,30583,46,2,48,3,9,12,49,11,60,1.96
PA0022600,WHITEHALL BOROUGH POLICE DEPARTMENT PITTSBURGH,WHITEHALL BOROUGH POLICE DEPARTMENT PITTSBURGH,City,PA,2022,14775,20,2,22,0,4,4,20,6,26,1.76
VA0150000,BUCKINGHAM CO SO BUCKINGHAM,BUCKINGHAM CO SO BUCKINGHAM,County,VA,2022,17134,20,1,21,0,8,8,20,9,29,1.69
OH0571000,"OAKWOOD, MONTGOMERY CNTY","OAKWOOD, MONTGOMERY CNTY",City,OH,2022,9416,14,0,14,2,1,3,16,1,17,1.81
MO0220200,NIXA,NIXA,City,MO,2022,24860,33,3,36,6,3,9,39,6,45,1.81
TX2431200,,,Other,TX,2022,0,8,0,8,1,1,2,9,1,10,
MA0020700,EGREMONT PD,EGREMONT PD,City,MA,2022,1374,5,0,5,0,0,0,5,0,5,3.64
NC0540300,PINK HILL PD,PINK HILL PD,City,NC,2022,455,2,0,2,0,0,0,2,0,2,4.40
MN0570100,THIEF RIVER FALLS PD,THIEF RIVER FALLS PD,City,MN,2022,8625,13,0,13,1,2,3,14,2,16,1.86
WI0090400,STANLEY PD,STANLEY PD,City,WI,2022,3800,6,0,6,0,0,0,6,0,6,1.58
PA0460700,CONSHOHOCKEN PD,CONSHOHOCKEN PD,City,PA,2022,9262,19,0,19,0,2,2,19,2,21,2.27
OH0830000,WARREN,WARREN,County,OH,2022,100673,92,52,144,9,45,54,101,97,198,1.97
AL0340200,SAMSON PD,SAMSON PD,City,AL,2022,1856,8,0,8,0,0,0,8,0,8,4.31
MI2324700,BELLEVUE PD,BELLEVUE PD,City,MI,2022,1354,2,0,2,0,0,0,2,0,2,1.48
NH0022600,OSSIPEE PD,OSSIPEE PD,City,NH,2022,4565,6,0,6,2,1,3,8,1,9,1.97
OK0190700,KIEFER,KIEFER,City,OK,2022,2220,4,0,4,0,0,0,4,0,4,1.80
CT0020000,CAPITOL POLICE,CAPITOL POLICE,Other State Agency,CT,2022,0,23,8,31,3,1,4,26,9,35,
IL0165M00,TINLEY PARK PD,TINLEY PARK PD,City,IL,2022,53973,76,0,76,8,13,21,84,13,97,1.80
MI6358500,MILFORD PD,MILFORD PD,City,MI,2022,16972,18,1,19,2,3,5,20,4,24,1.41
MI6282000,WHITE CLOUD PD,WHITE CLOUD PD,City,MI,2022,1395,3,0,3,0,0,0,3,0,3,2.15
TX0750100,LA GRANGE PD,LA GRANGE PD,City,TX,2022,4455,14,0,14,0,1,1,14,1,15,3.37
AL0440000,LIMESTONE,LIMESTONE,County,AL,2022,63874,42,40,82,3,31,34,45,71,116,1.82
MI8074700,SOUTH HAVEN PD,SOUTH HAVEN PD,City,MI,2022,4059,18,0,18,0,4,4,18,4,22,5.42
WV0370200,LAW ENF DIV DEPT NATRL RESOURCES MIDDLEBOURNE,LAW ENF DIV DEPT NATRL RESOURCES MIDDLEBOURNE,Other State Agency,WV,2022,0,1,0,1,0,0,0,1,0,1,
NB0790200,GERING PD,GERING PD,City,NB,2022,8372,16,0,16,1,1,2,17,1,18,2.15
WV0230000,LOGAN CO SO LOGAN,LOGAN CO SO LOGAN,County,WV,2022,27554,22,0,22,0,2,2,22,2,24,0.87
NJ0011300,HAMMONTON PD,HAMMONTON PD,City,NJ,2022,14861,27,1,28,1,4,5,28,5,33,2.22
KS0610300,LOUISBURG PD,LOUISBURG PD,City,KS,2022,5023,8,0,8,0,1,1,8,1,9,1.79
PA0481500,FORKS TWP PD EASTON,FORKS TWP PD EASTON,City,PA,2022,16440,23,0,23,1,1,2,24,1,25,1.52
NJ0080700,GREENWICH TWP PD GIBBSTOWN,GREENWICH TWP PD GIBBSTOWN,City,NJ,2022,5018,19,0,19,1,1,2,20,1,21,4.18
MS0060100,CLEVELAND PD,CLEVELAND PD,City,MS,2022,10687,38,2,40,4,4,8,42,6,48,4.49
NJ0082100,WESTVILLE PD,WESTVILLE PD,City,NJ,2022,4337,13,0,13,0,1,1,13,1,14,3.23
IL0580400,MOUNT ZION PD,MOUNT ZION PD,City,IL,2022,5867,10,0,10,0,2,2,10,2,12,2.05
MI4180200,WALKER PD,WALKER PD,City,MI,2022,25067,33,2,35,6,3,9,39,5,44,1.76
KS0630200,INDEPENDENCE PD,INDEPENDENCE PD,City,KS,2022,8402,15,2,17,3,6,9,18,8,26,3.09
MI5231200,CHOCOLAY TWP PD MARQUETTE,CHOCOLAY TWP PD MARQUETTE,City,MI,2022,5976,3,0,3,0,1,1,3,1,4,0.67
TN0460000,JOHNSON CO SO MOUNTAIN CITY,JOHNSON CO SO MOUNTAIN CITY,County,TN,2022,15960,19,11,30,2,11,13,21,22,43,2.69
AL0190400,KINSTON PD,KINSTON PD,City,AL,2022,589,1,0,1,0,0,0,1,0,1,1.70
MO0470200,PILOT KNOB,PILOT KNOB,City,MO,2022,648,1,0,1,0,0,0,1,0,1,1.54
NH0034000,TROY PD,TROY PD,City,NH,2022,2192,2,0,2,0,0,0,2,0,2,0.91
TX1290300,KEMP PD,KEMP PD,City,TX,2022,1237,5,0,5,0,1,1,5,1,6,4.85
VA1160000,NEWPORT NEWS PD,NEWPORT NEWS PD,City,VA,2022,183903,336,29,365,92,150,242,428,179,607,3.30
MN0250800,ZUMBROTA PD,ZUMBROTA PD,City,MN,2022,3865,6,0,6,1,0,1,7,0,7,1.81
NJ0050500,LOWER TWP PD CAPE MAY,LOWER TWP PD CAPE MAY,City,NJ,2022,22238,47,0,47,2,6,8,49,6,55,2.47
MT0250000,LEWIS AND CLARK CO SO HELENA,LEWIS AND CLARK CO SO HELENA,County,MT,2022,37502,47,46,93,1,22,23,48,68,116,3.09
WV0202700,KANAWHA CO PARKS/REC COM PARK POLICE CHARLESTON,KANAWHA CO PARKS/REC COM PARK POLICE CHARLESTON,Other,WV,2022,0,3,0,3,0,0,0,3,0,3,
MS0110000,CLAIBORNE CO SO PORT GIBSON,CLAIBORNE CO SO PORT GIBSON,County,MS,2022,7567,7,1,8,3,0,3,10,1,11,1.45
OK0554300,OKLAHOMA CITY UNIVERSITY,OKLAHOMA CITY UNIVERSITY,University or College,OK,2022,0,6,23,29,1,3,4,7,26,33,
VA0080000,AUGUSTA CO SO,AUGUSTA CO SO,County,VA,2022,77883,80,0,80,3,10,13,83,10,93,1.19
AK0014300,UNIVERSITY OF ALASKA ANCHORAGE POLICE DEPART,UNIVERSITY OF ALASKA ANCHORAGE POLICE DEPART,University or College,AK,2022,0,7,6,13,3,1,4,10,7,17,
IL0163000,ELK GROVE VILLAGE PD,ELK GROVE VILLAGE PD,City,IL,2022,31479,69,5,74,10,13,23,79,18,97,3.08
NC0360700,STANLEY PD,STANLEY PD,City,NC,2022,4046,6,0,6,1,0,1,7,0,7,1.73
NJ0021000,DUMONT PD,DUMONT PD,City,NJ,2022,18533,29,4,33,2,4,6,31,8,39,2.10
IN0430000,KOSCIUSKO CO SO WARSAW,KOSCIUSKO CO SO WARSAW,County,IN,2022,53578,36,29,65,1,46,47,37,75,112,2.09
CA0500300,NEWMAN PD,NEWMAN PD,City,CA,2022,12310,11,0,11,1,3,4,12,3,15,1.22
NY0412000,HOOSICK FALLS VILLAGE PD HOOSICK FALLS,HOOSICK FALLS VILLAGE PD HOOSICK FALLS,City,NY,2022,3191,1,0,1,0,0,0,1,0,1,0.31
WY0190100,GREEN RIVER,GREEN RIVER,City,WY,2022,11435,21,0,21,4,5,9,25,5,30,2.62
TX1190000,JACK CO SO JACKSBORO,JACK CO SO JACKSBORO,County,TX,2022,4700,14,6,20,0,10,10,14,16,30,6.38
AL0560400,SOUTHERN UNION STATE CC,SOUTHERN UNION STATE CC,University or College,AL,2022,0,5,2,7,0,0,0,5,2,7,
WA0310500,MARYSVILLE PD,MARYSVILLE PD,City,WA,2022,71395,48,21,69,12,20,32,60,41,101,1.41
MO0390000,GREENE,GREENE,County,MO,2022,93532,171,210,381,22,149,171,193,359,552,5.90
CA0490200,COTATI PD,COTATI PD,City,CA,2022,7437,10,1,11,1,4,5,11,5,16,2.15
WA0140000,GRAYS HARBOR CO SO MONTESANO,GRAYS HARBOR CO SO MONTESANO,County,WA,2022,29976,58,4,62,5,26,31,63,30,93,3.10
MS0220100,GRENADA PD,GRENADA PD,City,MS,2022,12319,25,0,25,6,3,9,31,3,34,2.76
OK0551200,JONES,JONES,City,OK,2022,2991,9,0,9,1,0,1,10,0,10,3.34
CA0270800,SALINAS PD,SALINAS PD,City,CA,2022,162187,129,8,137,16,33,49,145,41,186,1.15
MN0330000,KANABEC CO SO MORA,KANABEC CO SO MORA,County,MN,2022,16305,19,12,31,2,13,15,21,25,46,2.82
NJ0025600,RUTHERFORD PD,RUTHERFORD PD,City,NJ,2022,18592,38,0,38,3,2,5,41,2,43,2.31
KY0140100,HARDINSBURG PD,HARDINSBURG PD,City,KY,2022,2416,6,0,6,0,0,0,6,0,6,2.48
TN0150100,NEWPORT PD,NEWPORT PD,City,TN,2022,6972,26,1,27,2,3,5,28,4,32,4.59
MS0240300,LONG BEACH PD,LONG BEACH PD,City,MS,2022,16944,27,5,32,6,9,15,33,14,47,2.77
MA014709E,ASSUMPTION COLLEGE POLICE DEPARTMENT,ASSUMPTION COLLEGE POLICE DEPARTMENT,University or College,MA,2022,0,9,4,13,1,2,3,10,6,16,
NY0513300,OCEAN BEACH VILLAGE PD OCEAN BEACH,OCEAN BEACH VILLAGE PD OCEAN BEACH,City,NY,2022,171,4,0,4,0,0,0,4,0,4,23.39
NJ0081500,PITMAN PD,PITMAN PD,City,NJ,2022,8837,14,0,14,2,1,3,16,1,17,1.92
AR0250200,MAMMOTH SPRING POLICE DEPARTMENT,MAMMOTH SPRING POLICE DEPARTMENT,City,AR,2022,939,2,0,2,0,0,0,2,0,2,2.13
MI7486700,CLAY TOWNSHIP POLICE DEPARTMENT,CLAY TOWNSHIP POLICE DEPARTMENT,City,MI,2022,8430,16,3,19,2,2,4,18,5,23,2.73
IN0321100,AVON POLICE DEPARTMENT,AVON POLICE DEPARTMENT,City,IN,2022,24167,35,2,37,0,0,0,35,2,37,1.53
MI0260200,MUNISING PD,MUNISING PD,City,MI,2022,1968,5,0,5,0,0,0,5,0,5,2.54
MO0490000,JASPER,JASPER,County,MO,2022,30762,64,32,96,6,20,26,70,52,122,3.97
NC0420100,ENFIELD PD,ENFIELD PD,City,NC,2022,1838,1,0,1,1,1,2,2,1,3,1.63
IA0130100,,,City,IA,2022,1721,4,0,4,0,0,0,4,0,4,2.32
WA0150100,OAK HARBOR PD,OAK HARBOR PD,City,WA,2022,24858,24,3,27,4,6,10,28,9,37,1.49
MN0800200,,,City,MN,2022,742,2,0,2,0,0,0,2,0,2,2.70
PA0491600,POINT TWP PD NORTHUMBERLAND,POINT TWP PD NORTHUMBERLAND,City,PA,2022,3812,6,0,6,0,0,0,6,0,6,1.57
IL0450400,EAST DUNDEE PD,EAST DUNDEE PD,City,IL,2022,3091,13,0,13,1,1,2,14,1,15,4.85
GA0950000,MCINTOSH CO SO DARIEN,MCINTOSH CO SO DARIEN,County,GA,2022,11305,33,12,45,8,9,17,41,21,62,5.48
NJ0090700,KEARNY PD,KEARNY PD,City,NJ,2022,38906,101,4,105,8,3,11,109,7,116,2.98
NH0086200,RYE PD,RYE PD,City,NH,2022,5550,8,0,8,0,1,1,8,1,9,1.62
PA0011600,BONNEAUVILLE,BONNEAUVILLE,City,PA,2022,1761,0,0,0,1,0,1,1,0,1,0.57
PA0170100,CLEARFIELD PD,CLEARFIELD PD,City,PA,2022,5881,7,0,7,0,0,0,7,0,7,1.19
TX1210100,JASPER PD,JASPER PD,City,TX,2022,7706,19,0,19,0,7,7,19,7,26,3.37
WA0380000,WHITMAN CO SO COLFAX,WHITMAN CO SO COLFAX,County,WA,2022,10111,16,12,28,1,5,6,17,17,34,3.36
NY0262600,CANASTOTA VILLAGE PD CANASTOTA,CANASTOTA VILLAGE PD CANASTOTA,City,NY,2022,4541,3,0,3,1,0,1,4,0,4,0.88
OK0470000,MAJOR,MAJOR,County,OK,2022,4944,5,3,8,0,11,11,5,14,19,3.84
PA0113200,JACKSON TOWNHSIP POLICE DEPARTMENT JOHNSTOWN,JACKSON TOWNHSIP POLICE DEPARTMENT JOHNSTOWN,City,PA,2022,4176,5,0,5,0,0,0,5,0,5,1.20
MI5090200,CHESTERFIELD TOWNSHIP PD MOUNT CLEMENS,CHESTERFIELD TOWNSHIP PD MOUNT CLEMENS,City,MI,2022,45519,41,0,41,7,13,20,48,13,61,1.34
MN0250600,,,City,MN,2022,1261,3,0,3,0,0,0,3,0,3,2.38
WV0460000,TAYLOR CO SO GRAFTON,TAYLOR CO SO GRAFTON,County,WV,2022,11697,9,0,9,0,6,6,9,6,15,1.28
MA0050200,ANDOVER PD,ANDOVER PD,City,MA,2022,36631,47,10,57,5,7,12,52,17,69,1.88
WV0230400,LAW ENF DIV DEPT NATRL RESOURCES LOGAN,LAW ENF DIV DEPT NATRL RESOURCES LOGAN,Other State Agency,WV,2022,0,1,0,1,0,0,0,1,0,1,
GA0810100,LOUISVILLE PD,LOUISVILLE PD,City,GA,2022,2336,6,0,6,0,0,0,6,0,6,2.57
VA0160000,CAMPBELL CO SO RUSTBURG,CAMPBELL CO SO RUSTBURG,County,VA,2022,51129,73,1,74,10,8,18,83,9,92,1.80
OK0361900,TONKAWA TRIBAL,TONKAWA TRIBAL,Tribal,OK,2022,0,6,0,6,0,2,2,6,2,8,
ID0340000,MINIDOKA CO SO RUPERT,MINIDOKA CO SO RUPERT,County,ID,2022,12258,18,1,19,2,10,12,20,11,31,2.53
MO0390300,SPRINGFIELD,SPRINGFIELD,City,MO,2022,169822,275,18,293,35,47,82,310,65,375,2.21
OK0170100,WALTERS,WALTERS,City,OK,2022,2361,4,1,5,1,0,1,5,1,6,2.54
GA0780600,BRASELTON PD,BRASELTON PD,City,GA,2022,15203,19,0,19,0,1,1,19,1,20,1.32
CA0290100,GRASS VALLEY PD,GRASS VALLEY PD,City,CA,2022,13895,26,2,28,2,5,7,28,7,35,2.52
OH0570500,KETTERING,KETTERING,City,OH,2022,57107,73,9,82,8,19,27,81,28,109,1.91
WI0680200,ELM GROVE PD,ELM GROVE PD,City,WI,2022,6512,14,1,15,2,5,7,16,6,22,3.38
MN0120000,CHIPPEWA,CHIPPEWA,County,MN,2022,6061,10,10,20,1,2,3,11,12,23,3.79
KY0910100,CARLISLE PD,CARLISLE PD,City,KY,2022,2160,8,3,11,0,2,2,8,5,13,6.02
WI0137600,VERONA PD,VERONA PD,City,WI,2022,14413,22,0,22,1,2,3,23,2,25,1.73
PA0350900,JERMYN PD,JERMYN PD,City,PA,2022,2144,3,0,3,0,0,0,3,0,3,1.40
CT0013100,SOUTHINGTON PD,SOUTHINGTON PD,City,CT,2022,43564,63,8,71,7,10,17,70,18,88,2.02
MO0990000,SCHUYLER,SCHUYLER,County,MO,2022,4040,5,1,6,1,1,2,6,2,8,1.98
ND0080100,BISMARCK PD,BISMARCK PD,City,ND,2022,74604,115,12,127,12,18,30,127,30,157,2.10
TX0700500,MIDLOTHIAN PD,MIDLOTHIAN PD,City,TX,2022,38587,61,8,69,7,25,32,68,33,101,2.62
NJ0132700,MANASQUAN PD,MANASQUAN PD,City,NJ,2022,5949,15,2,17,1,3,4,16,5,21,3.53
SC045NR00,DNR: WILLIAMSBURG COUNTY,DNR: WILLIAMSBURG COUNTY,Other State Agency,SC,2022,0,6,0,6,0,0,0,6,0,6,
CA0490800,PETALUMA PD,PETALUMA PD,City,CA,2022,59129,61,8,69,6,25,31,67,33,100,1.69
KS0630400,CANEY PD,CANEY PD,City,KS,2022,1745,5,1,6,2,3,5,7,4,11,6.30
MN0021500,ST FRANCIS PD,ST FRANCIS PD,City,MN,2022,8502,10,0,10,1,2,3,11,2,13,1.53
OK0690200,DUNCAN,DUNCAN,City,OK,2022,22915,41,5,46,5,11,16,46,16,62,2.71
NM0130500,TATUM PD,TATUM PD,City,NM,2022,683,4,0,4,1,2,3,5,2,7,10.25
ID0340200,HEYBURN PD,HEYBURN PD,City,ID,2022,3684,5,0,5,1,0,1,6,0,6,1.63
NC0430300,COATS PD,COATS PD,City,NC,2022,2219,7,0,7,1,0,1,8,0,8,3.61
KS0090000,CHASE CO SO COTTONWOOD FALLS,CHASE CO SO COTTONWOOD FALLS,County,KS,2022,2635,3,0,3,0,4,4,3,4,7,2.66
TN0330800,RED BANK PD CHATTANOOGA,RED BANK PD CHATTANOOGA,City,TN,2022,11862,21,0,21,3,2,5,24,2,26,2.19
MS0070200,CALHOUN CITY PD,CALHOUN CITY PD,City,MS,2022,1432,3,0,3,0,0,0,3,0,3,2.09
OK0600300,YALE,YALE,City,OK,2022,1089,3,1,4,1,2,3,4,3,7,6.43
MO0840900,FAIR PLAY,FAIR PLAY,City,MO,2022,430,1,0,1,0,0,0,1,0,1,2.33
CO0510000,PUEBLO,PUEBLO,County,CO,2022,58147,109,79,188,37,98,135,146,177,323,5.55
WV0110300,LAW ENF DIV DEPT NATRL RESOURCES COXS MILLS,LAW ENF DIV DEPT NATRL RESOURCES COXS MILLS,Other State Agency,WV,2022,0,1,0,1,0,0,0,1,0,1,
KS0010300,MORAN PD,MORAN PD,City,KS,2022,466,1,0,1,0,0,0,1,0,1,2.15
PA0095700,DUBLIN BOROUGH PD DUBLIN,DUBLIN BOROUGH PD DUBLIN,City,PA,2022,2181,2,0,2,0,0,0,2,0,2,0.92
MI7325800,BIRCH RUN PD,BIRCH RUN PD,City,MI,2022,1555,5,0,5,1,1,2,6,1,7,4.50
OR0250400,BOARDMAN,BOARDMAN,City,OR,2022,4005,10,1,11,1,0,1,11,1,12,3.00
SD0320000,HUGHES CO SO PIERRE,HUGHES CO SO PIERRE,County,SD,2022,3824,8,25,33,0,12,12,8,37,45,11.77
OK0590000,PAWNEE,PAWNEE,County,OK,2022,10484,7,10,17,2,9,11,9,19,28,2.67
WY0150000,PARK CO SO CODY,PARK CO SO CODY,County,WY,2022,13853,20,25,45,1,14,15,21,39,60,4.33
MI1530600,CHARLEVOIX PD,CHARLEVOIX PD,City,MI,2022,2351,6,0,6,1,1,2,7,1,8,3.40
MI7383800,ZILWAUKEE PD SAGINAW,ZILWAUKEE PD SAGINAW,City,MI,2022,1515,1,0,1,0,0,0,1,0,1,0.66
LA0080200,,,City,LA,2022,2061,9,0,9,0,1,1,9,1,10,4.85
OK0410300,STROUD,STROUD,City,OK,2022,2772,9,2,11,0,3,3,9,5,14,5.05
OR0050000,COLUMBIA,COLUMBIA,County,OR,2022,24621,20,25,45,1,15,16,21,40,61,2.48
TX1230000,JEFFERSON CO SO BEAUMONT,JEFFERSON CO SO BEAUMONT,County,TX,2022,38230,209,7,216,116,38,154,325,45,370,9.68
KY0090800,,,Other,KY,2022,0,3,0,3,0,0,0,3,0,3,
LA0360200,DELGADO JR COLL PD NEW ORLEANS,DELGADO JR COLL PD NEW ORLEANS,University or College,LA,2022,0,21,3,24,7,5,12,28,8,36,
TN0300200,BAILEYTON PD GREENEVILLE,BAILEYTON PD GREENEVILLE,City,TN,2022,452,3,0,3,0,0,0,3,0,3,6.64
TX1110000,HOOD CO SO GRANBURY,HOOD CO SO GRANBURY,County,TX,2022,53803,41,51,92,3,38,41,44,89,133,2.47
MN0271600,OSSEO PD,OSSEO PD,City,MN,2022,2545,7,0,7,1,1,2,8,1,9,3.54
TX0010300,FRANKSTON PD,FRANKSTON PD,City,TX,2022,1117,4,0,4,2,0,2,6,0,6,5.37
CO0410000,MOFFAT,MOFFAT,County,CO,2022,3949,24,1,25,8,3,11,32,4,36,9.12
AZ0073100,TOLLESON PD,TOLLESON PD,City,AZ,2022,7308,26,5,31,5,18,23,31,23,54,7.39
GA0250300,SAVANNAH CHATHAM METROPOLITAN POLICE DEPART,SAVANNAH CHATHAM METROPOLITAN POLICE DEPART,City,GA,2022,239089,333,18,351,78,82,160,411,100,511,2.14
OK0550800,WARR ACRES,WARR ACRES,City,OK,2022,10439,24,0,24,1,6,7,25,6,31,2.97
UT0160000,PIUTE CO SO JUNCTION,PIUTE CO SO JUNCTION,County,UT,2022,1532,5,0,5,0,1,1,5,1,6,3.92
IL0060600,SPRING VALLEY PD,SPRING VALLEY PD,City,IL,2022,5415,10,0,10,1,1,2,11,1,12,2.22
NH0084600,NEWMARKET PD,NEWMARKET PD,City,NH,2022,9417,12,2,14,1,5,6,13,7,20,2.12
VT0040100,BURLINGTON PD,BURLINGTON PD,City,VT,2022,44689,51,10,61,11,14,25,62,24,86,1.92
TN0490200,HALLS PD,HALLS PD,City,TN,2022,2076,9,0,9,0,0,0,9,0,9,4.34
TX0940300,SEGUIN PD,SEGUIN PD,City,TX,2022,32452,50,2,52,9,21,30,59,23,82,2.53
KY1150100,SPRINGFIELD PD,SPRINGFIELD PD,City,KY,2022,2854,5,3,8,1,4,5,6,7,13,4.56
MA013989E,EMERSON COLLEGE,EMERSON COLLEGE,University or College,MA,2022,0,15,3,18,0,1,1,15,4,19,
OK0403100,WISTER,WISTER,City,OK,2022,1054,1,0,1,0,0,0,1,0,1,0.95
KY0930100,LA GRANGE PD,LA GRANGE PD,City,KY,2022,10348,16,0,16,0,3,3,16,3,19,1.84
TX2220000,TERRELL CO SO SANDERSON,TERRELL CO SO SANDERSON,County,TX,2022,709,3,1,4,0,0,0,3,1,4,5.64
MI3273800,SEBEWAING PD,SEBEWAING PD,City,MI,2022,1717,4,0,4,0,0,0,4,0,4,2.33
SC0021500,PUBLIC SAFETY DEPT UNIV OF SOUTH CAROLINA AIKEN,PUBLIC SAFETY DEPT UNIV OF SOUTH CAROLINA AIKEN,University or College,SC,2022,0,5,0,5,1,1,2,6,1,7,
GA0607200,,,City,GA,2022,110102,83,3,86,33,14,47,116,17,133,1.21
PA0190200,BERWICK PD,BERWICK PD,City,PA,2022,10360,18,1,19,0,0,0,18,1,19,1.83
AL0390100,SCOTTSBORO PD,SCOTTSBORO PD,City,AL,2022,15730,37,7,44,2,20,22,39,27,66,4.20
OH0570000,MONTGOMERY,MONTGOMERY,County,OH,2022,64101,198,108,306,25,120,145,223,228,451,7.04
PA0520700,SPR: PROMISED LAND,SPR: PROMISED LAND,Other State Agency,PA,2022,0,2,0,2,2,0,2,4,0,4,
AR0190200,PARKIN,PARKIN,City,AR,2022,775,1,0,1,0,1,1,1,1,2,2.58
LA0570100,ABBEVILLE PD,ABBEVILLE PD,City,LA,2022,10968,15,1,16,5,4,9,20,5,25,2.28
IA0730200,SHENANDOAH PD,SHENANDOAH PD,City,IA,2022,4861,9,0,9,0,2,2,9,2,11,2.26
MS0760300,HOLLANDALE PD,HOLLANDALE PD,City,MS,2022,2227,4,0,4,1,5,6,5,5,10,4.49
MN0170200,WINDOM PD,WINDOM PD,City,MN,2022,4850,8,0,8,2,1,3,10,1,11,2.27
OH0771500,BOSTON HEIGHTS,BOSTON HEIGHTS,City,OH,2022,1393,8,0,8,0,0,0,8,0,8,5.74
FL0540000,PUTNAM CO SO PALATKA,PUTNAM CO SO PALATKA,County,FL,2022,61354,113,39,152,17,59,76,130,98,228,3.72
ME0010200,LEWISTON PD,LEWISTON PD,City,ME,2022,36488,72,6,78,5,7,12,77,13,90,2.47
KY0700000,LIVINGSTON CO SO SMITHLAND,LIVINGSTON CO SO SMITHLAND,County,KY,2022,9068,11,0,11,0,1,1,11,1,12,1.32
ND0360000,RAMSEY CO SO DEVILS LAKE,RAMSEY CO SO DEVILS LAKE,County,ND,2022,4498,9,0,9,1,1,2,10,1,11,2.45
WI0070100,GRANTSBURG PD,GRANTSBURG PD,City,WI,2022,1336,1,0,1,1,1,2,2,1,3,2.25
OR0130300,BURNS PAIUTE TRIBAL,BURNS PAIUTE TRIBAL,Tribal,OR,2022,0,2,0,2,0,0,0,2,0,2,
IA0350100,HAMPTON PD,HAMPTON PD,City,IA,2022,4295,5,0,5,0,1,1,5,1,6,1.40
WI0290100,ELROY PD,ELROY PD,City,WI,2022,1332,2,0,2,0,0,0,2,0,2,1.50
WV0110200,SECURITY OFF GLENVILLE ST COLLEGE GLENVILLE,SECURITY OFF GLENVILLE ST COLLEGE GLENVILLE,University or College,WV,2022,0,2,1,3,0,4,4,2,5,7,
WI0380100,MARINETTE PD,MARINETTE PD,City,WI,2022,11015,25,0,25,1,4,5,26,4,30,2.72
NC0640100,NASHVILLE PD,NASHVILLE PD,City,NC,2022,5699,18,1,19,2,0,2,20,1,21,3.68
NY0290300,FLORAL PARK VILLAGE PD FLORAL PARK,FLORAL PARK VILLAGE PD FLORAL PARK,City,NY,2022,16000,18,3,21,2,8,10,20,11,31,1.94
VTVSP1600,,,State Police,VT,2022,24756,18,5,23,2,16,18,20,21,41,1.66
RI0041300,FOSTER PD,FOSTER PD,City,RI,2022,4454,5,1,6,1,2,3,6,3,9,2.02
TX0710000,EL PASO,EL PASO,County,TX,2022,120450,288,455,743,27,188,215,315,643,958,7.95
PA0370800,UNION TWP PD NEW CASTLE,UNION TWP PD NEW CASTLE,City,PA,2022,4925,11,0,11,0,0,0,11,0,11,2.23
WI0430100,GILLETT PD GILLETT,GILLETT PD GILLETT,City,WI,2022,1282,3,0,3,1,0,1,4,0,4,3.12
NJ0042000,LAUREL SPRINGS PD,LAUREL SPRINGS PD,City,NJ,2022,1971,7,0,7,0,0,0,7,0,7,3.55
WI0570200,BARABOO PD,BARABOO PD,City,WI,2022,12312,24,25,49,3,7,10,27,32,59,4.79
IA0110100,STORM LAKE PD,STORM LAKE PD,City,IA,2022,11274,16,0,16,3,4,7,19,4,23,2.04
MI6016000,MONTMORENCY CO SO ATLANTA,MONTMORENCY CO SO ATLANTA,County,MI,2022,9441,11,0,11,2,0,2,13,0,13,1.38
MS0170600,,,City,MS,2022,1374,5,0,5,0,0,0,5,0,5,3.64
NC0900500,STALLINGS POLICE DEPARTMENT,STALLINGS POLICE DEPARTMENT,City,NC,2022,16758,19,0,19,4,2,6,23,2,25,1.49
NJ0151300,LAKEHURST PD,LAKEHURST PD,City,NJ,2022,2708,12,0,12,2,1,3,14,1,15,5.54
PA0652100,SOUTH GREENSBURG PD GREENSBURG,SOUTH GREENSBURG PD GREENSBURG,City,PA,2022,2101,2,0,2,0,0,0,2,0,2,0.95
VA1300000,WILLIAMSBURG PD,WILLIAMSBURG PD,City,VA,2022,15790,34,0,34,5,2,7,39,2,41,2.60
LA0080400,HAUGHTON PD,HAUGHTON PD,City,LA,2022,4457,13,0,13,0,1,1,13,1,14,3.14
OK0370200,KINGFISHER,KINGFISHER,City,OK,2022,4832,12,0,12,0,1,1,12,1,13,2.69
VA0350000,GILES CO SO PEARISBURG,GILES CO SO PEARISBURG,County,VA,2022,9643,24,1,25,1,8,9,25,9,34,3.53
SC0130200,CHESTERFIELD PD,CHESTERFIELD PD,City,SC,2022,1326,5,0,5,0,0,0,5,0,5,3.77
WI0150000,DOOR CO SO STURGEON BAY,DOOR CO SO STURGEON BAY,County,WI,2022,20843,43,0,43,13,4,17,56,4,60,2.88
CA0170100,LAKEPORT PD,LAKEPORT PD,City,CA,2022,5171,8,1,9,1,3,4,9,4,13,2.51
MA0080500,EASTHAMPTON PD,EASTHAMPTON PD,City,MA,2022,15914,24,1,25,5,7,12,29,8,37,2.32
OH0090700,OXFORD,OXFORD,City,OH,2022,22520,26,3,29,3,9,12,29,12,41,1.82
ND0380000,RENVILLE CO SO MOHALL,RENVILLE CO SO MOHALL,County,ND,2022,2284,5,0,5,2,1,3,7,1,8,3.50
TX1470200,GROESBECK POLICE DEPT,GROESBECK POLICE DEPT,City,TX,2022,3638,7,0,7,2,0,2,9,0,9,2.47
NC0120100,MORGANTON PD,MORGANTON PD,City,NC,2022,17568,41,6,47,7,5,12,48,11,59,3.36
TX1820200,MINERAL WELLS PD,MINERAL WELLS PD,City,TX,2022,15010,22,1,23,5,11,16,27,12,39,2.60
IN0320800,,,City,IN,2022,4145,9,1,10,0,0,0,9,1,10,2.41
TX0830000,GAINES CO SO SEMINOLE,GAINES CO SO SEMINOLE,County,TX,2022,12960,12,9,21,5,16,21,17,25,42,3.24
TX2201800,LAKESIDE PD FORT WORTH,LAKESIDE PD FORT WORTH,City,TX,2022,1603,5,0,5,3,0,3,8,0,8,4.99
GA044149E,DORAVILLE MARSHALS OFFICE,DORAVILLE MARSHALS OFFICE,University or College,GA,2022,0,31,14,45,9,18,27,40,32,72,
WVWSP2600,STATE POLICE MARTINSBURG,STATE POLICE MARTINSBURG,State Police,WV,2022,0,23,0,23,0,2,2,23,2,25,
GA0710100,BREMEN PD,BREMEN PD,City,GA,2022,7683,17,1,18,1,2,3,18,3,21,2.73
SD0500100,FLANDREAU POLICE DEPARTMENT,FLANDREAU POLICE DEPARTMENT,City,SD,2022,2338,6,0,6,0,1,1,6,1,7,2.99
MT0390000,POWELL CO SO DEER LODGE,POWELL CO SO DEER LODGE,County,MT,2022,4116,5,2,7,0,3,3,5,5,10,2.43
TX1430100,HALLETTSVILLE PD,HALLETTSVILLE PD,City,TX,2022,2762,6,0,6,1,1,2,7,1,8,2.90
GA0460000,DOOLY COUNTY SHERIFF'S OFFICE PINEHURST,DOOLY COUNTY SHERIFF'S OFFICE PINEHURST,County,GA,2022,7841,30,11,41,2,20,22,32,31,63,8.03
NM0070600,DPS SUNLAND PARK,DPS SUNLAND PARK,City,NM,2022,17441,24,1,25,1,1,2,25,2,27,1.55
WI0620100,WHITEHALL PD,WHITEHALL PD,City,WI,2022,1616,2,0,2,2,0,2,4,0,4,2.48
PA0063000,BALLY PD,BALLY PD,City,PA,2022,1228,2,0,2,0,0,0,2,0,2,1.63
MN0180200,CROSBY PD,CROSBY PD,City,MN,2022,2323,8,0,8,0,1,1,8,1,9,3.87
WI0160500,UNIV WI SUPERIOR CAMPUS SAFETY OFFICE,UNIV WI SUPERIOR CAMPUS SAFETY OFFICE,University or College,WI,2022,0,6,1,7,0,0,0,6,1,7,
UT0240200,UINTAH & OURAY BUREAU OF INDIAN AFFAIRS PD,UINTAH & OURAY BUREAU OF INDIAN AFFAIRS PD,Tribal,UT,2022,0,10,4,14,2,8,10,12,12,24,
DE0031300,GEORGETOWN PD,GEORGETOWN PD,City,DE,2022,7667,13,2,15,2,2,4,15,4,19,2.48
AL0051100,FAULKNER STATE COMMUNITY COLLEGE,FAULKNER STATE COMMUNITY COLLEGE,University or College,AL,2022,0,11,0,11,1,0,1,12,0,12,
NC0280700,DUCK POLICE DEPARTMENT,DUCK POLICE DEPARTMENT,City,NC,2022,770,12,0,12,2,1,3,14,1,15,19.48
MA0093200,NATICK PD,NATICK PD,City,MA,2022,36090,48,7,55,5,7,12,53,14,67,1.86
AR0430100,ENGLAND PD,ENGLAND PD,City,AR,2022,2427,6,0,6,1,4,5,7,4,11,4.53
OK0410700,DAVENPORT,DAVENPORT,City,OK,2022,849,2,0,2,0,0,0,2,0,2,2.36
IA0940200,,,City,IA,2022,952,1,0,1,0,0,0,1,0,1,1.05
MI3952500,KALAMAZOO VALLEY COMM CO,KALAMAZOO VALLEY COMM CO,University or College,MI,2022,0,6,1,7,0,1,1,6,2,8,
KY0730000,MC CRACKEN CO SO PADUCAH,MC CRACKEN CO SO PADUCAH,County,KY,2022,40982,41,1,42,4,4,8,45,5,50,1.22
MN0620900,ST PAUL PD,ST PAUL PD,City,MN,2022,277533,493,82,575,86,107,193,579,189,768,2.77
OK0760100,ALVA,ALVA,City,OK,2022,4991,6,0,6,0,1,1,6,1,7,1.40
VA1220300,VA ST CAPITOL POLICE RICHMOND,VA ST CAPITOL POLICE RICHMOND,Other State Agency,VA,2022,0,45,1,46,11,14,25,56,15,71,
KY0860300,FOUNTAIN RUN,FOUNTAIN RUN,City,KY,2022,217,1,0,1,0,0,0,1,0,1,4.61
NC0800000,ROWAN CO SO SALISBURY,ROWAN CO SO SALISBURY,County,NC,2022,83914,103,37,140,12,26,38,115,63,178,2.12
KY1120000,TRIMBLE CO SO BEDFORD,TRIMBLE CO SO BEDFORD,County,KY,2022,8595,3,0,3,0,0,0,3,0,3,0.35
ND0320000,NELSON CO SO LAKOTA,NELSON CO SO LAKOTA,County,ND,2022,3152,4,0,4,1,1,2,5,1,6,1.90
PA0660200,MESHOPPEN PD,MESHOPPEN PD,City,PA,2022,1230,1,0,1,1,0,1,2,0,2,1.63
KY0240100,HOPKINSVILLE PD,HOPKINSVILLE PD,City,KY,2022,30528,50,8,58,7,25,32,57,33,90,2.95
AR0180300,,,City,AR,2022,498,1,0,1,0,0,0,1,0,1,2.01
NJ0011800,NORTHFIELD PD,NORTHFIELD PD,City,NJ,2022,8435,22,0,22,0,2,2,22,2,24,2.85
MI5036000,EASTPOINTE POLICE DEPARTMENT EASTPOINTE,EASTPOINTE POLICE DEPARTMENT EASTPOINTE,City,MI,2022,33829,43,2,45,1,3,4,44,5,49,1.45
MO0540000,LAFAYETTE,LAFAYETTE,County,MO,2022,12338,24,11,35,6,12,18,30,23,53,4.30
VA1310000,WINCHESTER PD,WINCHESTER PD,City,VA,2022,28363,62,1,63,14,8,22,76,9,85,3.00
SC0030100,ALLENDALE PD,ALLENDALE PD,City,SC,2022,2626,2,0,2,0,0,0,2,0,2,0.76
IN0460000,LA PORTE CO SO LA PORTE,LA PORTE CO SO LA PORTE,County,IN,2022,48160,60,57,117,2,37,39,62,94,156,3.24
KY0450500,RUSSELL PD,RUSSELL PD,City,KY,2022,3656,13,0,13,0,0,0,13,0,13,3.56
MI4414400,LAPEER CO SO LAPEER,LAPEER CO SO LAPEER,County,MI,2022,58831,40,26,66,5,7,12,45,33,78,1.33
NJ0070000,ESSEX CO SHERIFFS OFF NEWARK,ESSEX CO SHERIFFS OFF NEWARK,County,NJ,2022,0,305,29,334,78,39,117,383,68,451,
TX1231000,LAMAR UNIVERSITY PD BEAUMONT,LAMAR UNIVERSITY PD BEAUMONT,University or College,TX,2022,0,12,20,32,7,23,30,19,43,62,
UT0180500,SANDY PD,SANDY PD,City,UT,2022,93102,100,9,109,18,23,41,118,32,150,1.61
GA0320100,HOMERVILLE PD,HOMERVILLE PD,City,GA,2022,2309,6,0,6,1,2,3,7,2,9,3.90
GA1330200,REYNOLDS PD,REYNOLDS PD,City,GA,2022,929,6,0,6,0,0,0,6,0,6,6.46
MS0790000,WILKINSON CO SO WOODVILLE,WILKINSON CO SO WOODVILLE,County,MS,2022,8101,3,5,8,0,0,0,3,5,8,0.99
WI0710600,OMRO PD,OMRO PD,City,WI,2022,3662,8,0,8,0,1,1,8,1,9,2.46
NY0353500,PORT JERVIS CITY PD PORT JERVIS,PORT JERVIS CITY PD PORT JERVIS,City,NY,2022,8738,29,0,29,3,1,4,32,1,33,3.78
TN0780000,SEVIER CO SO SEVIERVILLE,SEVIER CO SO SEVIERVILLE,County,TN,2022,71124,93,60,153,11,38,49,104,98,202,2.84
MA0082000,WORTHINGTON,WORTHINGTON,City,MA,2022,1176,1,0,1,0,0,0,1,0,1,0.85
IA0500300,,,City,IA,2022,2042,3,0,3,0,0,0,3,0,3,1.47
SC0400400,FOREST ACRES PD,FOREST ACRES PD,City,SC,2022,10514,23,1,24,4,8,12,27,9,36,3.42
AR0661700,,,City,AR,2022,494,1,0,1,0,0,0,1,0,1,2.02
WI0480200,ELLSWORTH PD,ELLSWORTH PD,City,WI,2022,3318,5,0,5,0,0,0,5,0,5,1.51
SD0270100,PHILIP PD,PHILIP PD,City,SD,2022,722,2,0,2,0,0,0,2,0,2,2.77
TX1000000,HARDIN CO SO KOUNTZE,HARDIN CO SO KOUNTZE,County,TX,2022,33011,36,20,56,1,20,21,37,40,77,2.33
MI4143700,GRANDVILLE PD,GRANDVILLE PD,City,MI,2022,15847,23,0,23,2,2,4,25,2,27,1.70
NM0080300,LOVING,LOVING,City,NM,2022,1290,3,0,3,0,2,2,3,2,5,3.88
UT0110600,BRIAN HEAD PD,BRIAN HEAD PD,City,UT,2022,159,7,0,7,0,0,0,7,0,7,44.03
AL0520900,PRICEVILLE PD DECATUR,PRICEVILLE PD DECATUR,City,AL,2022,3822,7,0,7,1,0,1,8,0,8,2.09
TX0310100,BROWNSVILLE PD,BROWNSVILLE PD,City,TX,2022,188906,191,36,227,29,38,67,220,74,294,1.56
PA0114000,STONYCREEK TWP PD JOHNSTOWN,STONYCREEK TWP PD JOHNSTOWN,City,PA,2022,2723,6,0,6,0,0,0,6,0,6,2.20
OK0161500,CAMERON UNIVERSITY,CAMERON UNIVERSITY,University or College,OK,2022,0,10,0,10,0,0,0,10,0,10,
OH0181100,BROOKLYN HEIGHTS,BROOKLYN HEIGHTS,City,OH,2022,1481,16,0,16,1,0,1,17,0,17,11.48
MO0250000,CLINTON,CLINTON,County,MO,2022,10285,18,6,24,1,6,7,19,12,31,3.01
SC037NR00,DNR: OCONEE COUNTY,DNR: OCONEE COUNTY,Other State Agency,SC,2022,0,5,0,5,1,0,1,6,0,6,
IL1010500,ROCKTON PD,ROCKTON PD,City,IL,2022,7738,9,0,9,5,2,7,14,2,16,2.07
GA0170100,WAYNESBORO PD,WAYNESBORO PD,City,GA,2022,5576,16,0,16,3,3,6,19,3,22,3.95
MA0132000,UNIVERSITY OF MASSACHUSETTS PD BOSTON,UNIVERSITY OF MASSACHUSETTS PD BOSTON,University or College,MA,2022,0,17,4,21,4,1,5,21,5,26,
NB0270100,FREMONT PD,FREMONT PD,City,NB,2022,27586,35,0,35,4,8,12,39,8,47,1.70
PA0092900,HILLTOWN TWP PD HILLTOWN,HILLTOWN TWP PD HILLTOWN,City,PA,2022,16895,18,0,18,0,2,2,18,2,20,1.18
MA0060700,DEERFIELD PD,DEERFIELD PD,City,MA,2022,5154,8,0,8,2,1,3,10,1,11,2.13
MS0170200,OLIVE BRANCH PD,OLIVE BRANCH PD,City,MS,2022,40651,74,2,76,16,5,21,90,7,97,2.39
TNTBI0000,TN BU OF INVESTIGATION ADMIN HQ NASHVILLE,TN BU OF INVESTIGATION ADMIN HQ NASHVILLE,Other State Agency,TN,2022,0,262,52,314,149,162,311,411,214,625,
SC0400100,COLUMBIA PD,COLUMBIA PD,City,SC,2022,137768,228,30,258,61,50,111,289,80,369,2.68
MN0820800,OAKDALE PD,OAKDALE PD,City,MN,2022,27681,31,2,33,4,5,9,35,7,42,1.52
NB0060100,ALBION PD,ALBION PD,City,NB,2022,1721,3,0,3,0,0,0,3,0,3,1.74
TX0150200,BALCONES HEIGHTS POLICE DEPT,BALCONES HEIGHTS POLICE DEPT,City,TX,2022,2709,17,1,18,1,2,3,18,3,21,7.75
TX0700800,RED OAK POLICE DEPARTMENT,RED OAK POLICE DEPARTMENT,City,TX,2022,16396,24,0,24,3,3,6,27,3,30,1.83
AL0300400,FLOMATON PD,FLOMATON PD,City,AL,2022,1455,6,1,7,0,4,4,6,5,11,7.56
WA0370200,BLAINE PD,BLAINE PD,City,WA,2022,6050,13,0,13,1,2,3,14,2,16,2.64
IA0290000,DES MOINES CO SO BURLINGTON,DES MOINES CO SO BURLINGTON,County,IA,2022,11513,22,0,22,1,5,6,23,5,28,2.43
WIDCI0000,"DIVISION OF CRIMINAL INVESTIGATION, MADISON","DIVISION OF CRIMINAL INVESTIGATION, MADISON",Other State Agency,WI,2022,0,74,17,91,14,38,52,88,55,143,
AL0490200,WINFIELD PD,WINFIELD PD,City,AL,2022,4805,13,0,13,0,1,1,13,1,14,2.91
GA0720400,HAMILTON,HAMILTON,City,GA,2022,1695,1,0,1,2,0,2,3,0,3,1.77
ND0150000,EMMONS CO SO LINTON,EMMONS CO SO LINTON,County,ND,2022,3294,5,0,5,0,1,1,5,1,6,1.82
IA0040000,APPANOOSE CO SO CENTERVILLE,APPANOOSE CO SO CENTERVILLE,County,IA,2022,6940,7,3,10,2,4,6,9,7,16,2.31
NY203UN00,SUNY: BINGHAMTON,SUNY: BINGHAMTON,University or College,NY,2022,0,33,12,45,2,5,7,35,17,52,
IA0860300,,,City,IA,2022,1242,3,0,3,0,0,0,3,0,3,2.42
MO0140000,CALLAWAY,CALLAWAY,County,MO,2022,25709,35,6,41,4,10,14,39,16,55,2.14
NY0582000,NEWARK VILLAGE PD NEWARK,NEWARK VILLAGE PD NEWARK,City,NY,2022,8939,14,0,14,0,1,1,14,1,15,1.68
NC0922400,,,Other,NC,2022,0,21,12,33,3,5,8,24,17,41,
TX1230500,NEDERLAND PD,NEDERLAND PD,City,TX,2022,18034,26,2,28,2,12,14,28,14,42,2.33
MS0250200,RAYMOND PD,RAYMOND PD,City,MS,2022,1838,4,0,4,0,0,0,4,0,4,2.18
IL0167900,OAK FOREST PD,OAK FOREST PD,City,IL,2022,26282,35,3,38,4,9,13,39,12,51,1.94
IN0280600,,,Other,IN,2022,0,10,0,10,0,0,0,10,0,10,
NH0057000,SUGAR HILL PD,SUGAR HILL PD,City,NH,2022,662,1,0,1,1,0,1,2,0,2,3.02
KS0410000,HASKELL CO SO SUBLETTE,HASKELL CO SO SUBLETTE,County,KS,2022,3587,9,1,10,1,4,5,10,5,15,4.18
SC0261100,BRIARCLIFFE ACRES POLICE DEPT MYRTLE BEACH,BRIARCLIFFE ACRES POLICE DEPT MYRTLE BEACH,City,SC,2022,523,1,0,1,0,0,0,1,0,1,1.91
CA0170200,CLEARLAKE PD,CLEARLAKE PD,City,CA,2022,16901,20,4,24,1,10,11,21,14,35,2.07
NC0840800,MISENHEIMER,MISENHEIMER,City,NC,2022,647,5,0,5,0,0,0,5,0,5,7.73
OK0630900,,,City,OK,2022,608,3,0,3,0,0,0,3,0,3,4.93
GA0311400,,,City,GA,2022,12041,18,0,18,1,3,4,19,3,22,1.83
VT0130300,WILMINGTON PD,WILMINGTON PD,City,VT,2022,2310,5,1,6,1,1,2,6,2,8,3.46
NJ0090500,HOBOKEN PD,HOBOKEN PD,City,NJ,2022,56882,121,6,127,13,8,21,134,14,148,2.60
CT0011800,RIDGEFIELD PD,RIDGEFIELD PD,City,CT,2022,25048,40,2,42,2,5,7,42,7,49,1.96
NC0101100,BALD HEAD ISLAND PUBLIC SAFETY SOUTHPORT,BALD HEAD ISLAND PUBLIC SAFETY SOUTHPORT,City,NC,2022,273,27,0,27,0,1,1,27,1,28,102.56
IA0030000,ALLAMAKEE CO SO WAUKON,ALLAMAKEE CO SO WAUKON,County,IA,2022,6990,9,3,12,0,8,8,9,11,20,2.86
SC0420700,COWPENS PD,COWPENS PD,City,SC,2022,2104,7,0,7,2,1,3,9,1,10,4.75
WV0320400,LAW ENF DIV DEPT NATRL RESOURCES PETERSTOWN,LAW ENF DIV DEPT NATRL RESOURCES PETERSTOWN,Other State Agency,WV,2022,0,2,0,2,0,0,0,2,0,2,
GA0920200,HAHIRA PD,HAHIRA PD,City,GA,2022,3442,9,0,9,1,2,3,10,2,12,3.49
TX0800000,FRANKLIN CO SO MOUNT VERNON,FRANKLIN CO SO MOUNT VERNON,County,TX,2022,7326,19,0,19,10,0,10,29,0,29,3.96
GA0605700,MILTON POLICE DEPARTMENT,MILTON POLICE DEPARTMENT,City,GA,2022,41330,33,0,33,6,4,10,39,4,43,1.04
AL0480200,LINDEN PD,LINDEN PD,City,AL,2022,1856,7,0,7,0,0,0,7,0,7,3.77
AL0200300,MUSCLE SHOALS PD,MUSCLE SHOALS PD,City,AL,2022,16917,41,3,44,0,7,7,41,10,51,3.01
TX1290100,FORNEY PD,FORNEY PD,City,TX,2022,31105,34,1,35,2,15,17,36,16,52,1.67
NJ0190400,BYRAM TWP PD STANHOPE,BYRAM TWP PD STANHOPE,City,NJ,2022,8128,15,0,15,0,0,0,15,0,15,1.85
TN0850200,FIFTEENTH JUDICIAL DISTRICT DRUG TASK FORCE,FIFTEENTH JUDICIAL DISTRICT DRUG TASK FORCE,Other,TN,2022,0,2,0,2,0,11,11,2,11,13,
OH0500800,STRUTHERS,STRUTHERS,City,OH,2022,9859,16,1,17,1,4,5,17,5,22,2.23
AL0310600,HOKES BLUFF PD,HOKES BLUFF PD,City,AL,2022,4451,8,0,8,0,0,0,8,0,8,1.80
GA0470200,DOUGHERTY COUNTY PD ALBANY,DOUGHERTY COUNTY PD ALBANY,County,GA,2022,16002,27,0,27,8,8,16,35,8,43,2.69
SC013NR00,DNR: CHESTERFIELD COUNTY,DNR: CHESTERFIELD COUNTY,Other State Agency,SC,2022,0,2,0,2,2,0,2,4,0,4,
AR0580400,DPS ARK TECH U RUSSELLVILLE,DPS ARK TECH U RUSSELLVILLE,University or College,AR,2022,0,15,1,16,2,2,4,17,3,20,
IN0290200,NOBLESVILLE PD,NOBLESVILLE PD,City,IN,2022,72070,88,1,89,8,10,18,96,11,107,1.48
PA0450000,SHERIFF'S OFFICE STROUDSBURG,SHERIFF'S OFFICE STROUDSBURG,County,PA,2022,0,21,10,31,0,14,14,21,24,45,
ND0450000,STARK CO SO DICKINSON,STARK CO SO DICKINSON,County,ND,2022,8063,25,0,25,3,5,8,28,5,33,4.09
OK0630100,SHAWNEE,SHAWNEE,City,OK,2022,31865,62,3,65,2,12,14,64,15,79,2.48
OK0460000,MCINTOSH,MCINTOSH,County,OK,2022,13734,13,0,13,1,1,2,14,1,15,1.09
OR0100500,ROSEBURG,ROSEBURG,City,OR,2022,23973,35,0,35,2,5,7,37,5,42,1.75
MS0160100,COLLINS PD,COLLINS PD,City,MS,2022,2232,10,0,10,4,4,8,14,4,18,8.06
PA0154700,LINCOLN UNIV CAMPUS PD LINCOLN UNIV,LINCOLN UNIV CAMPUS PD LINCOLN UNIV,University or College,PA,2022,0,16,6,22,2,5,7,18,11,29,
NH0051800,CANAAN PD,CANAAN PD,City,NH,2022,3818,6,0,6,0,1,1,6,1,7,1.83
GA1010000,MITCHELL CO SO CAMILLA,MITCHELL CO SO CAMILLA,County,GA,2022,12681,22,5,27,0,21,21,22,26,48,3.79
TX0790400,STAFFORD PD,STAFFORD PD,City,TX,2022,17110,38,1,39,14,15,29,52,16,68,3.97
GA0330100,AUSTELL PD,AUSTELL PD,City,GA,2022,7867,17,0,17,7,8,15,24,8,32,4.07
MI3649300,IRON RIVER PD,IRON RIVER PD,City,MI,2022,3001,3,0,3,0,0,0,3,0,3,1.00
TX0610100,ARGYLE POLICE DEPT,ARGYLE POLICE DEPT,City,TX,2022,4986,13,1,14,3,1,4,16,2,18,3.61
AR0300000,HOT SPRING CO SO MALVERN,HOT SPRING CO SO MALVERN,County,AR,2022,22499,23,1,24,6,1,7,29,2,31,1.38
MO0470500,VIBURNUM,VIBURNUM,City,MO,2022,636,2,0,2,0,0,0,2,0,2,3.14
FL0590500,SANFORD PD,SANFORD PD,City,FL,2022,60602,102,10,112,24,16,40,126,26,152,2.51
ND0480000,TOWNER CO SO CANDO,TOWNER CO SO CANDO,County,ND,2022,2164,4,1,5,0,0,0,4,1,5,2.31
VT012165A,ATTORNEY GENERAL MONTPELIER,ATTORNEY GENERAL MONTPELIER,Other State Agency,VT,2022,0,4,0,4,2,0,2,6,0,6,
MO0080200,LINCOLN,LINCOLN,City,MO,2022,1170,2,0,2,0,0,0,2,0,2,1.71
GA0880000,LEE CO SO LEESBURG,LEE CO SO LEESBURG,County,GA,2022,30232,40,20,60,2,27,29,42,47,89,2.94
AL0020600,BAYOU LA BATRE PD,BAYOU LA BATRE PD,City,AL,2022,2166,11,1,12,1,3,4,12,4,16,7.39
MI1964300,OVID PD,OVID PD,City,MI,2022,1467,1,0,1,2,0,2,3,0,3,2.04
PA0400400,EDWARDSVILLE POLICE DEPARTMENT EDWARDSVILLE,EDWARDSVILLE POLICE DEPARTMENT EDWARDSVILLE,City,PA,2022,4914,6,0,6,0,0,0,6,0,6,1.22
KY0180200,MURRAY STATE UNIVERSITY PD MURRAY,MURRAY STATE UNIVERSITY PD MURRAY,University or College,KY,2022,0,14,1,15,0,6,6,14,7,21,
IA0330200,WEST UNION PD,WEST UNION PD,City,IA,2022,2421,1,0,1,0,0,0,1,0,1,0.41
SD0610100,WINNER PD,WINNER PD,City,SD,2022,2834,8,0,8,1,0,1,9,0,9,3.18
AR0340700,,,University or College,AR,2022,0,3,0,3,0,0,0,3,0,3,
UT0270100,ST GEORGE CITY PD,ST GEORGE CITY PD,City,UT,2022,104158,123,12,135,11,41,52,134,53,187,1.80
VA0090000,BATH CO SO WARM SPRINGS,BATH CO SO WARM SPRINGS,County,VA,2022,4048,15,2,17,0,7,7,15,9,24,5.93
FL0310000,INDIAN RIVER CO SO VERO BEACH,INDIAN RIVER CO SO VERO BEACH,County,FL,2022,116211,175,144,319,23,142,165,198,286,484,4.16
WY0190000,SWEETWATER CO SO GREEN RIVER,SWEETWATER CO SO GREEN RIVER,County,WY,2022,6796,45,2,47,17,18,35,62,20,82,12.07
FL0480600,WINTER PARK PD,WINTER PARK PD,City,FL,2022,28582,65,12,77,16,16,32,81,28,109,3.81
MI5070800,ROMEO PD,ROMEO PD,City,MI,2022,3711,8,2,10,0,2,2,8,4,12,3.23
IL0860000,SCOTT CO SO WINCHESTER,SCOTT CO SO WINCHESTER,County,IL,2022,2647,3,1,4,0,3,3,3,4,7,2.64
IL0920600,HOOPESTON PD,HOOPESTON PD,City,IL,2022,4782,10,1,11,0,3,3,10,4,14,2.93
KS0540300,LA CYGNE,LA CYGNE,City,KS,2022,1056,0,0,0,2,0,2,2,0,2,1.89
GA0850300,GORDON JR COLLEGE DPS BARNESVILLE,GORDON JR COLLEGE DPS BARNESVILLE,University or College,GA,2022,0,8,0,8,0,1,1,8,1,9,
VA0730200,LONGWOOD UNIVERSITY PD FARMVILLE,LONGWOOD UNIVERSITY PD FARMVILLE,University or College,VA,2022,0,12,1,13,1,3,4,13,4,17,
AR0670000,SEVIER CO SO DE QUEEN,SEVIER CO SO DE QUEEN,County,AR,2022,9748,15,7,22,1,14,15,16,21,37,3.80
OK0470100,FAIRVIEW,FAIRVIEW,City,OK,2022,2658,4,0,4,1,0,1,5,0,5,1.88
TX1072800,,,Other,TX,2022,0,2,0,2,0,0,0,2,0,2,
OH0700400,SHELBY,SHELBY,City,OH,2022,9303,12,0,12,1,3,4,13,3,16,1.72
MA0140900,BROOKFIELD PD,BROOKFIELD PD,City,MA,2022,3443,5,0,5,1,0,1,6,0,6,1.74
CA0331100,PALM SPRINGS PD,PALM SPRINGS PD,City,CA,2022,45463,89,9,98,14,34,48,103,43,146,3.21
KS0290000,FORD CO SO DODGE CITY,FORD CO SO DODGE CITY,County,KS,2022,5000,28,19,47,1,21,22,29,40,69,13.80
MN0860000,WRIGHT CO SO BUFFALO,WRIGHT CO SO BUFFALO,County,MN,2022,126062,152,62,214,13,46,59,165,108,273,2.17
GA0600900,GEORGIA STATE UNIVERSITY PD ATLANTA,GEORGIA STATE UNIVERSITY PD ATLANTA,University or College,GA,2022,0,76,51,127,32,54,86,108,105,213,
LA0510400,PATTERSON PD,PATTERSON PD,City,LA,2022,5681,14,0,14,11,0,11,25,0,25,4.40
TN0840100,COVINGTON PD,COVINGTON PD,City,TN,2022,8582,25,2,27,5,3,8,30,5,35,4.08
WI0682000,OCONOMOWOC TWP PD OCONOMOWOC,OCONOMOWOC TWP PD OCONOMOWOC,City,WI,2022,8853,10,0,10,1,1,2,11,1,12,1.36
FL0230000,GULF CO SO PORT ST JOE,GULF CO SO PORT ST JOE,County,FL,2022,11013,28,1,29,3,11,14,31,12,43,3.90
AR0430500,AUSTIN PD,AUSTIN PD,City,AR,2022,4547,4,0,4,0,0,0,4,0,4,0.88
GA0410100,TRENTON PD,TRENTON PD,City,GA,2022,2224,8,0,8,0,0,0,8,0,8,3.60
AL0190200,ENTERPRISE PD,ENTERPRISE PD,City,AL,2022,29936,43,3,46,5,14,19,48,17,65,2.17
WI0690000,WAUPACA CO SO WAUPACA,WAUPACA CO SO WAUPACA,County,WI,2022,32215,43,31,74,5,23,28,48,54,102,3.17
WY0040000,CARBON CO SO RAWLINS,CARBON CO SO RAWLINS,County,WY,2022,3768,18,9,27,0,22,22,18,31,49,13.00
MI7047400,HOLLAND PD,HOLLAND PD,City,MI,2022,33838,51,3,54,8,7,15,59,10,69,2.04
TX1090300,ITASCA PD,ITASCA PD,City,TX,2022,1682,6,0,6,0,0,0,6,0,6,3.57
LA0090300,OIL CITY PD,OIL CITY PD,City,LA,2022,864,1,0,1,2,0,2,3,0,3,3.47
TN0620000,MONROE CO SO MADISONVILLE,MONROE CO SO MADISONVILLE,County,TN,2022,33325,39,3,42,9,5,14,48,8,56,1.68
TN0880100,SPENCER PD,SPENCER PD,City,TN,2022,1592,3,0,3,0,0,0,3,0,3,1.88
TX1270500,HAWLEY POLICE DEPARTMENT,HAWLEY POLICE DEPARTMENT,City,TX,2022,575,2,0,2,0,0,0,2,0,2,3.48
WVWSP5000,STATE POLICE WHEELING,STATE POLICE WHEELING,State Police,WV,2022,0,6,0,6,0,1,1,6,1,7,
OK0090500,MUSTANG,MUSTANG,City,OK,2022,22026,27,2,29,0,11,11,27,13,40,1.82
WA0330200,COLVILLE PD,COLVILLE PD,City,WA,2022,5026,9,0,9,0,1,1,9,1,10,1.99
TX0620100,CUERO PD,CUERO PD,City,TX,2022,8271,11,0,11,4,1,5,15,1,16,1.93
VA0050100,AMHERST PD,AMHERST PD,City,VA,2022,2152,6,0,6,0,1,1,6,1,7,3.25
WV0130600,LAW ENF DIV DEPT NATRL RESOURCES LEWISBUR&,LAW ENF DIV DEPT NATRL RESOURCES LEWISBUR&,Other State Agency,WV,2022,0,3,0,3,0,0,0,3,0,3,
ID0010000,ADA CO SO BOISE,ADA CO SO BOISE,County,ID,2022,137877,196,265,461,17,280,297,213,545,758,5.50
KS0140000,CLAY CO SO CLAY CENTER,CLAY CO SO CLAY CENTER,County,KS,2022,3106,7,10,17,0,0,0,7,10,17,5.47
WI0190000,FLORENCE CO SO FLORENCE,FLORENCE CO SO FLORENCE,County,WI,2022,4624,10,5,15,1,6,7,11,11,22,4.76
PA0381400,CLEONA PD,CLEONA PD,City,PA,2022,2009,5,0,5,0,0,0,5,0,5,2.49
MO0500300,FESTUS,FESTUS,City,MO,2022,13036,24,4,28,5,7,12,29,11,40,3.07
KY0990200,CLAY CITY PD,CLAY CITY PD,City,KY,2022,1204,3,0,3,0,0,0,3,0,3,2.49
MI7633600,CROSWELL PD,CROSWELL PD,City,MI,2022,2312,4,0,4,1,0,1,5,0,5,2.16
IL0010300,QUINCY PD,QUINCY PD,City,IL,2022,38822,49,2,51,12,11,23,61,13,74,1.91
CA0420100,GUADALUPE PD,GUADALUPE PD,City,CA,2022,8973,11,0,11,1,2,3,12,2,14,1.56
PA0220900,SWATARA TWP PD HARRISBURG,SWATARA TWP PD HARRISBURG,City,PA,2022,29743,47,1,48,3,2,5,50,3,53,1.78
WVWSP1500,STATE POLICE GRANTSVILLE,STATE POLICE GRANTSVILLE,State Police,WV,2022,0,5,0,5,0,1,1,5,1,6,
OH0291100,BEAVERCREEK,BEAVERCREEK,City,OH,2022,46749,38,2,40,6,15,21,44,17,61,1.30
MA0146000,WORCESTER PD,WORCESTER PD,City,MA,2022,206575,434,15,449,34,37,71,468,52,520,2.52
NJ0033800,WESTAMPTON TWP POLICE DEPARTMENT,WESTAMPTON TWP POLICE DEPARTMENT,City,NJ,2022,9099,21,0,21,3,2,5,24,2,26,2.86
OH0640300,NEW STRAITSVILLE,NEW STRAITSVILLE,City,OH,2022,653,1,0,1,0,1,1,1,1,2,3.06
FL0351000,MOUNT DORA PD,MOUNT DORA PD,City,FL,2022,16962,34,2,36,6,12,18,40,14,54,3.18
MO0480800,LEE'S SUMMIT,LEE'S SUMMIT,City,MO,2022,103976,124,20,144,21,33,54,145,53,198,1.90
IN0190200,JASPER PD,JASPER PD,City,IN,2022,16699,25,0,25,0,8,8,25,8,33,1.98
NY0435100,HAVERSTRAW TOWN PD MOUNT IVY,HAVERSTRAW TOWN PD MOUNT IVY,City,NY,2022,38927,65,2,67,2,4,6,67,6,73,1.88
MI1320700,ALBION DPS ALBION,ALBION DPS ALBION,City,MI,2022,7940,12,2,14,2,3,5,14,5,19,2.39
MA0032100,UNIVERSITY OF MASSACHUSETTS PD NORTH DARTMOUTH,UNIVERSITY OF MASSACHUSETTS PD NORTH DARTMOUTH,University or College,MA,2022,0,10,0,10,4,7,11,14,7,21,
OK0140300,LEXINGTON,LEXINGTON,City,OK,2022,1989,5,2,7,1,2,3,6,4,10,5.03
IA0920000,WASHINGTON CO SO WASHINGTON,WASHINGTON CO SO WASHINGTON,County,IA,2022,15282,20,14,34,0,18,18,20,32,52,3.40
TN0480200,TIPTONVILLE PD,TIPTONVILLE PD,City,TN,2022,4071,8,0,8,0,0,0,8,0,8,1.97
OH0184300,PARMA HEIGHTS,PARMA HEIGHTS,City,OH,2022,20306,33,1,34,1,3,4,34,4,38,1.87
AR0120000,CLEBURNE CO SO HEBER SPRINGS,CLEBURNE CO SO HEBER SPRINGS,County,AR,2022,16399,22,10,32,4,14,18,26,24,50,3.05
SC0140200,SUMMERTON PD,SUMMERTON PD,City,SC,2022,793,5,1,6,0,0,0,5,1,6,7.57
NJ0200800,KENILWORTH PD,KENILWORTH PD,City,NJ,2022,8280,25,1,26,1,4,5,26,5,31,3.74
CA0300000,ORANGE CO SO SANTA ANA,ORANGE CO SO SANTA ANA,County,CA,2022,135717,1636,815,2451,260,869,1129,1896,1684,3580,26.38
AL0060700,BAKER HILL POLICE DEPARTMENT,BAKER HILL POLICE DEPARTMENT,City,AL,2022,204,4,0,4,0,0,0,4,0,4,19.61
GA0440400,CHAMBLEE PD,CHAMBLEE PD,City,GA,2022,29393,49,0,49,9,17,26,58,17,75,2.55
FL0620000,TAYLOR CO SO PERRY,TAYLOR CO SO PERRY,County,FL,2022,15181,40,8,48,14,17,31,54,25,79,5.20
AR0010200,STUTTGART PD,STUTTGART PD,City,AR,2022,7847,15,1,16,7,7,14,22,8,30,3.82
PA0676500,,,University or College,PA,2022,0,3,0,3,1,0,1,4,0,4,
MA0081500,SOUTH HADLEY PD,SOUTH HADLEY PD,City,MA,2022,17900,20,2,22,5,4,9,25,6,31,1.73
PA0115900,WEST HILLS REGIONAL PD JOHNSTOWN,WEST HILLS REGIONAL PD JOHNSTOWN,City,PA,2022,9943,11,0,11,0,1,1,11,1,12,1.21
OK0632100,KICKAPOO TRIBAL,KICKAPOO TRIBAL,Tribal,OK,2022,0,14,0,14,0,1,1,14,1,15,
LA0510500,BALDWIN POLICE DEPARTMENT,BALDWIN POLICE DEPARTMENT,City,LA,2022,1693,3,0,3,0,0,0,3,0,3,1.77
PA0045300,PENN STATE U BEAVER CAMPUS PD MONACA,PENN STATE U BEAVER CAMPUS PD MONACA,University or College,PA,2022,0,6,0,6,1,0,1,7,0,7,
HI0010000,HAWAII COUNTY POLICE DEPARTMENT HILO,HAWAII COUNTY POLICE DEPARTMENT HILO,County,HI,2022,206354,383,17,400,41,107,148,424,124,548,2.66
PA0220800,SUSQUEHANNA TWP PD HARRISBURG,SUSQUEHANNA TWP PD HARRISBURG,City,PA,2022,26699,35,2,37,7,1,8,42,3,45,1.69
UT0050000,DAGGETT CO SO MANILA,DAGGETT CO SO MANILA,County,UT,2022,996,5,0,5,0,1,1,5,1,6,6.02
MD0170500,CHEVERLY PD,CHEVERLY PD,City,MD,2022,6005,12,0,12,0,2,2,12,2,14,2.33
NM0180000,MORA CO SO MORA,MORA CO SO MORA,County,NM,2022,4206,7,1,8,0,1,1,7,2,9,2.14
IL0980000,WHITESIDE CO SO MORRISON,WHITESIDE CO SO MORRISON,County,IL,2022,18701,28,4,32,7,27,34,35,31,66,3.53
AL0250000,CULLMAN CO SO CULLMAN,CULLMAN CO SO CULLMAN,County,AL,2022,68954,80,39,119,3,28,31,83,67,150,2.18
IA0210000,CLAY CO SO SPENCER,CLAY CO SO SPENCER,County,IA,2022,5122,11,7,18,0,5,5,11,12,23,4.49
KS0610200,OSAWATOMIE PD,OSAWATOMIE PD,City,KS,2022,4285,13,0,13,1,1,2,14,1,15,3.50
OR0170000,JOSEPHINE,JOSEPHINE,County,OR,2022,48838,26,24,50,1,36,37,27,60,87,1.78
WV0450200,LAW ENF DIV DEPT NATRL RESCRS JUMPING BRANCH,LAW ENF DIV DEPT NATRL RESCRS JUMPING BRANCH,Other State Agency,WV,2022,0,3,0,3,0,0,0,3,0,3,
SC0321200,SWANSEA PD,SWANSEA PD,City,SC,2022,737,3,0,3,0,1,1,3,1,4,5.43
AR0750300,OLA PD OLA,OLA PD OLA,City,AR,2022,926,3,0,3,0,1,1,3,1,4,4.32
IL0240000,EDWARDS CO SO ALBION,EDWARDS CO SO ALBION,County,IL,2022,2697,3,2,5,1,2,3,4,4,8,2.97
NV0161600,,,Other,NV,2022,0,21,0,21,1,1,2,22,1,23,
TN0350000,HARDEMAN CO SO BOLIVAR,HARDEMAN CO SO BOLIVAR,County,TN,2022,16462,28,10,38,1,12,13,29,22,51,3.10
TN079279E,CHRISTIAN BROTHERS UNIV,CHRISTIAN BROTHERS UNIV,University or College,TN,2022,0,3,6,9,1,3,4,4,9,13,
WA0080100,KELSO PD,KELSO PD,City,WA,2022,12723,24,0,24,2,5,7,26,5,31,2.44
TN0270600,GIBSON PD,GIBSON PD,City,TN,2022,361,1,0,1,0,1,1,1,1,2,5.54
VA0340200,STEPHENS CITY PD,STEPHENS CITY PD,City,VA,2022,2109,3,0,3,0,0,0,3,0,3,1.42
AL0310400,GLENCOE PD,GLENCOE PD,City,AL,2022,5406,10,0,10,0,0,0,10,0,10,1.85
MN0070100,MANKATO PD,MANKATO PD,City,MN,2022,44925,43,1,44,11,8,19,54,9,63,1.40
MA0112600,WESTWOOD PD,WESTWOOD PD,City,MA,2022,16308,27,8,35,5,3,8,32,11,43,2.64
CA0500700,TURLOCK PD,TURLOCK PD,City,CA,2022,72753,67,3,70,8,34,42,75,37,112,1.54
NY0170000,FULTON CO SHERIFF'S DEPARTMENT JOHNSTOWN,FULTON CO SHERIFF'S DEPARTMENT JOHNSTOWN,County,NY,2022,29175,22,8,30,5,7,12,27,15,42,1.44
TX1701200,SHENANDOAH PD SPRING,SHENANDOAH PD SPRING,City,TX,2022,3682,23,0,23,3,1,4,26,1,27,7.33
WV0290600,LAW ENF DIV DEPT NATRL RESOURCES KEYSER,LAW ENF DIV DEPT NATRL RESOURCES KEYSER,Other State Agency,WV,2022,0,1,0,1,0,0,0,1,0,1,
WI0670000,WASHINGTON CO SO WEST BEND,WASHINGTON CO SO WEST BEND,County,WI,2022,47686,72,49,121,6,45,51,78,94,172,3.61
SD0390000,LAKE CO SO MADISON,LAKE CO SO MADISON,County,SD,2022,4798,5,5,10,2,4,6,7,9,16,3.33
CA0197300,VERNON PD,VERNON PD,City,CA,2022,212,36,3,39,6,10,16,42,13,55,259.43
AR0230400,VILONIA PD,VILONIA PD,City,AR,2022,4519,9,0,9,0,0,0,9,0,9,1.99
CO0190600,AVON,AVON,City,CO,2022,5968,18,1,19,3,3,6,21,4,25,4.19
AZ0072700,SURPRISE PD,SURPRISE PD,City,AZ,2022,154128,129,13,142,30,44,74,159,57,216,1.40
NJ0181600,RARITAN BORO PD,RARITAN BORO PD,City,NJ,2022,10609,20,0,20,1,1,2,21,1,22,2.07
TN0360000,HARDIN CO SO SAVANNAH,HARDIN CO SO SAVANNAH,County,TN,2022,19380,30,17,47,3,12,15,33,29,62,3.20
WI0120000,CRAWFORD CO SO PRAIRIE DU CHIEN,CRAWFORD CO SO PRAIRIE DU CHIEN,County,WI,2022,10583,21,1,22,5,7,12,26,8,34,3.21
FL0460500,SHALIMAR PD,SHALIMAR PD,City,FL,2022,747,3,0,3,0,0,0,3,0,3,4.02
VA0810000,ROCKBRIDGE CO SO LEXINGTON,ROCKBRIDGE CO SO LEXINGTON,County,VA,2022,21700,40,1,41,2,2,4,42,3,45,2.07
WV0210100,WESTON PD,WESTON PD,City,WV,2022,3846,4,0,4,2,0,2,6,0,6,1.56
MN0680100,ROSEAU PD,ROSEAU PD,City,MN,2022,2721,5,0,5,0,1,1,5,1,6,2.21
MI4185000,KENTWOOD PD,KENTWOOD PD,City,MI,2022,53977,51,5,56,6,12,18,57,17,74,1.37
MI3188500,MICHIGAN TECHNOLOGICAL UNIVERSITY PD HOUGHTON,MICHIGAN TECHNOLOGICAL UNIVERSITY PD HOUGHTON,University or College,MI,2022,0,8,0,8,3,5,8,11,5,16,
OK0700000,TEXAS,TEXAS,County,OK,2022,3925,10,7,17,2,12,14,12,19,31,7.90
WA0330100,CHEWELAH PD,CHEWELAH PD,City,WA,2022,2567,4,0,4,0,1,1,4,1,5,1.95
NH0080800,CANDIA PD,CANDIA PD,City,NH,2022,4162,6,0,6,0,1,1,6,1,7,1.68
MO0270000,COOPER,COOPER,County,MO,2022,8312,11,0,11,1,1,2,12,1,13,1.56
MA0093300,NEWTON PD,NEWTON PD,City,MA,2022,86710,120,9,129,19,28,47,139,37,176,2.03
NVDI05100,BU IND AFFAIRS LAW ENF EASTERN NEVADA AGCY ELKO,BU IND AFFAIRS LAW ENF EASTERN NEVADA AGCY ELKO,Tribal,NV,2022,0,4,3,7,0,9,9,4,12,16,
KY0371400,ALCOHOL BEVERAGE CONTROL ENF DIV FRANKFORT,ALCOHOL BEVERAGE CONTROL ENF DIV FRANKFORT,Other State Agency,KY,2022,0,33,0,33,3,2,5,36,2,38,
TN0440000,JACKSON CO SO GAINESBORO,JACKSON CO SO GAINESBORO,County,TN,2022,11005,12,9,21,3,5,8,15,14,29,2.64
SC042279E,,,University or College,SC,2022,0,5,8,13,0,4,4,5,12,17,
MA0080100,AMHERST PD,AMHERST PD,City,MA,2022,39267,37,0,37,7,3,10,44,3,47,1.20
SC019NR00,DNR: EDGEFIELD COUNTY,DNR: EDGEFIELD COUNTY,Other State Agency,SC,2022,0,4,0,4,0,0,0,4,0,4,
SD0560000,SHANNON CO SO PINE RIDGE,SHANNON CO SO PINE RIDGE,County,SD,2022,13590,1,0,1,1,0,1,2,0,2,0.15
MI6461200,NEW ERA,NEW ERA,City,MI,2022,466,1,0,1,0,0,0,1,0,1,2.15
NV0160100,RENO PD,RENO PD,City,NV,2022,273671,309,13,322,37,61,98,346,74,420,1.53
KY0400100,LANCASTER PD,LANCASTER PD,City,KY,2022,3996,13,0,13,0,0,0,13,0,13,3.25
SC0440000,UNION CO SO UNION,UNION CO SO UNION,County,SC,2022,18233,28,1,29,4,4,8,32,5,37,2.03
PA0560400,BERLIN PD,BERLIN PD,City,PA,2022,1976,2,0,2,0,0,0,2,0,2,1.01
OK0190100,BRISTOW,BRISTOW,City,OK,2022,4262,9,1,10,2,3,5,11,4,15,3.52
IA0620100,OSKALOOSA PD,OSKALOOSA PD,City,IA,2022,11479,13,1,14,2,1,3,15,2,17,1.48
NV0140000,PERSHING CO SO LOVELOCK,PERSHING CO SO LOVELOCK,County,NV,2022,4965,14,2,16,1,5,6,15,7,22,4.43
NY0452300,MECHANICVILLE CITY PD MECHANICVILLE,MECHANICVILLE CITY PD MECHANICVILLE,City,NY,2022,5158,7,0,7,1,0,1,8,0,8,1.55
MT0330000,MUSSELSHELL CO SO ROUNDUP,MUSSELSHELL CO SO ROUNDUP,County,MT,2022,5050,7,1,8,0,6,6,7,7,14,2.77
MS0040000,ATTALA CO SO KOSCIUSKO,ATTALA CO SO KOSCIUSKO,County,MS,2022,10681,11,0,11,0,2,2,11,2,13,1.22
OR0210100,LINCOLN CITY,LINCOLN CITY,City,OR,2022,10110,22,4,26,1,10,11,23,14,37,3.66
MI3713700,ISABELLA CO SO MT PLEASANT,ISABELLA CO SO MT PLEASANT,County,MI,2022,42172,19,16,35,1,16,17,20,32,52,1.23
TX0841900,JAMAICA BEACH PD GALVESTON,JAMAICA BEACH PD GALVESTON,City,TX,2022,1065,7,0,7,0,0,0,7,0,7,6.57
NC0750300,COLUMBUS PD,COLUMBUS PD,City,NC,2022,1020,9,0,9,0,1,1,9,1,10,9.80
OH0700700,LEXINGTON,LEXINGTON,City,OH,2022,4863,10,0,10,1,4,5,11,4,15,3.08
NH0023000,TAMWORTH PD,TAMWORTH PD,City,NH,2022,2949,2,0,2,1,0,1,3,0,3,1.02
MN0620500,MOUNDS VIEW POLICE DEPARTMENT,MOUNDS VIEW POLICE DEPARTMENT,City,MN,2022,14897,17,0,17,3,2,5,20,2,22,1.48
NC0440500,MAGGIE VALLEY PD,MAGGIE VALLEY PD,City,NC,2022,1702,8,0,8,2,2,4,10,2,12,7.05
PA0235000,CHEYNEY UNIVERSITY CAMPUS PD CHEYNEY,CHEYNEY UNIVERSITY CAMPUS PD CHEYNEY,University or College,PA,2022,0,6,4,10,0,2,2,6,6,12,
AL0220100,GOODWATER PD,GOODWATER PD,City,AL,2022,1281,4,4,8,0,0,0,4,4,8,6.25
CA0500000,STANISLAUS CO SO MODESTO,STANISLAUS CO SO MODESTO,County,CA,2022,111798,479,57,536,64,166,230,543,223,766,6.85
NC0900400,WINGATE PD,WINGATE PD,City,NC,2022,3945,6,1,7,1,0,1,7,1,8,2.03
AL0320100,FAYETTE PD,FAYETTE PD,City,AL,2022,4132,10,0,10,0,0,0,10,0,10,2.42
GA0100100,NASHVILLE PD,NASHVILLE PD,City,GA,2022,4830,16,0,16,0,3,3,16,3,19,3.93
CA0190700,BELL PD,BELL PD,City,CA,2022,32140,27,2,29,6,7,13,33,9,42,1.31
TX1920000,REAGAN CO SO BIG LAKE,REAGAN CO SO BIG LAKE,County,TX,2022,3153,11,4,15,3,11,14,14,15,29,9.20
IA0390000,GUTHRIE,GUTHRIE,County,IA,2022,10531,10,2,12,0,5,5,10,7,17,1.61
NJ0012400,STOCKTON STATE COLLEGE PD POMONA,STOCKTON STATE COLLEGE PD POMONA,University or College,NJ,2022,0,18,9,27,3,9,12,21,18,39,
SD0420200,LOWER BRULE TRIBAL POLICE DEPARTMENT,LOWER BRULE TRIBAL POLICE DEPARTMENT,Tribal,SD,2022,0,8,5,13,1,7,8,9,12,21,
MA0081600,SOUTHAMPTON PD,SOUTHAMPTON PD,City,MA,2022,6177,10,1,11,0,3,3,10,4,14,2.27
IL1011300,ROCKFORD PARK DISTRICT PD ROCKFORD,ROCKFORD PARK DISTRICT PD ROCKFORD,Other,IL,2022,0,8,0,8,3,1,4,11,1,12,
MI6465600,PENTWATER PD,PENTWATER PD,City,MI,2022,904,1,0,1,1,0,1,2,0,2,2.21
MT0240300,ST IGNATIUS PD,ST IGNATIUS PD,City,MT,2022,803,2,0,2,0,0,0,2,0,2,2.49
KS1020000,WICHITA CO SO LEOTI,WICHITA CO SO LEOTI,County,KS,2022,2025,3,0,3,0,4,4,3,4,7,3.46
PA0020600,CLAIRTON PD,CLAIRTON PD,City,PA,2022,6020,11,0,11,1,0,1,12,0,12,1.99
IL0230300,PARIS PD,PARIS PD,City,IL,2022,8026,12,4,16,0,2,2,12,6,18,2.24
WY0060300,MOORCROFT PD,MOORCROFT PD,City,WY,2022,981,3,0,3,0,1,1,3,1,4,4.08
IA0480000,IOWA CO SO MARENGO,IOWA CO SO MARENGO,County,IA,2022,10699,12,8,20,0,7,7,12,15,27,2.52
CA0170000,LAKE CO SO LAKEPORT,LAKE CO SO LAKEPORT,County,CA,2022,47368,75,9,84,8,24,32,83,33,116,2.45
NY0532400,OWEGO VILLAGE PD OWEGO,OWEGO VILLAGE PD OWEGO,City,NY,2022,3889,7,0,7,0,1,1,7,1,8,2.06
TX0940100,MARION POLICE DEPT,MARION POLICE DEPT,City,TX,2022,1045,3,0,3,1,0,1,4,0,4,3.83
TX0612800,HICKORY CREEK PD LAKE DALLAS,HICKORY CREEK PD LAKE DALLAS,City,TX,2022,5786,12,0,12,1,0,1,13,0,13,2.25
INIEP0000,IN ST EXCISE PLICE HDQTRS INDIANAPOLIS,IN ST EXCISE PLICE HDQTRS INDIANAPOLIS,Other State Agency,IN,2022,0,57,0,57,11,7,18,68,7,75,
LA0340000,MOREHOUSE PARISH SHERIFF'S OFFICE,MOREHOUSE PARISH SHERIFF'S OFFICE,County,LA,2022,15293,77,0,77,39,0,39,116,0,116,7.59
AZ0111100,MAMMOTH PD,MAMMOTH PD,City,AZ,2022,1135,4,0,4,0,1,1,4,1,5,4.41
IL0821600,O'FALLON PD,O'FALLON PD,City,IL,2022,32250,43,8,51,3,12,15,46,20,66,2.05
OK0670000,SEMINOLE,SEMINOLE,County,OK,2022,11942,11,1,12,2,3,5,13,4,17,1.42
IN0700000,RUSH CO SO RUSHVILLE,RUSH CO SO RUSHVILLE,County,IN,2022,10464,24,2,26,8,6,14,32,8,40,3.82
MIDI00900,POKAGON BAND POTAWATOMI INDIANS TRIBAL POLICE,POKAGON BAND POTAWATOMI INDIANS TRIBAL POLICE,Tribal,MI,2022,0,39,0,39,4,3,7,43,3,46,
VA0070100,ARLINGTON COUNTY PD ARLINGTON,ARLINGTON COUNTY PD ARLINGTON,County,VA,2022,228092,233,32,265,83,71,154,316,103,419,1.84
CO0280000,HUERFANO,HUERFANO,County,CO,2022,6159,15,0,15,3,4,7,18,4,22,3.57
NY0060200,JAMESTOWN CITY PD JAMESTOWN,JAMESTOWN CITY PD JAMESTOWN,City,NY,2022,28208,53,5,58,8,5,13,61,10,71,2.52
MS0760100,GREENVILLE PD,GREENVILLE PD,City,MS,2022,28128,40,2,42,6,23,29,46,25,71,2.52
SD0280500,,,City,SD,2022,618,3,0,3,0,0,0,3,0,3,4.85
GA0780400,ARCADE PD,ARCADE PD,City,GA,2022,1948,4,0,4,0,0,0,4,0,4,2.05
UT0020000,BOX ELDER CO SO BRIGHAM CITY,BOX ELDER CO SO BRIGHAM CITY,County,UT,2022,17700,26,39,65,0,12,12,26,51,77,4.35
NY0432800,SPRING VALLEY VILLAGE PD SPRING VALLEY,SPRING VALLEY VILLAGE PD SPRING VALLEY,City,NY,2022,33044,52,2,54,5,3,8,57,5,62,1.88
GA139039E,YOUNG HARRIS COLLEGE DEPT OF PUBLIC SAFETY,YOUNG HARRIS COLLEGE DEPT OF PUBLIC SAFETY,University or College,GA,2022,0,4,0,4,0,0,0,4,0,4,
TX1350000,KING CO SO GUTHRIE,KING CO SO GUTHRIE,County,TX,2022,248,2,0,2,0,0,0,2,0,2,8.06
CA0159700,CA ST UN: BAKERSFIELD,CA ST UN: BAKERSFIELD,University or College,CA,2022,0,12,0,12,3,9,12,15,9,24,
IL0166B00,WESTCHESTER PD,WESTCHESTER PD,City,IL,2022,16171,27,2,29,4,3,7,31,5,36,2.23
NJ0026800,WOODCLIFF LAKE PD,WOODCLIFF LAKE PD,City,NJ,2022,6058,19,0,19,1,1,2,20,1,21,3.47
IA0750100,LE MARS PD,LE MARS PD,City,IA,2022,10564,15,0,15,0,2,2,15,2,17,1.61
TX1990800,,,City,TX,2022,23955,24,0,24,0,2,2,24,2,26,1.09
KY1140000,WARREN CO SO BOWLING GREEN,WARREN CO SO BOWLING GREEN,County,KY,2022,63920,52,31,83,2,26,28,54,57,111,1.74
ND0390000,RICHLAND CO SO WAHPETON,RICHLAND CO SO WAHPETON,County,ND,2022,8813,13,6,19,2,14,16,15,20,35,3.97
PA0462200,POTTSTOWN PD,POTTSTOWN PD,City,PA,2022,23376,41,7,48,3,6,9,44,13,57,2.44
IA0860100,TOLEDO PD,TOLEDO PD,City,IA,2022,2308,6,0,6,0,0,0,6,0,6,2.60
WV0520000,WETZEL CO SO NEW MARTINSVILLE,WETZEL CO SO NEW MARTINSVILLE,County,WV,2022,6922,6,0,6,0,1,1,6,1,7,1.01
GA0790000,JASPER CO SO MONTICELLO,JASPER CO SO MONTICELLO,County,GA,2022,13247,26,8,34,2,11,13,28,19,47,3.55
MA0095000,WESTFORD PD,WESTFORD PD,City,MA,2022,24270,45,1,46,2,3,5,47,4,51,2.10
MT0290000,MADISON CO SO VIRGINIA CITY,MADISON CO SO VIRGINIA CITY,County,MT,2022,8177,14,1,15,1,6,7,15,7,22,2.69
ME0040100,FARMINGTON PD,FARMINGTON PD,City,ME,2022,7520,11,0,11,0,1,1,11,1,12,1.60
WV0440100,SPENCER PD,SPENCER PD,City,WV,2022,2022,5,0,5,0,0,0,5,0,5,2.47
MI1176600,LINCOLN TOWNSHIP PD STEVENSVILLE,LINCOLN TOWNSHIP PD STEVENSVILLE,City,MI,2022,14825,16,0,16,0,3,3,16,3,19,1.28
WV0170600,ANMOORE PD,ANMOORE PD,City,WV,2022,503,3,0,3,0,0,0,3,0,3,5.96
CA0390300,MANTECA PD,MANTECA PD,City,CA,2022,87677,74,7,81,1,22,23,75,29,104,1.19
TX0790100,MISSOURI CITY PD,MISSOURI CITY PD,City,TX,2022,75323,77,5,82,16,28,44,93,33,126,1.67
KS0210000,DICKINSON CO SO ABILENE,DICKINSON CO SO ABILENE,County,KS,2022,8607,20,0,20,1,5,6,21,5,26,3.02
IL0721400,PEORIA PARK DISTRICT PD PEORIA,PEORIA PARK DISTRICT PD PEORIA,Other,IL,2022,0,4,1,5,0,0,0,4,1,5,
NY0212900,LITTLE FALLS CITY PD LITTLE FALLS,LITTLE FALLS CITY PD LITTLE FALLS,City,NY,2022,4558,14,0,14,0,1,1,14,1,15,3.29
PA0112300,CRESSON TWP PD CRESSON,CRESSON TWP PD CRESSON,City,PA,2022,2777,1,0,1,0,0,0,1,0,1,0.36
OR006090X,LIQUOR COMM: COOS COUNTY,LIQUOR COMM: COOS COUNTY,Other State Agency,OR,2022,0,0,0,0,1,1,2,1,1,2,
NH0092400,SOMERSWORTH PD,SOMERSWORTH PD,City,NH,2022,12160,23,2,25,2,5,7,25,7,32,2.63
FL0580900,,,Other,FL,2022,0,53,0,53,6,2,8,59,2,61,
TX091199E,AUSTIN COLLEGE,AUSTIN COLLEGE,University or College,TX,2022,0,8,0,8,0,1,1,8,1,9,
IL0166L00,CHICAGO ST UNIV PD CHICAGO,CHICAGO ST UNIV PD CHICAGO,University or College,IL,2022,0,16,0,16,3,3,6,19,3,22,
WI0430000,OCONTO CO SO OCONTO,OCONTO CO SO OCONTO,County,WI,2022,29756,31,11,42,0,27,27,31,38,69,2.32
ID0290500,MOSCOW PD,MOSCOW PD,City,ID,2022,26240,32,3,35,1,5,6,33,8,41,1.56
UT0030000,CACHE CO SO LOGAN,CACHE CO SO LOGAN,County,UT,2022,53155,114,6,120,20,15,35,134,21,155,2.92
ARASP0000,SP HDQ LITTLE ROCK,SP HDQ LITTLE ROCK,State Police,AR,2022,0,486,121,607,27,276,303,513,397,910,
MS0570200,MCCOMB POLICE DEPARTMENT,MCCOMB POLICE DEPARTMENT,City,MS,2022,12082,20,1,21,7,21,28,27,22,49,4.06
OH0150000,COLUMBIANA,COLUMBIANA,County,OH,2022,36377,29,2,31,2,11,13,31,13,44,1.21
TX1071700,,,City,TX,2022,1242,2,0,2,1,0,1,3,0,3,2.42
CA0400300,MORRO BAY PD,MORRO BAY PD,City,CA,2022,10807,13,0,13,3,2,5,16,2,18,1.67
TX1980100,BREMOND POLICE DEPT,BREMOND POLICE DEPT,City,TX,2022,862,4,0,4,0,0,0,4,0,4,4.64
NY0395100,KENT TOWN PD CARMEL,KENT TOWN PD CARMEL,City,NY,2022,12943,17,1,18,2,4,6,19,5,24,1.85
WI0651000,EAST TROY VILLAGE PD,EAST TROY VILLAGE PD,City,WI,2022,4748,7,0,7,1,0,1,8,0,8,1.68
OH0210500,POWELL,POWELL,City,OH,2022,14407,16,0,16,4,2,6,20,2,22,1.53
KS0110000,CHEROKEE CO SO COLUMBUS,CHEROKEE CO SO COLUMBUS,County,KS,2022,9590,16,0,16,4,0,4,20,0,20,2.09
MO1150100,HARTVILLE,HARTVILLE,City,MO,2022,598,3,0,3,0,0,0,3,0,3,5.02
WI0420300,TOMAH PD,TOMAH PD,City,WI,2022,9525,16,0,16,5,3,8,21,3,24,2.52
KY0380100,FULTON PD,FULTON PD,City,KY,2022,2387,5,0,5,2,0,2,7,0,7,2.93
CT0001400,BRANFORD PD,BRANFORD PD,City,CT,2022,28138,41,4,45,11,10,21,52,14,66,2.35
MO1130500,NIANGUA,NIANGUA,City,MO,2022,398,0,0,0,1,0,1,1,0,1,2.51
NC0670800,NORTH TOPSAIL BEACH PD SURF CITY,NORTH TOPSAIL BEACH PD SURF CITY,City,NC,2022,1001,9,0,9,3,2,5,12,2,14,13.99
MA0031900,TAUNTON PD,TAUNTON PD,City,MA,2022,60062,111,3,114,8,7,15,119,10,129,2.15
OH0772600,RICHFIELD,RICHFIELD,City,OH,2022,3695,16,2,18,2,6,8,18,8,26,7.04
MTDI05100,BUREAU OF INDIAN AFFAIRS,BUREAU OF INDIAN AFFAIRS,Tribal,MT,2022,0,6,1,7,2,1,3,8,2,10,
FL0060100,DANIA PD,DANIA PD,City,FL,2022,31209,71,3,74,4,4,8,75,7,82,2.63
WA0171600,CARNATION PD,CARNATION PD,City,WA,2022,2170,2,0,2,0,0,0,2,0,2,0.92
MI8318300,WEXFORD CO SO CADILLAC,WEXFORD CO SO CADILLAC,County,MI,2022,22337,14,14,28,2,8,10,16,22,38,1.70
TX0720400,TARLETON STATE UNIVSITY PD STEPHENVILLE,TARLETON STATE UNIVSITY PD STEPHENVILLE,University or College,TX,2022,0,14,0,14,4,1,5,18,1,19,
VA0530000,LOUDOUN CO SO LEESBURG,LOUDOUN CO SO LEESBURG,County,VA,2022,374980,480,45,525,70,100,170,550,145,695,1.85
SC0019E00,ERSKINE COLLEGE,ERSKINE COLLEGE,University or College,SC,2022,0,2,0,2,0,1,1,2,1,3,
IL0530100,DWIGHT PD,DWIGHT PD,City,IL,2022,3989,8,0,8,0,1,1,8,1,9,2.26
TX0910900,,,City,TX,2022,1557,4,0,4,0,0,0,4,0,4,2.57
TX0340400,QUEEN CITY PD,QUEEN CITY PD,City,TX,2022,1410,4,0,4,2,0,2,6,0,6,4.26
MI8136600,EAST MICHIGAN UNIVERSITY PD YPSILANTI,EAST MICHIGAN UNIVERSITY PD YPSILANTI,University or College,MI,2022,0,21,4,25,10,6,16,31,10,41,
TN0920100,DRESDEN PD,DRESDEN PD,City,TN,2022,3026,7,0,7,0,1,1,7,1,8,2.64
IL0980200,FULTON PD,FULTON PD,City,IL,2022,3609,8,0,8,0,1,1,8,1,9,2.49
SC0450400,GREELEYVILLE PD,GREELEYVILLE PD,City,SC,2022,378,1,0,1,0,0,0,1,0,1,2.65
MN0150000,CLEARWATER CO SO BAGLEY,CLEARWATER CO SO BAGLEY,County,MN,2022,6843,8,4,12,1,6,7,9,10,19,2.78
PA0029800,WEST VIEW PD,WEST VIEW PD,City,PA,2022,6507,10,0,10,0,1,1,10,1,11,1.69
MI5155000,MANISTEE PD,MANISTEE PD,City,MI,2022,6335,12,0,12,1,0,1,13,0,13,2.05
WI0070200,SIREN PD,SIREN PD,City,WI,2022,835,3,0,3,0,1,1,3,1,4,4.79
MO0810000,PHELPS,PHELPS,County,MO,2022,19887,33,31,64,4,14,18,37,45,82,4.12
NC0250300,VANCEBORO PD,VANCEBORO PD,City,NC,2022,854,4,0,4,0,0,0,4,0,4,4.68
KS0460300,MERRIAM PD,MERRIAM PD,City,KS,2022,10928,27,2,29,2,3,5,29,5,34,3.11
WV0060200,HUNTINGTON PD,HUNTINGTON PD,City,WV,2022,45547,91,0,91,3,4,7,94,4,98,2.15
TX0900000,GRAY CO SO PAMPA,GRAY CO SO PAMPA,County,TX,2022,4664,14,12,26,0,15,15,14,27,41,8.79
MO0922400,,,County,MO,2022,118094,130,10,140,14,26,40,144,36,180,1.52
IL0570200,NORMAL PD,NORMAL PD,City,IL,2022,53613,69,1,70,10,9,19,79,10,89,1.66
SC0060000,BARNWELL CO SO BARNWELL,BARNWELL CO SO BARNWELL,County,SC,2022,11411,32,19,51,5,41,46,37,60,97,8.50
IL0710400,POLO PD,POLO PD,City,IL,2022,2246,2,0,2,0,1,1,2,1,3,1.34
MN0710100,BIG LAKE PD,BIG LAKE PD,City,MN,2022,12625,13,0,13,1,2,3,14,2,16,1.27
FL0410500,LONGBOAT KEY PD,LONGBOAT KEY PD,City,FL,2022,7648,16,1,17,0,2,2,16,3,19,2.48
IL0161900,CHICAGO HEIGHTS PD,CHICAGO HEIGHTS PD,City,IL,2022,26393,65,9,74,5,9,14,70,18,88,3.33
MO0130000,CALDWELL,CALDWELL,County,MO,2022,6774,9,1,10,1,7,8,10,8,18,2.66
TX0152200,SELMA PD,SELMA PD,City,TX,2022,11824,28,0,28,2,4,6,30,4,34,2.88
AL0420300,COURTLAND PD,COURTLAND PD,City,AL,2022,584,2,0,2,0,0,0,2,0,2,3.42
MI7389400,THOMAS TWP PD SAGINAW,THOMAS TWP PD SAGINAW,City,MI,2022,11903,8,0,8,0,1,1,8,1,9,0.76
WV0310700,LAW ENF DIV DEPT NATRL RESOURCES MORGANTOWN,LAW ENF DIV DEPT NATRL RESOURCES MORGANTOWN,Other State Agency,WV,2022,0,2,0,2,0,0,0,2,0,2,
IL0010800,,,University or College,IL,2022,0,4,0,4,0,1,1,4,1,5,
WV0160100,MOOREFIELD PD,MOOREFIELD PD,City,WV,2022,2459,7,0,7,1,1,2,8,1,9,3.66
NJ0061000,MILLVILLE PD,MILLVILLE PD,City,NJ,2022,27550,76,9,85,4,6,10,80,15,95,3.45
NY0592100,CROTON-ON-HUDSON VILLAGE PD CROTON-ON-HUDSON,CROTON-ON-HUDSON VILLAGE PD CROTON-ON-HUDSON,City,NY,2022,8114,19,0,19,1,2,3,20,2,22,2.71
KY0470400,WEST POINT PD,WEST POINT PD,City,KY,2022,942,1,0,1,0,0,0,1,0,1,1.06
ME0100100,BANGOR PD,BANGOR PD,City,ME,2022,32078,65,5,70,10,9,19,75,14,89,2.77
IA0250100,PERRY PD,PERRY PD,City,IA,2022,7986,12,1,13,1,6,7,13,7,20,2.50
UT0210000,SEVIER CO SO RICHFIELD,SEVIER CO SO RICHFIELD,County,UT,2022,10202,44,3,47,4,9,13,48,12,60,5.88
PA0110400,JOHNSTOWN PD,JOHNSTOWN PD,City,PA,2022,19474,33,2,35,2,2,4,35,4,39,2.00
NJ0120100,CARTERET PD,CARTERET PD,City,NJ,2022,25030,63,3,66,7,4,11,70,7,77,3.08
OK0090800,UNION CITY,UNION CITY,City,OK,2022,1941,8,2,10,1,3,4,9,5,14,7.21
CO0350400,LOVELAND,LOVELAND,City,CO,2022,77770,82,13,95,24,46,70,106,59,165,2.12
CO0240000,GILPIN,GILPIN,County,CO,2022,5807,32,3,35,4,19,23,36,22,58,9.99
CO0570100,TELLURIDE,TELLURIDE,City,CO,2022,2590,7,0,7,2,4,6,9,4,13,5.02
OH0780000,TRUMBULL,TRUMBULL,County,OH,2022,26397,60,3,63,5,7,12,65,10,75,2.84
MO0560000,LEWIS,LEWIS,County,MO,2022,6487,6,2,8,1,3,4,7,5,12,1.85
PA0021300,MC KEESPORT PD,MC KEESPORT PD,City,PA,2022,18852,35,0,35,2,2,4,37,2,39,2.07
KY0410100,WILLIAMSTOWN PD,WILLIAMSTOWN PD,City,KY,2022,3987,6,0,6,0,1,1,6,1,7,1.76
OK0040200,BEAVER,BEAVER,City,OK,2022,1225,2,0,2,0,0,0,2,0,2,1.63
NC0110400,WEAVERVILLE PD,WEAVERVILLE PD,City,NC,2022,4689,14,0,14,2,1,3,16,1,17,3.63
FL0290000,HILLSBOROUGH CO SO TAMPA,HILLSBOROUGH CO SO TAMPA,County,FL,2022,1052613,1087,1090,2177,228,903,1131,1315,1993,3308,3.14
LA0530500,INDEPENDENCE PD,INDEPENDENCE PD,City,LA,2022,1666,5,0,5,3,0,3,8,0,8,4.80
WV0070000,CALHOUN CO SO GRANTSVILLE,CALHOUN CO SO GRANTSVILLE,County,WV,2022,5677,4,0,4,0,2,2,4,2,6,1.06
NC0101400,NAVASSA POLICE DPEARTMENT,NAVASSA POLICE DPEARTMENT,City,NC,2022,1660,4,0,4,0,0,0,4,0,4,2.41
WA0271400,BONNEY LAKE PD,BONNEY LAKE PD,City,WA,2022,22898,27,2,29,3,6,9,30,8,38,1.66
NY211UC00,SUNY COLLEGE: CORTLAND,SUNY COLLEGE: CORTLAND,University or College,NY,2022,0,13,5,18,3,3,6,16,8,24,
WI0500600,UNIV WI DEPT PROTECTIVE SERVICES STEVENS POINT,UNIV WI DEPT PROTECTIVE SERVICES STEVENS POINT,University or College,WI,2022,0,6,2,8,2,4,6,8,6,14,
TN0700200,BENTON PD,BENTON PD,City,TN,2022,1506,6,0,6,0,1,1,6,1,7,4.65
SC0421100,LYMAN PD,LYMAN PD,City,SC,2022,6437,12,0,12,0,0,0,12,0,12,1.86
NY0162300,SARANAC LAKE VILLAGE PD SARANAC LAKE,SARANAC LAKE VILLAGE PD SARANAC LAKE,City,NY,2022,4805,5,0,5,4,0,4,9,0,9,1.87
NM0170300,ZUNI TRIBAL PD ZUNI,ZUNI TRIBAL PD ZUNI,Tribal,NM,2022,0,17,3,20,3,9,12,20,12,32,
OK0411100,MEEKER,MEEKER,City,OK,2022,1017,5,0,5,0,0,0,5,0,5,4.92
GA0560000,FAYETTE CO SO FAYETTEVILLE,FAYETTE CO SO FAYETTEVILLE,County,GA,2022,55300,104,31,135,31,48,79,135,79,214,3.87
TN0570000,MADISON CO SO JACKSON,MADISON CO SO JACKSON,County,TN,2022,30895,111,71,182,9,74,83,120,145,265,8.58
PA0651000,NEW KENSINGTON PD,NEW KENSINGTON PD,City,PA,2022,11982,22,0,22,0,3,3,22,3,25,2.09
TX2470100,FLORESVILLE PD,FLORESVILLE PD,City,TX,2022,7971,19,2,21,0,0,0,19,2,21,2.63
VA0400100,EMPORIA PD,EMPORIA PD,City,VA,2022,5637,22,3,25,4,9,13,26,12,38,6.74
GA0220600,WEST GA COLLEGE DEPT PUBLIC SAFETY CARROLLTON,WEST GA COLLEGE DEPT PUBLIC SAFETY CARROLLTON,University or College,GA,2022,0,19,4,23,7,9,16,26,13,39,
NC0160200,MOREHEAD CITY PD,MOREHEAD CITY PD,City,NC,2022,9810,33,0,33,8,2,10,41,2,43,4.38
AL0330200,PHIL CAMPBELL PD,PHIL CAMPBELL PD,City,AL,2022,988,1,0,1,1,2,3,2,2,4,4.05
AZ0111500,GILA RIVER POLICE DEPARTMENT,GILA RIVER POLICE DEPARTMENT,Tribal,AZ,2022,0,99,9,108,14,28,42,113,37,150,
IL0164100,GOLF PD,GOLF PD,City,IL,2022,501,1,0,1,0,0,0,1,0,1,2.00
WV0440200,LAW ENF DIV DEPT NATRL RESOURCES SPENCER,LAW ENF DIV DEPT NATRL RESOURCES SPENCER,Other State Agency,WV,2022,0,2,0,2,0,0,0,2,0,2,
WY0010100,LARAMIE PD,LARAMIE PD,City,WY,2022,32009,35,6,41,8,17,25,43,23,66,2.06
MO0640100,HANNIBAL,HANNIBAL,City,MO,2022,17028,27,3,30,4,6,10,31,9,40,2.35
OK0100100,ARDMORE,ARDMORE,City,OK,2022,24999,40,4,44,1,12,13,41,16,57,2.28
MN0630000,RED LAKE CO SO RED LAKE FALLS,RED LAKE CO SO RED LAKE FALLS,County,MN,2022,3936,9,2,11,0,1,1,9,3,12,3.05
WA0171800,DUVALL PD,DUVALL PD,City,WA,2022,8778,10,0,10,0,2,2,10,2,12,1.37
NJ0070200,BLOOMFIELD PD,BLOOMFIELD PD,City,NJ,2022,52663,113,9,122,10,14,24,123,23,146,2.77
SC0230400,MAULDIN PD,MAULDIN PD,City,SC,2022,26576,33,0,33,9,7,16,42,7,49,1.84
SC0020400,BURNETTOWN PD,BURNETTOWN PD,City,SC,2022,3181,1,0,1,0,0,0,1,0,1,0.31
WI0620300,BLAIR PD,BLAIR PD,City,WI,2022,1291,2,0,2,0,0,0,2,0,2,1.55
MS0300100,MOSS POINT PD,MOSS POINT PD,City,MS,2022,11962,16,0,16,5,9,14,21,9,30,2.51
WI0180300,AUGUSTA PD,AUGUSTA PD,City,WI,2022,1534,3,0,3,1,0,1,4,0,4,2.61
AR0160000,CRAIGHEAD CO SO JONESBORO,CRAIGHEAD CO SO JONESBORO,County,AR,2022,19109,40,49,89,2,27,29,42,76,118,6.18
WVWSP0700,STATE POLICE BRIDGEPORT,STATE POLICE BRIDGEPORT,State Police,WV,2022,0,12,0,12,0,1,1,12,1,13,
AL0290600,MILLBROOK PD,MILLBROOK PD,City,AL,2022,17567,33,2,35,2,10,12,35,12,47,2.68
CO0020200,ADAMS STATE COLLEGE,ADAMS STATE COLLEGE,University or College,CO,2022,0,4,0,4,1,1,2,5,1,6,
NC1000200,ST PARK RANGER MOUNT MITCHELLST PARK BURNSVILLE,ST PARK RANGER MOUNT MITCHELLST PARK BURNSVILLE,Other State Agency,NC,2022,0,2,2,4,0,4,4,2,6,8,
MA0030700,FAIRHAVEN PD,FAIRHAVEN PD,City,MA,2022,15987,31,1,32,4,5,9,35,6,41,2.56
OK0680700,GORE,GORE,City,OK,2022,941,7,0,7,2,0,2,9,0,9,9.56
PA0155200,WEST CALN TWP PD WAGONTOWN,WEST CALN TWP PD WAGONTOWN,City,PA,2022,8914,6,0,6,0,0,0,6,0,6,0.67
GA0670800,SNELLVILLE PD,SNELLVILLE PD,City,GA,2022,20988,40,3,43,4,9,13,44,12,56,2.67
AL0030100,MONTGOMERY PD,MONTGOMERY PD,City,AL,2022,197333,300,18,318,90,59,149,390,77,467,2.37
NY0502400,CANISTEO VILLAGE PD CANISTEO,CANISTEO VILLAGE PD CANISTEO,City,NY,2022,2179,2,0,2,0,0,0,2,0,2,0.92
PA0461300,LOWER GWYNEDD TWP POLICE DEPT SPRING HOUSE,LOWER GWYNEDD TWP POLICE DEPT SPRING HOUSE,City,PA,2022,12085,20,0,20,2,1,3,22,1,23,1.90
MN0480100,MILACA PD,MILACA PD,City,MN,2022,3092,7,0,7,0,1,1,7,1,8,2.59
LA0190500,NORWOOD,NORWOOD,City,LA,2022,279,3,0,3,0,2,2,3,2,5,17.92
SD0400100,DEADWOOD PD,DEADWOOD PD,City,SD,2022,1255,12,2,14,5,1,6,17,3,20,15.94
MI8244600,GROSSE POINTE DPS GROSSE POINTE,GROSSE POINTE DPS GROSSE POINTE,City,MI,2022,5519,23,0,23,0,0,0,23,0,23,4.17
GA0590200,LAVONIA PD,LAVONIA PD,City,GA,2022,2170,13,0,13,1,1,2,14,1,15,6.91
NC0650500,UNC-WILMINGTON POLICE WILMINGTON,UNC-WILMINGTON POLICE WILMINGTON,University or College,NC,2022,0,18,7,25,9,11,20,27,18,45,
PA0151200,TREDYFFRIN TWP PD BERWYN,TREDYFFRIN TWP PD BERWYN,City,PA,2022,31706,36,0,36,6,5,11,42,5,47,1.48
PA0461600,LOWER POTTSGROVE TWP PD SANATOGA,LOWER POTTSGROVE TWP PD SANATOGA,City,PA,2022,12446,19,0,19,1,2,3,20,2,22,1.77
NY0357100,DEERPARK TOWN PD HUGUENOT,DEERPARK TOWN PD HUGUENOT,City,NY,2022,7531,4,0,4,2,0,2,6,0,6,0.80
AR0661900,,,Other,AR,2022,0,10,0,10,0,1,1,10,1,11,
IL0163C00,WINNETKA PD,WINNETKA PD,City,IL,2022,12277,20,1,21,6,4,10,26,5,31,2.53
ME0140100,BELFAST PD,BELFAST PD,City,ME,2022,7037,13,0,13,2,3,5,15,3,18,2.56
NC0645000,NASH CO ABC ENFORCEMENT OFFICE NASHVILLE,NASH CO ABC ENFORCEMENT OFFICE NASHVILLE,Other,NC,2022,0,1,0,1,0,0,0,1,0,1,
DE0030300,LAUREL PD,LAUREL PD,City,DE,2022,4178,13,1,14,2,0,2,15,1,16,3.83
NJ0150500,BERKELEY TWP PD BAYVILLE,BERKELEY TWP PD BAYVILLE,City,NJ,2022,45006,74,4,78,1,18,19,75,22,97,2.16
TN0190200,BERRY HILL PD NASHVILLE,BERRY HILL PD NASHVILLE,City,TN,2022,1865,12,2,14,0,2,2,12,4,16,8.58
SC0140000,CLARENDON CO SO MANNING,CLARENDON CO SO MANNING,County,SC,2022,25759,53,3,56,13,5,18,66,8,74,2.87
WA0220000,LINCOLN CO SO DAVENPORT,LINCOLN CO SO DAVENPORT,County,WA,2022,9973,13,6,19,1,4,5,14,10,24,2.41
IL1010900,WINNEBAGO PD,WINNEBAGO PD,City,IL,2022,2885,4,0,4,1,0,1,5,0,5,1.73
KY0490100,CYNTHIANA PD,CYNTHIANA PD,City,KY,2022,6429,12,0,12,0,1,1,12,1,13,2.02
NY0060000,CHAUTAUQUA CO SHERIFF'S DEPARTMENT MAYVILLE,CHAUTAUQUA CO SHERIFF'S DEPARTMENT MAYVILLE,County,NY,2022,57500,60,26,86,6,16,22,66,42,108,1.88
IA0200000,CLARKE CO SO OSCEOLA,CLARKE CO SO OSCEOLA,County,IA,2022,4199,8,4,12,0,11,11,8,15,23,5.48
MS0300200,OCEAN SPRINGS PD,OCEAN SPRINGS PD,City,MS,2022,18361,33,3,36,3,5,8,36,8,44,2.40
MO0957200,TOWN AND COUNTRY,TOWN AND COUNTRY,City,MO,2022,11479,24,0,24,4,1,5,28,1,29,2.53
WV0430400,LAW ENF DIV DEPT NATRL RESOURCES PENNSBORO,LAW ENF DIV DEPT NATRL RESOURCES PENNSBORO,Other State Agency,WV,2022,0,1,0,1,0,0,0,1,0,1,
SD0630400,JEFFERSON PD,JEFFERSON PD,City,SD,2022,455,2,0,2,0,0,0,2,0,2,4.40
ID0240300,HAGERMAN POLICE DEPARTMENT HAGERMAN,HAGERMAN POLICE DEPARTMENT HAGERMAN,City,ID,2022,989,1,0,1,0,0,0,1,0,1,1.01
MI8221200,ALLEN PARK PD,ALLEN PARK PD,City,MI,2022,27917,37,1,38,1,2,3,38,3,41,1.47
LA0040000,ASSUMPTION CO SO NAPOLEONVILLE,ASSUMPTION CO SO NAPOLEONVILLE,County,LA,2022,20379,35,19,54,18,24,42,53,43,96,4.71
WI0690300,WAUPACA PD,WAUPACA PD,City,WI,2022,6436,15,0,15,1,1,2,16,1,17,2.64
GA0430400,DECATUR CO SCHOOL POLICE DEPARTMENT,DECATUR CO SCHOOL POLICE DEPARTMENT,Other,GA,2022,0,5,0,5,3,0,3,8,0,8,
SC002NR00,DNR: AIKEN COUNTY,DNR: AIKEN COUNTY,Other State Agency,SC,2022,0,3,0,3,0,0,0,3,0,3,
TX0130100,BEEVILLE PD,BEEVILLE PD,City,TX,2022,13592,17,2,19,3,5,8,20,7,27,1.99
AR0120200,QUITMAN PD,QUITMAN PD,City,AR,2022,694,3,0,3,1,0,1,4,0,4,5.76
OH0590000,MORROW,MORROW,County,OH,2022,29699,20,12,32,1,16,17,21,28,49,1.65
PA0464300,LOWER SALFORD TWP PD HARLEYSVILLE,LOWER SALFORD TWP PD HARLEYSVILLE,City,PA,2022,16095,17,2,19,2,0,2,19,2,21,1.30
NC0920900,ZEBULON PD,ZEBULON PD,City,NC,2022,9003,17,1,18,5,0,5,22,1,23,2.55
MA0052100,NAHANT PD,NAHANT PD,City,MA,2022,3315,10,0,10,1,1,2,11,1,12,3.62
MN0680200,WARROAD PD,WARROAD PD,City,MN,2022,1815,5,0,5,0,1,1,5,1,6,3.31
OK0620300,ALLEN,ALLEN,City,OK,2022,788,1,0,1,0,0,0,1,0,1,1.27
KS0470000,KEARNY CO SO LAKIN,KEARNY CO SO LAKIN,County,KS,2022,3818,8,3,11,1,5,6,9,8,17,4.45
PA0223400,PA FISH & BOAT COMMISSION,PA FISH & BOAT COMMISSION,Other State Agency,PA,2022,0,82,0,82,4,8,12,86,8,94,
GA0780300,MAYSVILLE PD,MAYSVILLE PD,City,GA,2022,2051,4,0,4,0,0,0,4,0,4,1.95
MD0173100,,,University or College,MD,2022,0,8,5,13,2,4,6,10,9,19,
OK0100000,CARTER,CARTER,County,OK,2022,13391,19,15,34,2,21,23,21,36,57,4.26
KY0563600,STRATHMOOR VILLAGE PD LOUISVILLE,STRATHMOOR VILLAGE PD LOUISVILLE,City,KY,2022,673,1,0,1,0,0,0,1,0,1,1.49
MN0300100,CAMBRIDGE PD,CAMBRIDGE PD,City,MN,2022,10137,14,0,14,2,2,4,16,2,18,1.78
NY0595600,MAMARONECK TOWN PD MAMARONECK,MAMARONECK TOWN PD MAMARONECK,City,NY,2022,12479,34,0,34,4,1,5,38,1,39,3.13
WI0411100,RIVER HILLS PD,RIVER HILLS PD,City,WI,2022,1559,11,0,11,0,1,1,11,1,12,7.70
TX1050100,SAN MARCOS PD,SAN MARCOS PD,City,TX,2022,69470,96,6,102,16,32,48,112,38,150,2.16
TN0060000,BRADLEY CO SO CLEVELAND,BRADLEY CO SO CLEVELAND,County,TN,2022,62653,89,68,157,17,39,56,106,107,213,3.40
IN0340100,KOKOMO PD,KOKOMO PD,City,IN,2022,59776,83,3,86,4,17,21,87,20,107,1.79
GA0680900,ALTO POLICE DEPARTMENT,ALTO POLICE DEPARTMENT,City,GA,2022,993,2,0,2,0,3,3,2,3,5,5.04
OH0291200,WRIGHT STATE UNIVERSITY,WRIGHT STATE UNIVERSITY,University or College,OH,2022,0,13,4,17,2,2,4,15,6,21,
PA0480900,PALMER TWP PD EASTON,PALMER TWP PD EASTON,City,PA,2022,22392,33,1,34,2,1,3,35,2,37,1.65
OH0760400,CANTON,CANTON,City,OH,2022,70070,136,13,149,20,31,51,156,44,200,2.85
OK0140500,UNIV OF OK: NORMAN,UNIV OF OK: NORMAN,University or College,OK,2022,0,23,19,42,6,12,18,29,31,60,
WA0250100,RAYMOND PD,RAYMOND PD,City,WA,2022,3201,4,0,4,2,1,3,6,1,7,2.19
TN0190600,METRO PARK POLICE,METRO PARK POLICE,Other,TN,2022,0,15,0,15,1,0,1,16,0,16,
AK0014500,CRAIG PD,CRAIG PD,City,AK,2022,1028,4,3,7,0,4,4,4,7,11,10.70
MO0500100,CRYSTAL CITY,CRYSTAL CITY,City,MO,2022,4698,15,1,16,1,5,6,16,6,22,4.68
TX0151200,SHAVANO PARK POLICE DEPT,SHAVANO PARK POLICE DEPT,City,TX,2022,3609,17,0,17,1,1,2,18,1,19,5.26
GA0605600,SANDY SPRINGS POLICE DEPARTMENT,SANDY SPRINGS POLICE DEPARTMENT,City,GA,2022,106747,142,3,145,12,21,33,154,24,178,1.67
MI0421500,ALPENA PD,ALPENA PD,City,MI,2022,10146,14,0,14,2,2,4,16,2,18,1.77
TX1081500,LA JOYA PD,LA JOYA PD,City,TX,2022,4666,10,2,12,3,3,6,13,5,18,3.86
OR005SP00,SP: COLUMBIA COUNTY,SP: COLUMBIA COUNTY,State Police,OR,2022,0,8,0,8,2,0,2,10,0,10,
PA0264100,,,City,PA,2022,4546,3,0,3,0,0,0,3,0,3,0.66
WI0410000,MILWAUKEE CO SO MILWAUKEE,MILWAUKEE CO SO MILWAUKEE,County,WI,2022,0,244,106,350,46,158,204,290,264,554,
MN0480400,,,City,MN,2022,806,0,0,0,1,0,1,1,0,1,1.24
ME0030800,WESTBROOK PD,WESTBROOK PD,City,ME,2022,20741,35,1,36,5,5,10,40,6,46,2.22
TX1540000,MCCULLOCH CO SO BRADY,MCCULLOCH CO SO BRADY,County,TX,2022,2546,6,11,17,2,8,10,8,19,27,10.60
CA0194400,MANHATTAN BEACH PD,MANHATTAN BEACH PD,City,CA,2022,33888,53,10,63,8,25,33,61,35,96,2.83
WI0540400,EVANSVILLE PD,EVANSVILLE PD,City,WI,2022,5840,9,1,10,1,1,2,10,2,12,2.05
WI0681400,PEWAUKEE PD,PEWAUKEE PD,City,WI,2022,8177,17,0,17,3,1,4,20,1,21,2.57
IL0461100,GRANT PARK PD,GRANT PARK PD,City,IL,2022,1252,4,0,4,0,0,0,4,0,4,3.19
TX1200100,EDNA PD,EDNA PD,City,TX,2022,5976,8,0,8,2,2,4,10,2,12,2.01
PA0132100,SPR: HICKORY RUN,SPR: HICKORY RUN,Other State Agency,PA,2022,0,4,5,9,1,0,1,5,5,10,
KS0720000,OTTAWA CO SO MINNEAPOLIS,OTTAWA CO SO MINNEAPOLIS,County,KS,2022,3669,6,0,6,0,5,5,6,5,11,3.00
MO0010600,TRUMAN STATE UNIVERSITY,TRUMAN STATE UNIVERSITY,University or College,MO,2022,0,6,1,7,1,1,2,7,2,9,
CA0120300,EUREKA PD,EUREKA PD,City,CA,2022,26465,33,7,40,4,18,22,37,25,62,2.34
WI0220100,BOSCOBEL PD,BOSCOBEL PD,City,WI,2022,3291,6,0,6,1,0,1,7,0,7,2.13
MI4693100,CAMBRIDGE TWP PD ONSTED,CAMBRIDGE TWP PD ONSTED,City,MI,2022,5681,3,0,3,1,0,1,4,0,4,0.70
GA0710300,BUCHANAN PD,BUCHANAN PD,City,GA,2022,944,6,0,6,0,1,1,6,1,7,7.42
VA1080000,FALLS CHURCH PD,FALLS CHURCH PD,City,VA,2022,14384,31,6,37,5,11,16,36,17,53,3.68
KY0890400,POWDERLY PD,POWDERLY PD,City,KY,2022,782,2,0,2,0,0,0,2,0,2,2.56
WVWSP1600,STATE POLICE HAMLIN,STATE POLICE HAMLIN,State Police,WV,2022,0,12,0,12,1,1,2,13,1,14,
AR0520100,CAMDEN PD,CAMDEN PD,City,AR,2022,10223,10,3,13,6,15,21,16,18,34,3.33
TX1410800,KEMPNER POLICE DEPARTMENT,KEMPNER POLICE DEPARTMENT,City,TX,2022,1211,2,0,2,0,1,1,2,1,3,2.48
AL0560300,WEDOWEE PD,WEDOWEE PD,City,AL,2022,719,8,0,8,1,0,1,9,0,9,12.52
NC0630200,PINEHURST PD,PINEHURST PD,City,NC,2022,18426,21,1,22,4,4,8,25,5,30,1.63
PA0250900,EDINBORO PD,EDINBORO PD,City,PA,2022,4864,9,0,9,0,0,0,9,0,9,1.85
LA0280200,CARENCRO PD,CARENCRO PD,City,LA,2022,12505,31,0,31,4,2,6,35,2,37,2.96
NJ0170000,SALEM CO SHERIFFS OFF SALEM,SALEM CO SHERIFFS OFF SALEM,County,NJ,2022,0,144,12,156,44,39,83,188,51,239,
IN0430300,,,City,IN,2022,3063,9,0,9,0,1,1,9,1,10,3.26
NJ0202400,KEAN UNIVERSITY POLICE DEPARTMENT,KEAN UNIVERSITY POLICE DEPARTMENT,University or College,NJ,2022,0,21,12,33,2,7,9,23,19,42,
OK0160000,COMANCHE,COMANCHE,County,OK,2022,20862,30,3,33,1,7,8,31,10,41,1.97
ID0090000,BONNER CO SO SANDPOINT,BONNER CO SO SANDPOINT,County,ID,2022,38349,45,27,72,1,27,28,46,54,100,2.61
MA0091800,FRAMINGHAM PD,FRAMINGHAM PD,City,MA,2022,70716,115,7,122,15,13,28,130,20,150,2.12
PA0251100,GIRARD PD,GIRARD PD,City,PA,2022,2969,4,0,4,0,0,0,4,0,4,1.35
FL0440200,KEY COLONY BEACH PD,KEY COLONY BEACH PD,City,FL,2022,768,4,0,4,1,0,1,5,0,5,6.51
GA0600000,FULTON CO SO ATLANTA,FULTON CO SO ATLANTA,County,GA,2022,0,330,129,459,255,202,457,585,331,916,
SC0100800,NORTH CHARLESTON PD,NORTH CHARLESTON PD,City,SC,2022,119198,273,27,300,52,49,101,325,76,401,3.36
LA0280500,YOUNGSVILLE PD,YOUNGSVILLE PD,City,LA,2022,16985,29,0,29,6,5,11,35,5,40,2.36
PA0660400,TUNKHANNOCK PD,TUNKHANNOCK PD,City,PA,2022,1757,3,0,3,0,0,0,3,0,3,1.71
AL0630700,VANCE PD,VANCE PD,City,AL,2022,2163,6,0,6,0,0,0,6,0,6,2.77
VA0350400,RICH CREEK PD,RICH CREEK PD,City,VA,2022,719,1,0,1,0,0,0,1,0,1,1.39
VA0010500,ONLEY PD,ONLEY PD,City,VA,2022,532,3,0,3,0,0,0,3,0,3,5.64
PA0020B00,COLLIER TOWNSHIP PD PRESTO,COLLIER TOWNSHIP PD PRESTO,City,PA,2022,8939,15,0,15,1,1,2,16,1,17,1.90
OH0570700,MIAMI TOWNSHIP,MIAMI TOWNSHIP,City,OH,2022,30750,34,1,35,4,3,7,38,4,42,1.37
AR0170600,,,City,AR,2022,527,1,0,1,0,0,0,1,0,1,1.90
GA1070100,COVINGTON PD,COVINGTON PD,City,GA,2022,14549,48,3,51,8,10,18,56,13,69,4.74
NY0290000,NASSAU COUNTY PD MINEOLA,NASSAU COUNTY PD MINEOLA,County,NY,2022,1087353,2206,324,2530,288,572,860,2494,896,3390,3.12
SC015NR00,DNR: COLLETON COUNTY,DNR: COLLETON COUNTY,Other State Agency,SC,2022,0,3,0,3,0,0,0,3,0,3,
MS0820100,YAZOO CITY PD,YAZOO CITY PD,City,MS,2022,10019,8,2,10,3,6,9,11,8,19,1.90
TN0160600,,,University or College,TN,2022,0,5,0,5,1,0,1,6,0,6,
WA0360100,WALLA WALLA PD,WALLA WALLA PD,City,WA,2022,33899,42,6,48,2,23,25,44,29,73,2.15
MN0460100,FAIRMONT PD,FAIRMONT PD,City,MN,2022,10369,15,0,15,2,2,4,17,2,19,1.83
DE0020900,DELAWARE CITY PD,DELAWARE CITY PD,City,DE,2022,1881,2,0,2,1,1,2,3,1,4,2.13
IN0180100,MUNCIE PD,MUNCIE PD,City,IN,2022,65343,95,6,101,9,3,12,104,9,113,1.73
IA0840500,SIOUX CENTER PD,SIOUX CENTER PD,City,IA,2022,8340,7,0,7,1,0,1,8,0,8,0.96
RI0040400,EAST PROVIDENCE PD,EAST PROVIDENCE PD,City,RI,2022,46655,75,6,81,5,9,14,80,15,95,2.04
WI0260100,HURLEY PD,HURLEY PD,City,WI,2022,1564,6,0,6,0,1,1,6,1,7,4.48
CO0622600,MEAD,MEAD,City,CO,2022,5957,11,0,11,2,1,3,13,1,14,2.35
MA0051000,HAMILTON PD,HAMILTON PD,City,MA,2022,7551,13,1,14,1,3,4,14,4,18,2.38
TX1130000,HOUSTON CO SO CROCKETT,HOUSTON CO SO CROCKETT,County,TX,2022,14618,20,16,36,2,11,13,22,27,49,3.35
NC0310200,BEULAVILLE PD,BEULAVILLE PD,City,NC,2022,1109,5,0,5,1,0,1,6,0,6,5.41
TN0710200,ALGOOD PD,ALGOOD PD,City,TN,2022,4012,12,0,12,3,0,3,15,0,15,3.74
WI0180400,FALL CREEK PD,FALL CREEK PD,City,WI,2022,1417,1,0,1,1,0,1,2,0,2,1.41
ND0270000,MCKENZIE CO SO WATFORD CITY,MCKENZIE CO SO WATFORD CITY,County,ND,2022,7574,28,3,31,9,16,25,37,19,56,7.39
MS0230000,HANCOCK CO SO BAY ST LOUIS,HANCOCK CO SO BAY ST LOUIS,County,MS,2022,28471,58,32,90,8,28,36,66,60,126,4.43
TN0300100,GREENEVILLE PD,GREENEVILLE PD,City,TN,2022,15556,46,1,47,6,1,7,52,2,54,3.47
TN0780200,SEVIERVILLE PD,SEVIERVILLE PD,City,TN,2022,19021,60,5,65,9,12,21,69,17,86,4.52
MS0690100,SENATOBIA PD,SENATOBIA PD,City,MS,2022,8104,29,0,29,3,3,6,32,3,35,4.32
TX1280000,KARNES CO SO KARNES CITY,KARNES CO SO KARNES CITY,County,TX,2022,8016,27,11,38,4,22,26,31,33,64,7.98
NH0011800,NEW HAMPTON PD,NEW HAMPTON PD,City,NH,2022,2433,4,0,4,1,1,2,5,1,6,2.47
AL0460200,NOTASULGA PD,NOTASULGA PD,City,AL,2022,894,4,1,5,0,4,4,4,5,9,10.07
MN0780200,WHEATON PD,WHEATON PD,City,MN,2022,1400,2,0,2,0,0,0,2,0,2,1.43
TX0912300,TOM BEAN POLICE DEPARTMENT,TOM BEAN POLICE DEPARTMENT,City,TX,2022,934,5,0,5,0,0,0,5,0,5,5.35
PA0240100,JOHNSONBURG PD,JOHNSONBURG PD,City,PA,2022,2362,4,0,4,0,0,0,4,0,4,1.69
UT0280000,WAYNE CO SO LOA,WAYNE CO SO LOA,County,UT,2022,2608,4,0,4,0,1,1,4,1,5,1.92
FL0250000,HARDEE CO SO WAUCHULA,HARDEE CO SO WAUCHULA,County,FL,2022,18350,56,2,58,18,24,42,74,26,100,5.45
WA0310800,BRIER PD,BRIER PD,City,WA,2022,6448,4,0,4,2,1,3,6,1,7,1.09
MO1080200,HOUSTON,HOUSTON,City,MO,2022,2187,7,0,7,0,0,0,7,0,7,3.20
TN0680000,PERRY CO SO LINDEN,PERRY CO SO LINDEN,County,TN,2022,8610,15,4,19,1,6,7,16,10,26,3.02
CO0621200,AULT,AULT,City,CO,2022,2913,8,0,8,0,1,1,8,1,9,3.09
AL0230700,RIVER FALLS,RIVER FALLS,City,AL,2022,487,2,0,2,0,0,0,2,0,2,4.11
CA0196500,SANTA MONICA PD,SANTA MONICA PD,City,CA,2022,89527,177,99,276,23,95,118,200,194,394,4.40
WA0390300,TOPPENISH PD,TOPPENISH PD,City,WA,2022,8717,11,0,11,0,3,3,11,3,14,1.61
PA0660000,WYOMING CO SO TUNKHANNOCK,WYOMING CO SO TUNKHANNOCK,County,PA,2022,0,4,0,4,0,2,2,4,2,6,
OK0560200,OKMULGEE,OKMULGEE,City,OK,2022,11408,19,2,21,1,1,2,20,3,23,2.02
WA0171000,NORMANDY PARK PD,NORMANDY PARK PD,City,WA,2022,6519,8,0,8,1,1,2,9,1,10,1.53
FL0641300,SOUTH DAYTONA PD,SOUTH DAYTONA PD,City,FL,2022,13712,26,1,27,2,3,5,28,4,32,2.33
CA0060100,COLUSA PD,COLUSA PD,City,CA,2022,6444,6,0,6,2,1,3,8,1,9,1.40
VA0160200,BROOKNEAL PD,BROOKNEAL PD,City,VA,2022,1061,2,0,2,0,0,0,2,0,2,1.89
CA0100100,CLOVIS PD,CLOVIS PD,City,CA,2022,125348,86,18,104,19,48,67,105,66,171,1.36
AR0390000,LEE CO SO MARIANNA,LEE CO SO MARIANNA,County,AR,2022,5091,5,0,5,5,0,5,10,0,10,1.96
IL0493800,HAWTHORN WOODS PD,HAWTHORN WOODS PD,City,IL,2022,9322,10,0,10,2,1,3,12,1,13,1.39
NY0510000,SUFFOLK COUNTY SHERIFF'S OFFICE RIVERHEAD,SUFFOLK COUNTY SHERIFF'S OFFICE RIVERHEAD,County,NY,2022,0,199,43,242,46,78,124,245,121,366,
PA0066200,TILDEN TWP POLICE DEPARTMENT,TILDEN TWP POLICE DEPARTMENT,City,PA,2022,3581,4,0,4,0,0,0,4,0,4,1.12
VA0740200,RICHARD BLAND COLLEGE POLICE DEPARTMENT,RICHARD BLAND COLLEGE POLICE DEPARTMENT,University or College,VA,2022,0,4,1,5,0,1,1,4,2,6,
GA0630600,GLYNN COUNTY SCHOOL POLICE DEPARTMENT,GLYNN COUNTY SCHOOL POLICE DEPARTMENT,Other,GA,2022,0,13,0,13,13,1,14,26,1,27,
IL0562900,MCHENRY COUNTY COLLEGE,MCHENRY COUNTY COLLEGE,University or College,IL,2022,0,8,1,9,0,0,0,8,1,9,
TX1017200,PASADENA ISD POLICE DEPT,PASADENA ISD POLICE DEPT,Other,TX,2022,0,29,2,31,4,5,9,33,7,40,
IL0161200,BROADVIEW PD,BROADVIEW PD,City,IL,2022,7961,19,2,21,4,4,8,23,6,29,3.64
WA0173600,FEDERAL WAY POLICE DEPARTMENT FEDERAL WAY,FEDERAL WAY POLICE DEPARTMENT FEDERAL WAY,City,WA,2022,97094,119,3,122,17,29,46,136,32,168,1.73
OK0721100,SPERRY,SPERRY,City,OK,2022,1123,2,0,2,0,0,0,2,0,2,1.78
LA0530200,KENTWOOD PD,KENTWOOD PD,City,LA,2022,2200,11,0,11,0,1,1,11,1,12,5.45
DE303SP00,SP: SUSSEX COUNTY,SP: SUSSEX COUNTY,State Police,DE,2022,195864,163,13,176,33,16,49,196,29,225,1.15
IL1010400,ROCKFORD PD,ROCKFORD PD,City,IL,2022,146710,232,10,242,40,37,77,272,47,319,2.17
TN0920500,SHARON PD,SHARON PD,City,TN,2022,952,1,2,3,0,0,0,1,2,3,3.15
MI6382100,WHITE LAKE TWP PD,WHITE LAKE TWP PD,City,MI,2022,31001,23,1,24,5,9,14,28,10,38,1.23
KS0700200,BURLINGAME PD,BURLINGAME PD,City,KS,2022,965,2,0,2,0,1,1,2,1,3,3.11
WI0180000,EAU CLAIRE CO SO EAU CLAIRE,EAU CLAIRE CO SO EAU CLAIRE,County,WI,2022,27340,41,46,87,2,21,23,43,67,110,4.02
OH0691100,LEIPSIC,LEIPSIC,City,OH,2022,2153,4,0,4,0,0,0,4,0,4,1.86
VA0830000,RUSSELL CO SO LEBANON,RUSSELL CO SO LEBANON,County,VA,2022,21014,34,6,40,6,8,14,40,14,54,2.57
SD0380000,KINGSBURY CO SO DE SMET,KINGSBURY CO SO DE SMET,County,SD,2022,5207,4,1,5,0,1,1,4,2,6,1.15
TX0790300,ROSENBERG POLICE DEPT,ROSENBERG POLICE DEPT,City,TX,2022,40472,66,3,69,10,21,31,76,24,100,2.47
ND0220000,KIDDER CO SO STEELE,KIDDER CO SO STEELE,County,ND,2022,1721,3,0,3,0,1,1,3,1,4,2.32
OH0610000,NOBLE,NOBLE,County,OH,2022,14246,17,11,28,4,11,15,21,22,43,3.02
GA0220700,MT ZION PD,MT ZION PD,City,GA,2022,2021,6,0,6,1,1,2,7,1,8,3.96
MA0092800,MARLBORO PD,MARLBORO PD,City,MA,2022,40722,64,3,67,3,8,11,67,11,78,1.92
GA0671700,GEORGIA GWINETT COLLEGE POLICE,GEORGIA GWINETT COLLEGE POLICE,University or College,GA,2022,0,18,3,21,4,5,9,22,8,30,
MA0140800,BOYLSTON PD,BOYLSTON PD,City,MA,2022,4934,13,0,13,0,4,4,13,4,17,3.45
VA0820100,BRIDGEWATER PD,BRIDGEWATER PD,City,VA,2022,6215,9,0,9,1,0,1,10,0,10,1.61
MI7385600,BUENA VISTA TWP PD SAGINAW,BUENA VISTA TWP PD SAGINAW,City,MI,2022,7588,6,0,6,5,1,6,11,1,12,1.58
NJ0101400,HIGH BRIDGE PD,HIGH BRIDGE PD,City,NJ,2022,3641,8,0,8,1,0,1,9,0,9,2.47
MA0122400,SCITUATE PD,SCITUATE PD,City,MA,2022,20147,28,0,28,9,2,11,37,2,39,1.94
ME0062100,CLINTON POLICE DEPARTMENT CLINTON,CLINTON POLICE DEPARTMENT CLINTON,City,ME,2022,3380,4,0,4,0,0,0,4,0,4,1.18
TX1070400,,,University or College,TX,2022,0,9,0,9,2,1,3,11,1,12,
TX1160300,GREENVILLE PD,GREENVILLE PD,City,TX,2022,30890,43,3,46,4,17,21,47,20,67,2.17
IA0070100,CEDAR FALLS PD,CEDAR FALLS PD,City,IA,2022,40291,58,0,58,13,1,14,71,1,72,1.79
ND0040000,BILLINGS CO SO MEDORA,BILLINGS CO SO MEDORA,County,ND,2022,871,7,0,7,0,0,0,7,0,7,8.04
PA0080500,TROY PD,TROY PD,City,PA,2022,1247,2,0,2,0,0,0,2,0,2,1.60
WY0090000,HOT SPRINGS CO SO THERMOPOLIS,HOT SPRINGS CO SO THERMOPOLIS,County,WY,2022,1889,9,0,9,2,2,4,11,2,13,6.88
CA0071000,RICHMOND PD,RICHMOND PD,City,CA,2022,115043,84,15,99,22,32,54,106,47,153,1.33
WI0131600,MARSHALL VILLAGE PD MARSHALL,MARSHALL VILLAGE PD MARSHALL,City,WI,2022,3833,8,0,8,1,1,2,9,1,10,2.61
GA0630300,CAMPUS POLICE BRUNSWICK JR COLLEGE BRUNSWICK,CAMPUS POLICE BRUNSWICK JR COLLEGE BRUNSWICK,University or College,GA,2022,0,11,0,11,1,0,1,12,0,12,
NJ0130600,AVON BY THE SEA PD,AVON BY THE SEA PD,City,NJ,2022,1899,12,0,12,0,0,0,12,0,12,6.32
IA0240000,CRAWFORD CO SO DENISON,CRAWFORD CO SO DENISON,County,IA,2022,7159,11,0,11,0,3,3,11,3,14,1.96
CO0540000,ROUTT,ROUTT,County,CO,2022,8909,36,0,36,9,4,13,45,4,49,5.50
PA0232700,RIDLEY PARK PD,RIDLEY PARK PD,City,PA,2022,7088,9,0,9,0,0,0,9,0,9,1.27
VA0580400,LA CROSSE PD,LA CROSSE PD,City,VA,2022,607,1,0,1,0,0,0,1,0,1,1.65
AZ0111300,APACHE JUNCTION PD,APACHE JUNCTION PD,City,AZ,2022,41099,63,12,75,4,24,28,67,36,103,2.51
OH025A10X,CAPITAL UNIVERSITY,CAPITAL UNIVERSITY,University or College,OH,2022,0,6,2,8,2,4,6,8,6,14,
NC0990000,YADKIN CO SO YADKINVILLE,YADKIN CO SO YADKINVILLE,County,NC,2022,30459,31,13,44,6,19,25,37,32,69,2.27
TX1980300,HEARNE PD,HEARNE PD,City,TX,2022,4517,12,2,14,0,4,4,12,6,18,3.98
NJ0141300,HARDING TWP PD NEW VERNON,HARDING TWP PD NEW VERNON,City,NJ,2022,3883,16,1,17,1,1,2,17,2,19,4.89
MN0400300,MONTGOMERY PD,MONTGOMERY PD,City,MN,2022,3498,6,0,6,0,1,1,6,1,7,2.00
RI0050300,SOUTH KINGSTOWN PD,SOUTH KINGSTOWN PD,City,RI,2022,32046,51,7,58,4,8,12,55,15,70,2.18
TX0711600,SOCORRO POLICE DEPARTMENT SOCORRO,SOCORRO POLICE DEPARTMENT SOCORRO,City,TX,2022,37952,38,6,44,10,14,24,48,20,68,1.79
CT0003400,DANBURY PD,DANBURY PD,City,CT,2022,87164,132,0,132,10,8,18,142,8,150,1.72
AZ0131200,CHINO VALLEY PD,CHINO VALLEY PD,City,AZ,2022,13875,22,2,24,4,6,10,26,8,34,2.45
SC038SP00,HP: ORANGEBURG COUNTY,HP: ORANGEBURG COUNTY,State Police,SC,2022,0,13,0,13,2,0,2,15,0,15,
VA1190000,PETERSBURG PD,PETERSBURG PD,City,VA,2022,33546,61,5,66,10,20,30,71,25,96,2.86
TN0610100,DECATUR PD,DECATUR PD,City,TN,2022,1646,6,0,6,0,0,0,6,0,6,3.65
NM0120100,LORDSBURG PD,LORDSBURG PD,City,NM,2022,2229,9,1,10,0,2,2,9,3,12,5.38
TX0371200,CUNEY PD,CUNEY PD,City,TX,2022,115,2,0,2,0,1,1,2,1,3,26.09
OH0772700,COPLEY TOWNSHIP,COPLEY TOWNSHIP,City,OH,2022,18244,24,0,24,2,1,3,26,1,27,1.48
CTCSP0000,CONNECTICUT STATE POLICE,CONNECTICUT STATE POLICE,State Police,CT,2022,509306,773,171,944,115,234,349,888,405,1293,2.54
MT0210000,HILL CO SO HAVRE,HILL CO SO HAVRE,County,MT,2022,6838,12,6,18,1,7,8,13,13,26,3.80
MT0090100,MILES CITY PD,MILES CITY PD,City,MT,2022,8437,17,0,17,0,1,1,17,1,18,2.13
NM0090400,HURLEY PD,HURLEY PD,City,NM,2022,1232,3,0,3,0,1,1,3,1,4,3.25
OH0631000,PAYNE,PAYNE,City,OH,2022,1180,2,0,2,0,0,0,2,0,2,1.69
WI0050000,BROWN CO SO GREEN BAY,BROWN CO SO GREEN BAY,County,WI,2022,100246,156,88,244,13,54,67,169,142,311,3.10
OH0182000,GARFIELD HEIGHTS,GARFIELD HEIGHTS,City,OH,2022,29022,49,5,54,4,9,13,53,14,67,2.31
SC0390100,CENTRAL PD,CENTRAL PD,City,SC,2022,5335,11,0,11,0,1,1,11,1,12,2.25
OH0450800,HEBRON,HEBRON,City,OH,2022,2376,8,0,8,1,0,1,9,0,9,3.79
OK0610200,MCALESTER,MCALESTER,City,OK,2022,18219,41,0,41,0,3,3,41,3,44,2.42
CA0570300,WOODLAND PD,WOODLAND PD,City,CA,2022,61883,57,0,57,12,15,27,69,15,84,1.36
GA0220200,VILLA RICA PD,VILLA RICA PD,City,GA,2022,18592,37,0,37,6,9,15,43,9,52,2.80
MN0580000,PINE CO SO PINE CITY,PINE CO SO PINE CITY,County,MN,2022,29804,36,21,57,1,23,24,37,44,81,2.72
TX2370700,HEMPSTEAD PD,HEMPSTEAD PD,City,TX,2022,6388,14,0,14,2,7,9,16,7,23,3.60
AL0070100,CENTREVILLE PD,CENTREVILLE PD,City,AL,2022,2803,5,0,5,0,0,0,5,0,5,1.78
MO0950500,BEL-NOR,BEL-NOR,City,MO,2022,1371,5,0,5,0,0,0,5,0,5,3.65
KY0710300,ADAIRVILLE PD,ADAIRVILLE PD,City,KY,2022,876,2,0,2,0,0,0,2,0,2,2.28
CO0100100,IDAHO SPRINGS,IDAHO SPRINGS,City,CO,2022,1766,6,1,7,1,2,3,7,3,10,5.66
TN0550200,ADAMSVILLE PD,ADAMSVILLE PD,City,TN,2022,2244,6,1,7,0,0,0,6,1,7,3.12
NB0340200,WYMORE PD,WYMORE PD,City,NB,2022,1354,2,0,2,0,0,0,2,0,2,1.48
IA0140100,CARROLL PD,CARROLL PD,City,IA,2022,10195,15,0,15,0,1,1,15,1,16,1.57
NH0102400,SUNAPEE PD,SUNAPEE PD,City,NH,2022,3457,4,1,5,0,0,0,4,1,5,1.45
WI0720500,GRAND RAPIDS PD WISCONSIN RAPIDS,GRAND RAPIDS PD WISCONSIN RAPIDS,City,WI,2022,7628,5,0,5,1,2,3,6,2,8,1.05
UT0061000,WOODS CROSS PD,WOODS CROSS PD,City,UT,2022,11846,16,0,16,2,1,3,18,1,19,1.60
NY0072100,ELMIRA HEIGHTS VILLAGE PD ELMIRA HEIGHTS,ELMIRA HEIGHTS VILLAGE PD ELMIRA HEIGHTS,City,NY,2022,3823,9,0,9,0,0,0,9,0,9,2.35
WA0172100,PACIFIC PD,PACIFIC PD,City,WA,2022,6966,9,0,9,0,1,1,9,1,10,1.44
AL0170000,CLAY CO SO ASHLAND,CLAY CO SO ASHLAND,County,AL,2022,9808,12,5,17,1,9,10,13,14,27,2.75
WVWSP0100,STATE POLICE BECKLEY,STATE POLICE BECKLEY,State Police,WV,2022,0,15,0,15,1,2,3,16,2,18,
GA0810300,WRENS PD,WRENS PD,City,GA,2022,2156,11,0,11,2,1,3,13,1,14,6.49
AR0710100,FAIRFIELD BAY POLICE DEPARTMENT,FAIRFIELD BAY POLICE DEPARTMENT,City,AR,2022,2111,6,0,6,1,0,1,7,0,7,3.32
WV0180300,LAW ENF DIV DEPT NATRL RESOURCES RIPLEY,LAW ENF DIV DEPT NATRL RESOURCES RIPLEY,Other State Agency,WV,2022,0,2,0,2,0,0,0,2,0,2,
NC0960700,CHERRY HOSPITAL POLICE,CHERRY HOSPITAL POLICE,Other State Agency,NC,2022,0,14,0,14,0,1,1,14,1,15,
IL0162F9E,BELT RAILWAY,BELT RAILWAY,Other,IL,2022,0,7,0,7,0,0,0,7,0,7,
WA0020200,ASOTIN PD,ASOTIN PD,City,WA,2022,1192,1,0,1,0,0,0,1,0,1,0.84
MN0800300,,,City,MN,2022,508,1,0,1,0,0,0,1,0,1,1.97
NM0230800,SANTA ANA TRIBAL PD BERNALILLO,SANTA ANA TRIBAL PD BERNALILLO,Tribal,NM,2022,0,22,0,22,3,2,5,25,2,27,
NB0280200,OMAHA PD,OMAHA PD,City,NB,2022,483462,700,42,742,127,99,226,827,141,968,2.00
CT0015300,WATERTOWN PD,WATERTOWN PD,City,CT,2022,22122,35,1,36,5,9,14,40,10,50,2.26
TN0790200,GERMANTOWN PD,GERMANTOWN PD,City,TN,2022,40859,91,5,96,9,20,29,100,25,125,3.06
NC0710100,BURGAW PD,BURGAW PD,City,NC,2022,3138,12,0,12,3,0,3,15,0,15,4.78
NC0630800,WHISPERING PINES PD,WHISPERING PINES PD,City,NC,2022,5235,9,0,9,0,2,2,9,2,11,2.10
GA1360100,THOMASVILLE PD,THOMASVILLE PD,City,GA,2022,18836,39,1,40,13,6,19,52,7,59,3.13
AL0270100,SELMA PD,SELMA PD,City,AL,2022,17296,24,6,30,8,13,21,32,19,51,2.95
CA0431000,MORGAN HILL PD,MORGAN HILL PD,City,CA,2022,45134,33,4,37,6,18,24,39,22,61,1.35
AL0011300,IRONDALE PD,IRONDALE PD,City,AL,2022,13528,31,3,34,4,4,8,35,7,42,3.10
MO0956700,ST. JOHN,ST. JOHN,City,MO,2022,6538,20,0,20,1,2,3,21,2,23,3.52
NJ0090200,EAST NEWARK PD,EAST NEWARK PD,City,NJ,2022,2383,7,2,9,0,4,4,7,6,13,5.46
SC0101700,COLLEGE OF CHARLESTON PUBLIC SAFETY DEPT,COLLEGE OF CHARLESTON PUBLIC SAFETY DEPT,University or College,SC,2022,0,19,9,28,2,11,13,21,20,41,
RI0041200,WOONSOCKET PD,WOONSOCKET PD,City,RI,2022,42925,90,5,95,3,15,18,93,20,113,2.63
OK0360200,NEWKIRK,NEWKIRK,City,OK,2022,2201,4,0,4,2,1,3,6,1,7,3.18
MS0020000,ALCORN CO SO CORINTH,ALCORN CO SO CORINTH,County,MS,2022,19766,25,1,26,1,1,2,26,2,28,1.42
MD0081500,PERRYVILLE POLICE DEPARTMENT,PERRYVILLE POLICE DEPARTMENT,City,MD,2022,4411,12,1,13,0,2,2,12,3,15,3.40
NB0610100,CENTRAL CITY PD,CENTRAL CITY PD,City,NB,2022,3038,4,0,4,0,1,1,4,1,5,1.65
NM0010200,UNIVERSITY OF NEW MEXICO PD ALBUQUERQUE,UNIVERSITY OF NEW MEXICO PD ALBUQUERQUE,University or College,NM,2022,0,34,13,47,9,9,18,43,22,65,
WI0480300,PRESCOTT PD,PRESCOTT PD,City,WI,2022,4340,10,0,10,1,1,2,11,1,12,2.76
AR0720200,SPRINGDALE PD,SPRINGDALE PD,City,AR,2022,90892,126,13,139,14,43,57,140,56,196,2.16
FL0010400,HIGH SPRINGS PD,HIGH SPRINGS PD,City,FL,2022,6540,16,0,16,3,1,4,19,1,20,3.06
TN0060300,TENTH JUDICIAL DIST DRUG TASK FORCE CHARLESTON,TENTH JUDICIAL DIST DRUG TASK FORCE CHARLESTON,Other,TN,2022,0,1,0,1,0,0,0,1,0,1,
GA0250200,GARDEN CITY PD GARDEN CITY,GARDEN CITY PD GARDEN CITY,City,GA,2022,10248,33,0,33,3,4,7,36,4,40,3.90
MN0620800,ROSEVILLE PD,ROSEVILLE PD,City,MN,2022,42031,47,2,49,7,7,14,54,9,63,1.50
PA0210400,HAMPDEN TWP PD MECHANICSBURG,HAMPDEN TWP PD MECHANICSBURG,City,PA,2022,34244,24,0,24,3,2,5,27,2,29,0.85
RI0030200,MIDDLETOWN PD,MIDDLETOWN PD,City,RI,2022,16898,34,2,36,3,2,5,37,4,41,2.43
CA0412000,FOSTER CITY POLICE DEPARTMENT,FOSTER CITY POLICE DEPARTMENT,City,CA,2022,31389,28,4,32,6,10,16,34,14,48,1.53
AL0610200,TALLADEGA PD,TALLADEGA PD,City,AL,2022,15448,38,1,39,2,3,5,40,4,44,2.85
DE0010700,FELTON PD,FELTON PD,City,DE,2022,1331,4,0,4,0,0,0,4,0,4,3.01
MI1124800,BENTON HARBOR PD,BENTON HARBOR PD,City,MI,2022,8896,13,0,13,1,1,2,14,1,15,1.69
MN0180500,BAXTER PD,BAXTER PD,City,MN,2022,9024,12,0,12,3,1,4,15,1,16,1.77
OK0080000,CADDO,CADDO,County,OK,2022,11507,14,0,14,0,1,1,14,1,15,1.30
ID0250200,GRANGEVILLE PD,GRANGEVILLE PD,City,ID,2022,3540,5,0,5,0,0,0,5,0,5,1.41
NJNYPOA00,NY AND NJ PORT AUTHORITY JERSEY CITY,NY AND NJ PORT AUTHORITY JERSEY CITY,Other State Agency,NJ,2022,0,1521,82,1603,215,99,314,1736,181,1917,
MI3451500,LAKE ODESSA PD,LAKE ODESSA PD,City,MI,2022,2138,1,1,2,1,0,1,2,1,3,1.40
NC0420000,HALIFAX CO SO HALIFAX,HALIFAX CO SO HALIFAX,County,NC,2022,27834,58,0,58,5,3,8,63,3,66,2.37
CA0240600,MERCED PD,MERCED PD,City,CA,2022,92191,82,8,90,13,33,46,95,41,136,1.48
PA0421100,COUNTY DET: MCKEAN CNTY,COUNTY DET: MCKEAN CNTY,Other,PA,2022,0,1,0,1,1,5,6,2,5,7,
TN0370100,ROGERSVILLE PD,ROGERSVILLE PD,City,TN,2022,4665,14,0,14,0,1,1,14,1,15,3.22
IL0561900,SPRING GROVE PD,SPRING GROVE PD,City,IL,2022,5535,6,0,6,1,1,2,7,1,8,1.45
AR0220100,MONTICELLO PD,MONTICELLO PD,City,AR,2022,8200,20,1,21,1,1,2,21,2,23,2.80
NH0074000,NORTHFIELD PD,NORTHFIELD PD,City,NH,2022,4998,4,0,4,2,0,2,6,0,6,1.20
TX1081400,WESLACO PD,WESLACO PD,City,TX,2022,41478,73,8,81,3,17,20,76,25,101,2.44
NV0049900,,,State Police,NV,2022,0,46,1,47,4,13,17,50,14,64,
AL0640300,CORDOVA PD,CORDOVA PD,City,AL,2022,1663,5,0,5,0,3,3,5,3,8,4.81
MD0190000,ST MARYS CO SO LEONARDTOWN,ST MARYS CO SO LEONARDTOWN,County,MD,2022,115107,167,84,251,41,89,130,208,173,381,3.31
MI6351600,LAKE ORION PD,LAKE ORION PD,City,MI,2022,2904,4,0,4,1,1,2,5,1,6,2.07
GA1120000,PICKENS CO SO JASPER,PICKENS CO SO JASPER,County,GA,2022,29912,54,2,56,9,9,18,63,11,74,2.47
KSKHP0000,KHP TROOP B TOPEKA,KHP TROOP B TOPEKA,State Police,KS,2022,0,25,2,27,4,3,7,29,5,34,
AL0550000,PIKE CO SO TROY,PIKE CO SO TROY,County,AL,2022,13431,22,14,36,1,8,9,23,22,45,3.35
AZ0030100,FLAGSTAFF PD,FLAGSTAFF PD,City,AZ,2022,77018,90,7,97,4,38,42,94,45,139,1.80
PA0620600,YOUNGSVILLE PD,YOUNGSVILLE PD,City,PA,2022,1697,2,0,2,0,0,0,2,0,2,1.18
SC0080200,BONNEAU PD,BONNEAU PD,City,SC,2022,419,1,0,1,0,0,0,1,0,1,2.39
MA0093800,SHIRLEY PD,SHIRLEY PD,City,MA,2022,7228,8,0,8,3,2,5,11,2,13,1.80
NM0190300,CLOUDCROFT PD,CLOUDCROFT PD,City,NM,2022,786,4,0,4,0,0,0,4,0,4,5.09
PA0430200,GREENVILLE PD,GREENVILLE PD,City,PA,2022,8683,9,0,9,0,1,1,9,1,10,1.15
PA0352300,MOOSIC PD,MOOSIC PD,City,PA,2022,5991,11,0,11,0,0,0,11,0,11,1.84
NH0062600,HOLLIS,HOLLIS,City,NH,2022,8661,14,2,16,2,1,3,16,3,19,2.19
NJ0022700,HILLSDALE PD,HILLSDALE PD,City,NJ,2022,10011,22,0,22,2,1,3,24,1,25,2.50
VAMWA0000,METRO WASHINGTON AIRPRT AUTH NATL DIV ARLINGTON,METRO WASHINGTON AIRPRT AUTH NATL DIV ARLINGTON,Other,VA,2022,0,169,29,198,49,27,76,218,56,274,
AR0040700,GRAVETTE PD,GRAVETTE PD,City,AR,2022,3721,11,0,11,1,1,2,12,1,13,3.49
MI1989100,CAPITAL REGION AIRPORT AUTHORITY LANSING,CAPITAL REGION AIRPORT AUTHORITY LANSING,Other,MI,2022,0,8,0,8,2,0,2,10,0,10,
OR0060500,MYRTLE POINT,MYRTLE POINT,City,OR,2022,2499,5,0,5,0,1,1,5,1,6,2.40
MI2249200,IRON MOUNTAIN PD,IRON MOUNTAIN PD,City,MI,2022,7425,14,0,14,0,1,1,14,1,15,2.02
WA0200100,GOLDENDALE PD,GOLDENDALE PD,City,WA,2022,3551,6,0,6,1,2,3,7,2,9,2.53
CT0002700,CLINTON PD,CLINTON PD,City,CT,2022,13566,25,6,31,2,4,6,27,10,37,2.73
AL0410600,ROGERSVILLE PD,ROGERSVILLE PD,City,AL,2022,1370,6,0,6,0,0,0,6,0,6,4.38
CA0130400,EL CENTRO PD,EL CENTRO PD,City,CA,2022,44076,41,5,46,2,25,27,43,30,73,1.66
OH0850400,APPLE CREEK,APPLE CREEK,City,OH,2022,1194,4,0,4,0,0,0,4,0,4,3.35
KS0891900,USD: SHAWNEE HEIGHTS,USD: SHAWNEE HEIGHTS,Other,KS,2022,0,2,0,2,0,0,0,2,0,2,
SD0630200,ELK POINT PD,ELK POINT PD,City,SD,2022,2113,5,0,5,0,0,0,5,0,5,2.37
NY0335300,DEWITT TOWN PD EAST SYRACUSE,DEWITT TOWN PD EAST SYRACUSE,City,NY,2022,25623,32,1,33,9,3,12,41,4,45,1.76
SC0120200,GREAT FALLS PD,GREAT FALLS PD,City,SC,2022,1935,4,0,4,0,1,1,4,1,5,2.58
TX0280000,CALDWELL CO SO LOCKHART,CALDWELL CO SO LOCKHART,County,TX,2022,25787,33,27,60,2,25,27,35,52,87,3.37
NY0590900,MAMARONECK VILLAGE PD MAMARONECK,MAMARONECK VILLAGE PD MAMARONECK,City,NY,2022,19674,44,4,48,5,3,8,49,7,56,2.85
CO0340300,IGNACIO,IGNACIO,City,CO,2022,863,8,0,8,0,0,0,8,0,8,9.27
FL0640300,NEW SMYRNA BEACH PD,NEW SMYRNA BEACH PD,City,FL,2022,31839,30,9,39,12,16,28,42,25,67,2.10
PA0260200,CONNELLSVILLE,CONNELLSVILLE,City,PA,2022,6798,15,0,15,0,1,1,15,1,16,2.35
MI2142400,GLADSTONE PD,GLADSTONE PD,City,MI,2022,5246,10,0,10,2,1,3,12,1,13,2.48
MS0740000,WALTHALL CO SO TYLERTOWN,WALTHALL CO SO TYLERTOWN,County,MS,2022,12384,13,9,22,1,6,7,14,15,29,2.34
TN0660100,UNION CITY PD,UNION CITY PD,City,TN,2022,10996,33,0,33,2,8,10,35,8,43,3.91
WI0180100,EAU CLAIRE PD,EAU CLAIRE PD,City,WI,2022,69569,82,6,88,12,42,54,94,48,142,2.04
KS0580100,HILLSBORO PD,HILLSBORO PD,City,KS,2022,2724,5,0,5,0,0,0,5,0,5,1.84
CA0194200,LOS ANGELES PD,LOS ANGELES PD,City,CA,2022,3809182,7506,1120,8626,1720,1548,3268,9226,2668,11894,3.12
OK0460100,CHECOTAH,CHECOTAH,City,OK,2022,3077,8,0,8,1,3,4,9,3,12,3.90
AR0430300,CARLISLE PD,CARLISLE PD,City,AR,2022,1991,3,2,5,2,2,4,5,4,9,4.52
OK0430000,LOVE,LOVE,County,OK,2022,7051,11,0,11,2,1,3,13,1,14,1.99
WI0670500,SLINGER PD,SLINGER PD,City,WI,2022,6201,13,0,13,0,1,1,13,1,14,2.26
FL0062300,NORTH LAUDERDALE PD,NORTH LAUDERDALE PD,City,FL,2022,43807,50,1,51,10,6,16,60,7,67,1.53
AL0070200,BRENT PD,BRENT PD,City,AL,2022,2995,6,0,6,0,0,0,6,0,6,2.00
NC0100000,BRUNSWICK CO SO BOLIVIA,BRUNSWICK CO SO BOLIVIA,County,NC,2022,89415,155,59,214,33,78,111,188,137,325,3.63
WI0371300,EVEREST METROPOLITAN POLICE DEPARTMENT,EVEREST METROPOLITAN POLICE DEPARTMENT,City,WI,2022,17819,27,0,27,3,3,6,30,3,33,1.85
WI0410200,BROWN DEER PD,BROWN DEER PD,City,WI,2022,12817,25,1,26,5,2,7,30,3,33,2.57
MA0091200,CARLISLE PD,CARLISLE PD,City,MA,2022,5149,9,4,13,1,0,1,10,4,14,2.72
MI8356900,MANTON PD,MANTON PD,City,MI,2022,1378,1,0,1,0,0,0,1,0,1,0.73
NJ0025500,ROCKLEIGH PD,ROCKLEIGH PD,City,NJ,2022,395,15,0,15,0,0,0,15,0,15,37.97
NB0620100,BAYARD PD,BAYARD PD,City,NB,2022,1139,3,0,3,0,0,0,3,0,3,2.63
MI1161100,NEW BUFFALO PD,NEW BUFFALO PD,City,MI,2022,1680,6,0,6,1,1,2,7,1,8,4.76
AL0230100,ANDALUSIA PD,ANDALUSIA PD,City,AL,2022,8699,24,4,28,2,6,8,26,10,36,4.14
PA0466000,EAST GREENVILLE-PENNSBURG AREA PD PENNSBURG,EAST GREENVILLE-PENNSBURG AREA PD PENNSBURG,City,PA,2022,3963,6,0,6,0,0,0,6,0,6,1.51
MO0280100,BOURBON,BOURBON,City,MO,2022,1543,4,0,4,0,0,0,4,0,4,2.59
CO0590100,BRECKENRIDGE,BRECKENRIDGE,City,CO,2022,4953,11,1,12,5,3,8,16,4,20,4.04
NY0082200,GREEN VILLAGE PD GREENE,GREEN VILLAGE PD GREENE,City,NY,2022,1448,1,0,1,0,0,0,1,0,1,0.69
NY0572600,HUDSON FALLS VILLAGE PD HUDSON FALLS,HUDSON FALLS VILLAGE PD HUDSON FALLS,City,NY,2022,7370,10,0,10,1,0,1,11,0,11,1.49
TX0910100,COLLINSVILLE PD,COLLINSVILLE PD,City,TX,2022,1993,5,0,5,0,0,0,5,0,5,2.51
CA0379700,UNIV OF CALIFORNIA PD LAJOLLA,UNIV OF CALIFORNIA PD LAJOLLA,University or College,CA,2022,0,34,18,52,2,20,22,36,38,74,
ME0140000,WALDO CO SO BELFAST,WALDO CO SO BELFAST,County,ME,2022,29990,23,14,37,0,5,5,23,19,42,1.40
TX1701900,MONTGOMERY COUNTY CONSTABLE'S OFFICE,MONTGOMERY COUNTY CONSTABLE'S OFFICE,Other,TX,2022,0,40,0,40,7,3,10,47,3,50,
FL0060700,POMPANO BEACH PD,POMPANO BEACH PD,City,FL,2022,110733,211,8,219,29,22,51,240,30,270,2.44
NY0362200,MEDINA VILLAGE PD MEDINA,MEDINA VILLAGE PD MEDINA,City,NY,2022,5978,13,0,13,0,1,1,13,1,14,2.34
NC0840700,BADIN POLICE DEPARTMENT BADIN,BADIN POLICE DEPARTMENT BADIN,City,NC,2022,2049,2,0,2,0,0,0,2,0,2,0.98
VA0910000,SUSSEX CO SO STONY CREEK,SUSSEX CO SO STONY CREEK,County,VA,2022,10795,29,0,29,15,7,22,44,7,51,4.72
NC0530100,SANFORD PD,SANFORD PD,City,NC,2022,31083,60,5,65,4,16,20,64,21,85,2.73
KS0960400,CALDWELL PD,CALDWELL PD,City,KS,2022,1015,2,0,2,1,0,1,3,0,3,2.96
IN0410200,FRANKLIN PD,FRANKLIN PD,City,IN,2022,25714,50,3,53,2,5,7,52,8,60,2.33
TX1700700,ROMAN FOREST PD NEW CANEY,ROMAN FOREST PD NEW CANEY,City,TX,2022,1963,8,0,8,2,2,4,10,2,12,6.11
PA0061300,MUHLENBERG TWP PD READING,MUHLENBERG TWP PD READING,City,PA,2022,21986,31,2,33,0,0,0,31,2,33,1.50
AL0032900,,,University or College,AL,2022,0,8,0,8,0,1,1,8,1,9,
FL0510400,PORT RICHEY PD,PORT RICHEY PD,City,FL,2022,3354,15,3,18,2,4,6,17,7,24,7.16
ME0091000,OXFORD PD OXFORD,OXFORD PD OXFORD,City,ME,2022,4309,8,0,8,0,1,1,8,1,9,2.09
MI5040900,FRASER PD,FRASER PD,City,MI,2022,14458,26,0,26,4,1,5,30,1,31,2.14
IL0371000,ORION PD,ORION PD,City,IL,2022,1732,2,0,2,0,0,0,2,0,2,1.15
SD0660100,YANKTON PD,YANKTON PD,City,SD,2022,15507,23,1,24,5,1,6,28,2,30,1.93
CO0010500,WESTMINSTER,WESTMINSTER,City,CO,2022,112844,155,22,177,17,54,71,172,76,248,2.20
PA0391200,MACUNGIE PD,MACUNGIE PD,City,PA,2022,3243,5,0,5,0,0,0,5,0,5,1.54
WA0310100,ARLINGTON PD,ARLINGTON PD,City,WA,2022,20176,26,0,26,3,5,8,29,5,34,1.69
WI0130800,UNIVERSITY OF WISCONSIN MADISON POLICE DEPART,UNIVERSITY OF WISCONSIN MADISON POLICE DEPART,University or College,WI,2022,0,48,42,90,12,24,36,60,66,126,
MD0030000,BALTIMORE CO SO TOWSON,BALTIMORE CO SO TOWSON,County,MD,2022,0,62,2,64,5,11,16,67,13,80,
AR0340600,SWIFTON POLICE DEPARTMENT,SWIFTON POLICE DEPARTMENT,City,AR,2022,742,1,0,1,1,0,1,2,0,2,2.70
GA1560100,ABBEVILLE PD,ABBEVILLE PD,City,GA,2022,2663,4,0,4,0,1,1,4,1,5,1.88
AR0380400,RAVENDEN POLICE DEPARTMENT,RAVENDEN POLICE DEPARTMENT,City,AR,2022,428,1,0,1,0,0,0,1,0,1,2.34
CA0260000,MONO CO SO BRIDGEPORT,MONO CO SO BRIDGEPORT,County,CA,2022,5978,30,2,32,8,3,11,38,5,43,7.19
TX2462800,,,Other,TX,2022,0,6,0,6,2,0,2,8,0,8,
WA0380300,PULLMAN PD PULLMAN,PULLMAN PD PULLMAN,City,WA,2022,32848,25,3,28,5,8,13,30,11,41,1.25
WADI07000,LAPUSH POLICE DEPARTMENT LA PUSH,LAPUSH POLICE DEPARTMENT LA PUSH,Tribal,WA,2022,0,7,0,7,0,0,0,7,0,7,
MA0011200,SANDWICH PD,SANDWICH PD,City,MA,2022,21013,30,3,33,4,7,11,34,10,44,2.09
MI1750800,KINROSS TOWNSHIP PD KINROSS,KINROSS TOWNSHIP PD KINROSS,City,MI,2022,5986,2,0,2,0,0,0,2,0,2,0.33
MI8245800,HARPER WOODS PD,HARPER WOODS PD,City,MI,2022,15100,22,1,23,0,4,4,22,5,27,1.79
NJ0151000,ISLAND HEIGHTS PD,ISLAND HEIGHTS PD,City,NJ,2022,1702,5,0,5,1,0,1,6,0,6,3.53
AL0380300,GORDON PD,GORDON PD,City,AL,2022,293,1,0,1,0,0,0,1,0,1,3.41
MT0480000,STILLWATER CO SO COLUMBUS,STILLWATER CO SO COLUMBUS,County,MT,2022,7215,13,1,14,1,9,10,14,10,24,3.33
OH0252700,OH STATE UNIV: COLUMBUS,OH STATE UNIV: COLUMBUS,University or College,OH,2022,0,52,3,55,14,2,16,66,5,71,
GA0860100,LAKELAND PD,LAKELAND PD,City,GA,2022,2726,8,0,8,1,2,3,9,2,11,4.04
OH0600300,DRESDEN,DRESDEN,City,OH,2022,1655,1,0,1,1,0,1,2,0,2,1.21
TX1520600,TEXAS TECH POLICE DEPARTMENT,TEXAS TECH POLICE DEPARTMENT,University or College,TX,2022,0,57,59,116,9,28,37,66,87,153,
CA0334900,,,City,CA,2022,109673,66,3,69,12,22,34,78,25,103,0.94
PA0094500,WARRINGTON TWP PD WARRINGTON,WARRINGTON TWP PD WARRINGTON,City,PA,2022,25899,33,0,33,5,2,7,38,2,40,1.54
TX1620000,MAVERICK CO SO EAGLE PASS,MAVERICK CO SO EAGLE PASS,County,TX,2022,29808,42,7,49,19,7,26,61,14,75,2.52
NC0950400,SEVEN DEVILS PD BANNER ELK,SEVEN DEVILS PD BANNER ELK,City,NC,2022,325,6,0,6,0,0,0,6,0,6,18.46
IA0570200,MARION PD,MARION PD,City,IA,2022,41793,40,1,41,5,11,16,45,12,57,1.36
MN0310500,NASHWAUK PD,NASHWAUK PD,City,MN,2022,962,4,0,4,0,0,0,4,0,4,4.16
OK0251300,STRATFORD,STRATFORD,City,OK,2022,1414,3,0,3,1,0,1,4,0,4,2.83
IL0030000,BOND CO SO GREENVILLE,BOND CO SO GREENVILLE,County,IL,2022,8478,12,6,18,0,5,5,12,11,23,2.71
CA0540700,VISALIA PD,VISALIA PD,City,CA,2022,144137,130,14,144,17,57,74,147,71,218,1.51
PA0470200,MAHONING TWP PD DANVILLE,MAHONING TWP PD DANVILLE,City,PA,2022,4588,6,0,6,1,1,2,7,1,8,1.74
KY0330200,RAVENNA PD,RAVENNA PD,City,KY,2022,559,1,0,1,0,0,0,1,0,1,1.79
FL0640400,ORMOND BEACH PD,ORMOND BEACH PD,City,FL,2022,43860,56,7,63,13,12,25,69,19,88,2.01
WA0390100,GRANDVIEW PD,GRANDVIEW PD,City,WA,2022,10901,17,0,17,0,5,5,17,5,22,2.02
PA0029500,VERSAILLES,VERSAILLES,City,PA,2022,1439,2,0,2,0,0,0,2,0,2,1.39
WA0380700,GARFIELD PD,GARFIELD PD,City,WA,2022,566,1,0,1,0,0,0,1,0,1,1.77
SC0150000,COLLETON CO SO WALTERBORO,COLLETON CO SO WALTERBORO,County,SC,2022,31448,43,10,53,8,47,55,51,57,108,3.43
SC0450200,KINGSTREE PD,KINGSTREE PD,City,SC,2022,3122,7,0,7,3,1,4,10,1,11,3.52
MI3237600,ELKTON PD,ELKTON PD,City,MI,2022,791,1,0,1,0,0,0,1,0,1,1.26
MO0730400,SENECA,SENECA,City,MO,2022,2290,7,0,7,0,0,0,7,0,7,3.06
KY0670000,LETCHER CO SO WHITESBURG,LETCHER CO SO WHITESBURG,County,KY,2022,17018,6,0,6,1,1,2,7,1,8,0.47
SC0040300,HONEA PATH PD,HONEA PATH PD,City,SC,2022,3793,11,0,11,2,1,3,13,1,14,3.69
SC031SP00,HP: LEE COUNTY,HP: LEE COUNTY,State Police,SC,2022,0,1,0,1,0,0,0,1,0,1,
WV0510000,WEBSTER CO SO WEBSTER SPRINGS,WEBSTER CO SO WEBSTER SPRINGS,County,WV,2022,7459,4,0,4,0,2,2,4,2,6,0.80
COCSP0000,COLORADO STATE PATROL,COLORADO STATE PATROL,State Police,CO,2022,0,647,160,807,62,210,272,709,370,1079,
KS0700500,OVERBROOK PD,OVERBROOK PD,City,KS,2022,996,1,0,1,0,0,0,1,0,1,1.00
PA0230500,CLIFTON HEIGHTS PD,CLIFTON HEIGHTS PD,City,PA,2022,6760,12,0,12,0,1,1,12,1,13,1.92
IA0440000,HENRY CO SO MT PLEASANT,HENRY CO SO MT PLEASANT,County,IA,2022,11421,13,0,13,0,9,9,13,9,22,1.93
TN0040100,PIKEVILLE PD,PIKEVILLE PD,City,TN,2022,1889,4,0,4,0,0,0,4,0,4,2.12
CA0240400,LIVINGSTON PD,LIVINGSTON PD,City,CA,2022,14897,15,1,16,2,5,7,17,6,23,1.54
GA0600500,ROSWELL PD,ROSWELL PD,City,GA,2022,92550,129,7,136,27,35,62,156,42,198,2.14
OK0380000,KIOWA,KIOWA,County,OK,2022,2725,8,0,8,3,1,4,11,1,12,4.40
SC004NR00,DNR: ANDERSON COUNTY,DNR: ANDERSON COUNTY,Other State Agency,SC,2022,0,6,0,6,0,0,0,6,0,6,
IL0491200,LAKE ZURICH PD,LAKE ZURICH PD,City,IL,2022,19571,27,4,31,4,12,16,31,16,47,2.40
TX2470000,WILSON COUNTY SHERIFFS OFFICE,WILSON COUNTY SHERIFFS OFFICE,County,TX,2022,41767,30,18,48,6,19,25,36,37,73,1.75
AR0710000,VAN BUREN CO SO CLINTON,VAN BUREN CO SO CLINTON,County,AR,2022,10971,16,0,16,2,2,4,18,2,20,1.82
FL0430300,SEWALLS POINT POLICE DEPARTMENT,SEWALLS POINT POLICE DEPARTMENT,City,FL,2022,2046,6,0,6,3,1,4,9,1,10,4.89
MO0350800,HOLCOMB,HOLCOMB,City,MO,2022,599,1,0,1,0,0,0,1,0,1,1.67
NH0053000,GRAFTON,GRAFTON,City,NH,2022,1414,1,0,1,0,0,0,1,0,1,0.71
UT0251100,SANTAQUIN PD,SANTAQUIN PD,City,UT,2022,18616,15,0,15,0,2,2,15,2,17,0.91
MA0112100,RANDOLPH PD,RANDOLPH PD,City,MA,2022,32477,52,6,58,5,4,9,57,10,67,2.06
CA0580000,YUBA CO SO MARYSVILLE,YUBA CO SO MARYSVILLE,County,CA,2022,68517,102,8,110,28,30,58,130,38,168,2.45
NJ0150200,BAY HEAD PD,BAY HEAD PD,City,NJ,2022,967,9,0,9,0,1,1,9,1,10,10.34
MN0691400,VIRGINIA PD,VIRGINIA PD,City,MN,2022,8276,20,1,21,3,2,5,23,3,26,3.14
MN0650200,,,City,MN,2022,1004,1,0,1,0,0,0,1,0,1,1.00
NY0382400,COOPERSTOWN VILLAGE PD COOPERSTOWN,COOPERSTOWN VILLAGE PD COOPERSTOWN,City,NY,2022,1863,3,0,3,0,0,0,3,0,3,1.61
MN0270000,HENNEPIN CO SO MINNEAPOLIS,HENNEPIN CO SO MINNEAPOLIS,County,MN,2022,7451,259,282,541,54,248,302,313,530,843,113.14
NM0050000,CURRY CO SO CLOVIS,CURRY CO SO CLOVIS,County,NM,2022,8990,9,7,16,3,5,8,12,12,24,2.67
TX0920400,KILGORE PD,KILGORE PD,City,TX,2022,13419,31,3,34,3,11,14,34,14,48,3.58
KY0040000,BALLARD CO SO WICKLIFFE,BALLARD CO SO WICKLIFFE,County,KY,2022,6804,8,0,8,1,2,3,9,2,11,1.62
MT0510000,TOOLE CO SO SHELBY,TOOLE CO SO SHELBY,County,MT,2022,5058,11,4,15,2,4,6,13,8,21,4.15
KY0590700,LUDLOW PD,LUDLOW PD,City,KY,2022,4339,11,1,12,0,0,0,11,1,12,2.77
WI0050800,ASHWAUBENON PD GREEN BAY,ASHWAUBENON PD GREEN BAY,City,WI,2022,16833,47,1,48,3,5,8,50,6,56,3.33
NC0600600,HUNTERSVILLE PD,HUNTERSVILLE PD,City,NC,2022,62105,80,1,81,14,10,24,94,11,105,1.69
MA0144500,SOUTHBRIDGE PD,SOUTHBRIDGE PD,City,MA,2022,17687,36,3,39,3,10,13,39,13,52,2.94
WV0330100,BERKELEY SPRINGS PD,BERKELEY SPRINGS PD,City,WV,2022,754,2,0,2,0,1,1,2,1,3,3.98
IN0440000,LAGRANGE CO SO LAGRANGE,LAGRANGE CO SO LAGRANGE,County,IN,2022,40570,19,27,46,2,14,16,21,41,62,1.53
TX1810200,ORANGE PD,ORANGE PD,City,TX,2022,19056,39,3,42,3,13,16,42,16,58,3.04
VA0580300,CLARKSVILLE PD,CLARKSVILLE PD,City,VA,2022,1291,6,0,6,1,1,2,7,1,8,6.20
SC0010100,ABBEVILLE PD,ABBEVILLE PD,City,SC,2022,4868,16,0,16,1,1,2,17,1,18,3.70
SD0120100,CLARK PD,CLARK PD,City,SD,2022,1139,2,0,2,0,0,0,2,0,2,1.76
PA0640500,COUNTY DET: WAYNE COUNTY,COUNTY DET: WAYNE COUNTY,Other,PA,2022,0,3,0,3,1,0,1,4,0,4,
MN0020100,ANOKA PD,ANOKA PD,City,MN,2022,17864,29,3,32,2,7,9,31,10,41,2.30
NH0064600,NASHUA PD,NASHUA PD,City,NH,2022,91027,153,19,172,14,37,51,167,56,223,2.45
UT0061200,SYRACUSE PD LAYTON,SYRACUSE PD LAYTON,City,UT,2022,34354,21,0,21,2,2,4,23,2,25,0.73
NH0081800,EAST KINGSTON PD,EAST KINGSTON PD,City,NH,2022,2427,5,0,5,0,1,1,5,1,6,2.47
AL0340300,HARTFORD PD,HARTFORD PD,City,AL,2022,2666,9,1,10,1,3,4,10,4,14,5.25
OH0800000,UNION,UNION,County,OH,2022,32234,43,3,46,3,20,23,46,23,69,2.14
CA0151100,CALIFORNIA CITY PD,CALIFORNIA CITY PD,City,CA,2022,15138,13,3,16,1,10,11,14,13,27,1.78
NY237UN00,SUNY COLLEGE: OSWEGO,SUNY COLLEGE: OSWEGO,University or College,NY,2022,0,14,3,17,1,2,3,15,5,20,
RI0040800,PAWTUCKET PD,PAWTUCKET PD,City,RI,2022,74967,141,11,152,16,22,38,157,33,190,2.53
LA0280000,LAFAYETTE CO SO LAFAYETTE,LAFAYETTE CO SO LAFAYETTE,County,LA,2022,71794,330,125,455,74,199,273,404,324,728,10.14
MN0110200,,,City,MN,2022,958,3,0,3,0,0,0,3,0,3,3.13
NY0595400,HARRISON TOWN PD HARRISON,HARRISON TOWN PD HARRISON,City,NY,2022,28928,64,5,69,7,7,14,71,12,83,2.87
AL0550300,TROY STATE UNIVERSITY CAMPUS POLICE TROY,TROY STATE UNIVERSITY CAMPUS POLICE TROY,University or College,AL,2022,0,11,1,12,1,3,4,12,4,16,
OH0311200,FOREST PARK,FOREST PARK,City,OH,2022,19824,29,0,29,5,7,12,34,7,41,2.07
CA0196100,SAN FERNANDO PD,SAN FERNANDO PD,City,CA,2022,23501,25,6,31,4,8,12,29,14,43,1.83
MO1110000,WASHINGTON,WASHINGTON,County,MO,2022,20969,16,7,23,1,6,7,17,13,30,1.43
SC018FC00,FC: DORCHESTER COUNTY,FC: DORCHESTER COUNTY,Other State Agency,SC,2022,0,1,0,1,0,0,0,1,0,1,
IL0991700,ELWOOD PD,ELWOOD PD,City,IL,2022,2208,13,1,14,1,0,1,14,1,15,6.79
CT0007200,,,City,CT,2022,15340,20,4,24,3,5,8,23,9,32,2.09
IL0780000,PUTNAM CO SO HENNEPIN,PUTNAM CO SO HENNEPIN,County,IL,2022,3924,9,1,10,0,5,5,9,6,15,3.82
KY0650000,LEE CO SO BEATTYVILLE,LEE CO SO BEATTYVILLE,County,KY,2022,5473,2,1,3,0,0,0,2,1,3,0.55
LA0580200,NEW LLANO PD,NEW LLANO PD,City,LA,2022,2056,4,0,4,0,4,4,4,4,8,3.89
NJ0201900,UNION PD,UNION PD,City,NJ,2022,59622,130,29,159,13,30,43,143,59,202,3.39
OK0250900,MAYSVILLE,MAYSVILLE,City,OK,2022,1091,2,0,2,1,1,2,3,1,4,3.67
NJ0040300,BARRINGTON PD,BARRINGTON PD,City,NJ,2022,7013,16,1,17,1,1,2,17,2,19,2.71
IL0168C00,BURBANK PD,BURBANK PD,City,IL,2022,28271,36,8,44,2,9,11,38,17,55,1.95
TX0950300,,,City,TX,2022,972,2,2,4,0,0,0,2,2,4,4.12
AL0640100,JASPER PD,JASPER PD,City,AL,2022,14312,38,5,43,4,13,17,42,18,60,4.19
MA007049E,SPRINGFIELD COLLEGE CAMPUS POLICE,SPRINGFIELD COLLEGE CAMPUS POLICE,University or College,MA,2022,0,15,4,19,4,6,10,19,10,29,
LA0260000,JEFFERSON PARISH SHERIFFS OFFICE,JEFFERSON PARISH SHERIFFS OFFICE,County,LA,2022,326226,632,128,760,218,298,516,850,426,1276,3.91
TX1790100,PERRYTON POLICE DEPT,PERRYTON POLICE DEPT,City,TX,2022,8143,9,0,9,2,7,9,11,7,18,2.21
PA0043900,SOUTH BEAVER TWP PD BEAVER FALLS,SOUTH BEAVER TWP PD BEAVER FALLS,City,PA,2022,2637,5,0,5,0,0,0,5,0,5,1.90
IA0210100,SPENCER PD,SPENCER PD,City,IA,2022,11440,18,0,18,2,10,12,20,10,30,2.62
MI8052400,LAWTON PD,LAWTON PD,City,MI,2022,1850,4,0,4,0,0,0,4,0,4,2.16
MD0130100,ABERDEEN PD,ABERDEEN PD,City,MD,2022,17576,31,1,32,5,13,18,36,14,50,2.84
WA0240900,TWISP PD,TWISP PD,City,WA,2022,1070,3,0,3,0,0,0,3,0,3,2.80
TX0570200,BALCH SPRINGS PD BALCH SPRINGS,BALCH SPRINGS PD BALCH SPRINGS,City,TX,2022,26973,33,6,39,5,11,16,38,17,55,2.04
AZCCHPX00,AZ DEPT OF PUBLIC SAFETY,AZ DEPT OF PUBLIC SAFETY,State Police,AZ,2022,0,1045,370,1415,40,454,494,1085,824,1909,
KS0800200,STERLING PD,STERLING PD,City,KS,2022,2323,5,0,5,0,0,0,5,0,5,2.15
NY0460000,SCHENECTADY CO SHERIFF'S DEPARTMENT SCHENECTADY,SCHENECTADY CO SHERIFF'S DEPARTMENT SCHENECTADY,County,NY,2022,9122,17,2,19,1,4,5,18,6,24,2.63
MO0700300,WELLSVILLE,WELLSVILLE,City,MO,2022,1026,7,0,7,0,0,0,7,0,7,6.82
MI7377800,TITTABAWASEE TWP PD FREELAND,TITTABAWASEE TWP PD FREELAND,City,MI,2022,10855,6,0,6,1,1,2,7,1,8,0.74
FL0330100,MONTICELLO PD,MONTICELLO PD,City,FL,2022,2564,8,0,8,0,4,4,8,4,12,4.68
WA0230400,SHELTON PD,SHELTON PD,City,WA,2022,11102,15,0,15,2,2,4,17,2,19,1.71
MA0021100,HINSDALE PD,HINSDALE PD,City,MA,2022,1905,3,0,3,2,0,2,5,0,5,2.62
MO0492100,ORONOGO,ORONOGO,City,MO,2022,2654,6,0,6,0,0,0,6,0,6,2.26
GA1410000,TROUP CO SO LA GRANGE,TROUP CO SO LA GRANGE,County,GA,2022,32194,68,32,100,11,34,45,79,66,145,4.50
ID0060200,BLACKFOOT PD,BLACKFOOT PD,City,ID,2022,12437,28,0,28,1,3,4,29,3,32,2.57
OR0130100,BURNS,BURNS,City,OR,2022,2786,3,1,4,1,0,1,4,1,5,1.79
IA0320000,EMMET CO SO ESTHERVILLE,EMMET CO SO ESTHERVILLE,County,IA,2022,3471,9,3,12,0,2,2,9,5,14,4.03
KY1070000,SIMPSON CO SO FRANKLIN,SIMPSON CO SO FRANKLIN,County,KY,2022,9630,17,6,23,2,0,2,19,6,25,2.60
CT0010900,PLAINFIELD PD,PLAINFIELD PD,City,CT,2022,14971,14,3,17,3,2,5,17,5,22,1.47
ID0060000,BINGHAM CO SO BLACKFOOT,BINGHAM CO SO BLACKFOOT,County,ID,2022,31602,39,27,66,1,24,25,40,51,91,2.88
ME0151700,MILBRIDGE PD,MILBRIDGE PD,City,ME,2022,1358,1,0,1,0,0,0,1,0,1,0.74
PA0480600,LEHIGH TWP PD WALNUTPORT,LEHIGH TWP PD WALNUTPORT,City,PA,2022,10770,11,0,11,1,1,2,12,1,13,1.21
VA0390000,GREENE CO SO STANARDSVILLE,GREENE CO SO STANARDSVILLE,County,VA,2022,21426,29,3,32,5,16,21,34,19,53,2.47
MI7879700,VERNON PD,VERNON PD,City,MI,2022,719,1,0,1,0,0,0,1,0,1,1.39
FL0080200,PUNTA GORDA PD,PUNTA GORDA PD,City,FL,2022,20401,34,6,40,5,12,17,39,18,57,2.79
GA0600700,FAIRBURN PD,FAIRBURN PD,City,GA,2022,16710,35,2,37,7,7,14,42,9,51,3.05
MI8234300,DEARBORN PD,DEARBORN PD,City,MI,2022,107197,162,12,174,19,29,48,181,41,222,2.07
ND0050000,BOTTINEAU CO SO BOTTINEAU,BOTTINEAU CO SO BOTTINEAU,County,ND,2022,6470,9,3,12,0,5,5,9,8,17,2.63
VA0330000,FRANKLIN CO SO ROCKY MOUNT,FRANKLIN CO SO ROCKY MOUNT,County,VA,2022,50674,47,19,66,7,23,30,54,42,96,1.89
MI8279300,VAN BUREN TOWNSHIP PD BELLEVILLE,VAN BUREN TOWNSHIP PD BELLEVILLE,City,MI,2022,30103,41,3,44,2,11,13,43,14,57,1.89
MT0070000,CASCADE CO SO GREAT FALLS,CASCADE CO SO GREAT FALLS,County,MT,2022,24308,162,30,192,37,0,37,199,30,229,9.42
NB0270000,DODGE CO SO FREMONT,DODGE CO SO FREMONT,County,NB,2022,8760,19,0,19,1,4,5,20,4,24,2.74
OK0260000,GRADY,GRADY,County,OK,2022,25257,32,2,34,2,10,12,34,12,46,1.82
SD0110400,YANKTON TRIBAL PD WAGNER,YANKTON TRIBAL PD WAGNER,Tribal,SD,2022,0,4,9,13,1,11,12,5,20,25,
NJ0041600,HADDON TWP PD WESTMONT,HADDON TWP PD WESTMONT,City,NJ,2022,15358,21,1,22,3,0,3,24,1,25,1.63
TX1551600,MCLENNAN COMMUNITY COLLEGE PD,MCLENNAN COMMUNITY COLLEGE PD,University or College,TX,2022,0,8,4,12,2,2,4,10,6,16,
NH0090400,DOVER PD,DOVER PD,City,NH,2022,33453,36,13,49,7,15,22,43,28,71,2.12
OR010120X,LIQUOR COMM: DOUGLAS CTY,LIQUOR COMM: DOUGLAS CTY,Other State Agency,OR,2022,0,1,0,1,0,0,0,1,0,1,
TN0260600,HUNTLAND PD,HUNTLAND PD,City,TN,2022,895,3,0,3,0,0,0,3,0,3,3.35
WA0020100,CLARKSTON PD,CLARKSTON PD,City,WA,2022,7267,14,2,16,0,1,1,14,3,17,2.34
PA0370000,LAWRENCE CO SO NEW CASTLE,LAWRENCE CO SO NEW CASTLE,County,PA,2022,0,13,0,13,2,5,7,15,5,20,
MS0800100,LOUISVILLE PD,LOUISVILLE PD,City,MS,2022,5963,16,0,16,5,12,17,21,12,33,5.53
NM0240000,SAN JUAN CO SO AZTEC,SAN JUAN CO SO AZTEC,County,NM,2022,60787,76,7,83,6,22,28,82,29,111,1.83
AL0500300,ARAB PD,ARAB PD,City,AL,2022,8550,27,4,31,1,3,4,28,7,35,4.09
IL0370400,CAMBRIDGE PD,CAMBRIDGE PD,City,IL,2022,2057,0,0,0,1,0,1,1,0,1,0.49
TX1250100,ALICE POLICE DEPT,ALICE POLICE DEPT,City,TX,2022,17727,31,4,35,3,7,10,34,11,45,2.54
SD0090100,BELLE FOURCHE PD,BELLE FOURCHE PD,City,SD,2022,5799,13,1,14,0,1,1,13,2,15,2.59
OK0570400,PAWHUSKA,PAWHUSKA,City,OK,2022,2924,7,1,8,1,4,5,8,5,13,4.45
NJ0149100,MORRIS CO PARK POLICE MORRISTOWN,MORRIS CO PARK POLICE MORRISTOWN,Other,NJ,2022,0,20,0,20,1,1,2,21,1,22,
AL0580800,MARGARET PD,MARGARET PD,City,AL,2022,5685,7,0,7,0,2,2,7,2,9,1.58
OR0150700,EAGLE POINT,EAGLE POINT,City,OR,2022,10035,11,0,11,1,2,3,12,2,14,1.40
VA0750300,PRINCE WILLIAM CO PD MANASSAS,PRINCE WILLIAM CO PD MANASSAS,County,VA,2022,479058,519,43,562,100,116,216,619,159,778,1.62
NJ0032100,MEDFORD TWP PD MEDFORD,MEDFORD TWP PD MEDFORD,City,NJ,2022,24447,36,0,36,3,4,7,39,4,43,1.76
UT0230100,TOOELE PD,TOOELE PD,City,UT,2022,38318,37,1,38,5,8,13,42,9,51,1.33
PA0010500,CUMBERLAND TOWNSHIP PD GETTYSBURG,CUMBERLAND TOWNSHIP PD GETTYSBURG,City,PA,2022,7064,10,0,10,0,0,0,10,0,10,1.42
SC0130100,CHERAW PD,CHERAW PD,City,SC,2022,4920,16,2,18,5,6,11,21,8,29,5.89
TX0810200,TEAGUE PD,TEAGUE PD,City,TX,2022,3497,6,0,6,1,0,1,7,0,7,2.00
ID0240000,GOODING CO SO GOODING,GOODING CO SO GOODING,County,ID,2022,8095,10,12,22,2,7,9,12,19,31,3.83
TX1750200,,,City,TX,2022,844,1,0,1,0,0,0,1,0,1,1.18
AL0260000,DALE CO SO OZARK,DALE CO SO OZARK,County,AL,2022,21093,25,12,37,6,9,15,31,21,52,2.47
SD0550000,SANBORN CO SO WOONSOCKET,SANBORN CO SO WOONSOCKET,County,SD,2022,2456,3,0,3,0,1,1,3,1,4,1.63
OH0184700,SEVEN HILLS,SEVEN HILLS,City,OH,2022,11516,17,0,17,1,1,2,18,1,19,1.65
WVWSP1400,STATE POLICE GRAFTON,STATE POLICE GRAFTON,State Police,WV,2022,0,4,0,4,0,1,1,4,1,5,
MN0360100,INTERNATIONAL FALLS PD,INTERNATIONAL FALLS PD,City,MN,2022,5657,12,0,12,0,0,0,12,0,12,2.12
MO0290000,DADE,DADE,County,MO,2022,6124,6,4,10,1,1,2,7,5,12,1.96
IL0140600,ALBERS,ALBERS,City,IL,2022,1090,1,0,1,0,1,1,1,1,2,1.83
OR0340100,BEAVERTON,BEAVERTON,City,OR,2022,98991,121,11,132,15,30,45,136,41,177,1.79
IL0210400,NEWMAN PD,NEWMAN PD,City,IL,2022,761,0,0,0,1,0,1,1,0,1,1.31
MN0710200,ELK RIVER PD,ELK RIVER PD,City,MN,2022,26519,33,1,34,2,7,9,35,8,43,1.62
AL0530000,PERRY CO SO MARION,PERRY CO SO MARION,County,AL,2022,3142,8,4,12,0,8,8,8,12,20,6.37
UT0060000,DAVIS CO SO FARMINGTON,DAVIS CO SO FARMINGTON,County,UT,2022,28261,72,112,184,10,95,105,82,207,289,10.23
TN0500700,ETHRIDGE POLICE DEPARTMENT ETHRIDGE,ETHRIDGE POLICE DEPARTMENT ETHRIDGE,City,TN,2022,548,1,0,1,0,1,1,1,1,2,3.65
WVWSP0600,STATE POLICE QUINCY,STATE POLICE QUINCY,State Police,WV,2022,0,6,0,6,0,1,1,6,1,7,
KS0740000,PHILLIPS CO SO PHILLIPSBURG,PHILLIPS CO SO PHILLIPSBURG,County,KS,2022,4687,7,0,7,1,5,6,8,5,13,2.77
NM0030200,DEXTER PD,DEXTER PD,City,NM,2022,1065,4,0,4,0,1,1,4,1,5,4.69
ID0270000,JEROME CO SO JEROME,JEROME CO SO JEROME,County,ID,2022,12088,26,17,43,0,12,12,26,29,55,4.55
NH0100600,CLAREMONT PD,CLAREMONT PD,City,NH,2022,13153,16,2,18,2,5,7,18,7,25,1.90
RI0030600,LITTLE COMPTON PD,LITTLE COMPTON PD,City,RI,2022,3599,8,2,10,2,2,4,10,4,14,3.89
MD0240200,OCEAN CITY PD,OCEAN CITY PD,City,MD,2022,6957,100,8,108,15,20,35,115,28,143,20.55
TX0312800,,,Other,TX,2022,0,3,2,5,0,1,1,3,3,6,
WI0680800,OCONOMOWOC PD,OCONOMOWOC PD,City,WI,2022,18531,23,2,25,3,5,8,26,7,33,1.78
SC0420900,INMAN PD,INMAN PD,City,SC,2022,3111,12,0,12,0,0,0,12,0,12,3.86
AR0040100,BENTONVILLE PD,BENTONVILLE PD,City,AR,2022,58871,86,8,94,6,30,36,92,38,130,2.21
PA0380300,PALMYRA PD,PALMYRA PD,City,PA,2022,7714,10,0,10,1,1,2,11,1,12,1.56
NC0650200,WILMINGTON PD,WILMINGTON PD,City,NC,2022,119159,196,46,242,39,64,103,235,110,345,2.90
TX0220000,BREWSTER CO SO ALPINE,BREWSTER CO SO ALPINE,County,TX,2022,3634,16,0,16,3,1,4,19,1,20,5.50
IA0630100,KNOXVILLE PD,KNOXVILLE PD,City,IA,2022,7366,13,0,13,1,2,3,14,2,16,2.17
IL0166100,LINCOLNWOOD PD CHICAGO,LINCOLNWOOD PD CHICAGO,City,IL,2022,12946,26,4,30,7,3,10,33,7,40,3.09
IL0822000,FAIRMONT CITY PD,FAIRMONT CITY PD,City,IL,2022,2211,6,0,6,0,1,1,6,1,7,3.17
MI4421400,ALMONT PD,ALMONT PD,City,MI,2022,2843,5,0,5,2,0,2,7,0,7,2.46
CADIT0000,TULE RIVER TRIBAL,TULE RIVER TRIBAL,Tribal,CA,2022,0,4,1,5,1,5,6,5,6,11,
SC022SP00,HP: GEORGETOWN COUNTY,HP: GEORGETOWN COUNTY,State Police,SC,2022,0,6,0,6,0,3,3,6,3,9,
SC0240200,WARE SHOALS PD,WARE SHOALS PD,City,SC,2022,1696,5,0,5,1,0,1,6,0,6,3.54
IN0100200,CLARKSVILLE PD,CLARKSVILLE PD,City,IN,2022,21890,51,2,53,1,4,5,52,6,58,2.65
TX2410200,WHARTON PD,WHARTON PD,City,TX,2022,8627,16,1,17,3,8,11,19,9,28,3.25
PA0156500,KENNETT TOWNSHIP,KENNETT TOWNSHIP,City,PA,2022,9056,9,0,9,2,1,3,11,1,12,1.33
OK0080800,CARNEGIE,CARNEGIE,City,OK,2022,1428,6,4,10,0,4,4,6,8,14,9.80
CA0540100,DINUBA PD,DINUBA PD,City,CA,2022,25650,31,3,34,4,7,11,35,10,45,1.75
KS0700400,LYNDON PD,LYNDON PD,City,KS,2022,1061,1,0,1,0,0,0,1,0,1,0.94
NY0315400,LEWISTON POLICE DEPARTMENT,LEWISTON POLICE DEPARTMENT,City,NY,2022,15781,12,0,12,2,1,3,14,1,15,0.95
SD0660000,YANKTON CO SO YANKTON,YANKTON CO SO YANKTON,County,SD,2022,8003,10,9,19,0,13,13,10,22,32,4.00
SC0392600,STATE TRANSPORT POLICE,STATE TRANSPORT POLICE,Other State Agency,SC,2022,0,3,0,3,0,0,0,3,0,3,
TN0720300,GRAYSVILLE POLICEDEPARTMENT,GRAYSVILLE POLICEDEPARTMENT,City,TN,2022,1479,3,0,3,0,1,1,3,1,4,2.70
TX0720200,STEPHENVILLE PD,STEPHENVILLE PD,City,TX,2022,21505,34,6,40,4,13,17,38,19,57,2.65
MO0954700,MANCHESTER,MANCHESTER,City,MO,2022,18142,33,0,33,3,4,7,36,4,40,2.20
MI8281700,WESTLAND PD,WESTLAND PD,City,MI,2022,83763,65,10,75,8,15,23,73,25,98,1.17
WA0170900,MERCER ISLAND PD,MERCER ISLAND PD,City,WA,2022,25121,29,0,29,5,4,9,34,4,38,1.51
WI0050900,HOBART LAWRENCE POLICE DEPARTMENT,HOBART LAWRENCE POLICE DEPARTMENT,City,WI,2022,16948,13,0,13,1,0,1,14,0,14,0.83
FL0520300,CLEARWATER PD,CLEARWATER PD,City,FL,2022,116303,199,33,232,34,61,95,233,94,327,2.81
TX2490200,DECATUR PD,DECATUR PD,City,TX,2022,7147,22,0,22,3,8,11,25,8,33,4.62
IDDI01100,,,Tribal,ID,2022,0,2,0,2,0,0,0,2,0,2,
IL0530300,FAIRBURY PD,FAIRBURY PD,City,IL,2022,3585,8,0,8,0,0,0,8,0,8,2.23
WI0651600,WILLIAMS BAY PD,WILLIAMS BAY PD,City,WI,2022,3017,6,0,6,2,0,2,8,0,8,2.65
WADI06600,PORT GAMBLE S'KLALLAM TRIBAL POLICE DEPARTMENT,PORT GAMBLE S'KLALLAM TRIBAL POLICE DEPARTMENT,Tribal,WA,2022,0,15,0,15,2,0,2,17,0,17,
MI8046300,HARTFORD PD,HARTFORD PD,City,MI,2022,2483,5,0,5,0,0,0,5,0,5,2.01
VA0180000,CARROLL CO SO HILLSVILLE,CARROLL CO SO HILLSVILLE,County,VA,2022,26210,37,1,38,1,5,6,38,6,44,1.68
NY0323700,WHITESBORO VILLAGE PD WHITESBORO,WHITESBORO VILLAGE PD WHITESBORO,City,NY,2022,3599,5,0,5,0,0,0,5,0,5,1.39
OR0340800,NORTH PLAINS,NORTH PLAINS,City,OR,2022,3406,2,0,2,1,0,1,3,0,3,0.88
AL0410500,LEXINGTON PD,LEXINGTON PD,City,AL,2022,739,1,0,1,0,0,0,1,0,1,1.35
MO0200100,EL DORADO SPRINGS,EL DORADO SPRINGS,City,MO,2022,3579,7,0,7,0,4,4,7,4,11,3.07
MN0220500,WINNEBAGO PD,WINNEBAGO PD,City,MN,2022,1379,2,0,2,0,0,0,2,0,2,1.45
NY0512400,SAG HARBOR VILLAGE PD SAG HARBOR,SAG HARBOR VILLAGE PD SAG HARBOR,City,NY,2022,2792,9,0,9,3,1,4,12,1,13,4.66
KS0190200,ARMA PD,ARMA PD,City,KS,2022,1407,5,0,5,0,0,0,5,0,5,3.55
CT0013200,SOUTH WINDSOR PD,SOUTH WINDSOR PD,City,CT,2022,26695,37,9,46,8,6,14,45,15,60,2.25
TX1310000,KENEDY CO SO SARITA,KENEDY CO SO SARITA,County,TX,2022,336,10,1,11,0,5,5,10,6,16,47.62
WI0270000,JACKSON CO SO BLACK RIVER FALLS,JACKSON CO SO BLACK RIVER FALLS,County,WI,2022,17619,21,8,29,2,18,20,23,26,49,2.78
TX0600000,DELTA CO SO COOPER,DELTA CO SO COOPER,County,TX,2022,5589,5,5,10,5,6,11,10,11,21,3.76
TX1900600,,,City,TX,2022,1359,2,0,2,2,1,3,4,1,5,3.68
WA0321300,LIBERTY LAKE POLICE DEPARTMENT,LIBERTY LAKE POLICE DEPARTMENT,City,WA,2022,12897,17,0,17,1,2,3,18,2,20,1.55
MI7372000,SAINT CHARLES PD,SAINT CHARLES PD,City,MI,2022,1971,1,0,1,2,0,2,3,0,3,1.52
MN0170100,MOUNTAIN LAKE PD,MOUNTAIN LAKE PD,City,MN,2022,2009,4,0,4,0,0,0,4,0,4,1.99
NJ0010400,BUENA PD,BUENA PD,City,NJ,2022,4482,36,0,36,1,3,4,37,3,40,8.92
CA0302000,SEAL BEACH PD,SEAL BEACH PD,City,CA,2022,24665,35,12,47,4,9,13,39,21,60,2.43
FL0200000,GADSDEN CO SO QUINCY,GADSDEN CO SO QUINCY,County,FL,2022,26403,33,4,37,7,13,20,40,17,57,2.16
AR0530100,PERRYVILLE POLICE DEPARTMENT PERRYVILLE,PERRYVILLE POLICE DEPARTMENT PERRYVILLE,City,AR,2022,1383,6,0,6,0,0,0,6,0,6,4.34
PA0631700,CHARTIERS TOWNSHIP POLICE DEPARTMENT HOUSTON,CHARTIERS TOWNSHIP POLICE DEPARTMENT HOUSTON,City,PA,2022,9199,10,0,10,2,0,2,12,0,12,1.30
MO0480200,BUCKNER,BUCKNER,City,MO,2022,2896,5,0,5,1,1,2,6,1,7,2.42
IL0830000,SALINE CO SO HARRISBURG,SALINE CO SO HARRISBURG,County,IL,2022,9753,11,22,33,0,12,12,11,34,45,4.61
CA0100300,FIREBAUGH PD,FIREBAUGH PD,City,CA,2022,8126,11,0,11,2,5,7,13,5,18,2.22
PA0250100,CORRY PD,CORRY PD,City,PA,2022,6123,10,0,10,0,1,1,10,1,11,1.80
TX0520000,CRANE COUNTY SHERIFFS OFFICE,CRANE COUNTY SHERIFFS OFFICE,County,TX,2022,1235,9,10,19,0,3,3,9,13,22,17.81
WI0411300,SHOREWOOD,SHOREWOOD,City,WI,2022,13453,20,0,20,5,4,9,25,4,29,2.16
TX1400000,LAMB CO SO LITTLEFIELD,LAMB CO SO LITTLEFIELD,County,TX,2022,3275,7,9,16,3,8,11,10,17,27,8.24
LA0230300,NEW IBERIA PD,NEW IBERIA PD,City,LA,2022,27571,41,1,42,10,12,22,51,13,64,2.32
AR0420100,BOONEVILLE PD,BOONEVILLE PD,City,AR,2022,3826,9,1,10,0,3,3,9,4,13,3.40
OK0721200,TULSA COMMUNITY COLLEGE,TULSA COMMUNITY COLLEGE,University or College,OK,2022,0,53,4,57,10,10,20,63,14,77,
TX0711100,EL PASO COMMUNITY COLLEGE POLICE DEPARTMENT,EL PASO COMMUNITY COLLEGE POLICE DEPARTMENT,University or College,TX,2022,0,28,2,30,2,4,6,30,6,36,
SC0330000,MC CORMICK CO SO MC CORMICK,MC CORMICK CO SO MC CORMICK,County,SC,2022,7819,19,0,19,2,2,4,21,2,23,2.94
NC0750100,TRYON PD,TRYON PD,City,NC,2022,1584,7,1,8,0,1,1,7,2,9,5.68
MA0040300,AQUINNAH POLICE DEPARTMENT,AQUINNAH POLICE DEPARTMENT,City,MA,2022,465,4,0,4,0,0,0,4,0,4,8.60
WI0070300,,,City,WI,2022,707,2,0,2,1,0,1,3,0,3,4.24
TX0071300,,,Other,TX,2022,0,3,0,3,2,0,2,5,0,5,
MO1100300,WARRENTON,WARRENTON,City,MO,2022,9215,20,0,20,0,5,5,20,5,25,2.71
WV0340800,CENTRAL WEST VIRGINIA DRUG TASK FORCE,CENTRAL WEST VIRGINIA DRUG TASK FORCE,Other,WV,2022,0,1,0,1,0,1,1,1,1,2,
NJ0050900,SEA ISLE CITY PD,SEA ISLE CITY PD,City,NJ,2022,2135,21,6,27,1,3,4,22,9,31,14.52
CA0101100,PARLIER PD,PARLIER PD,City,CA,2022,14760,16,0,16,2,4,6,18,4,22,1.49
SC0380200,BRANCHVILLE PD,BRANCHVILLE PD,City,SC,2022,966,1,0,1,1,1,2,2,1,3,3.11
MA0111900,PLAINVILLE PD,PLAINVILLE PD,City,MA,2022,9921,22,0,22,1,1,2,23,1,24,2.42
CO0550100,CENTER,CENTER,City,CO,2022,1933,5,2,7,2,5,7,7,7,14,7.24
KS0360000,GREELEY CO SO TRIBUNE,GREELEY CO SO TRIBUNE,County,KS,2022,1334,3,0,3,1,4,5,4,4,8,6.00
CT0010100,NORTH HAVEN PD,NORTH HAVEN PD,City,CT,2022,24119,50,2,52,6,8,14,56,10,66,2.74
FL0260100,CLEWISTON PD,CLEWISTON PD,City,FL,2022,7534,14,1,15,2,5,7,16,6,22,2.92
PA0403900,WRIGHT TWP PD MOUNTAIN TOP,WRIGHT TWP PD MOUNTAIN TOP,City,PA,2022,5744,6,0,6,1,1,2,7,1,8,1.39
SC0210200,LAKE CITY PD,LAKE CITY PD,City,SC,2022,5946,18,0,18,7,4,11,25,4,29,4.88
UT0210100,RICHFIELD CITY PD,RICHFIELD CITY PD,City,UT,2022,8379,15,0,15,1,2,3,16,2,18,2.15
MD0020200,ANNE ARUNDEL COUNTY PD MILLERSVILLE,ANNE ARUNDEL COUNTY PD MILLERSVILLE,County,MD,2022,551995,661,52,713,103,159,262,764,211,975,1.77
CO0230100,GLENWOOD SPRINGS,GLENWOOD SPRINGS,City,CO,2022,10664,20,1,21,1,4,5,21,5,26,2.44
TN0940400,21ST JUDICIAL DIST DRUG/VIOLENT CRIME TASK FORC,21ST JUDICIAL DIST DRUG/VIOLENT CRIME TASK FORC,Other,TN,2022,0,1,0,1,0,0,0,1,0,1,
AR0720400,UNIV OF ARKANSAS PD FAYETTEVILLE,UNIV OF ARKANSAS PD FAYETTEVILLE,University or College,AR,2022,0,28,6,34,2,9,11,30,15,45,
IA0570100,CEDAR RAPIDS PD,CEDAR RAPIDS PD,City,IA,2022,135362,188,19,207,32,45,77,220,64,284,2.10
IN0480000,MADISON COUNTY PD ANDERSON,MADISON COUNTY PD ANDERSON,County,IN,2022,55671,39,40,79,3,21,24,42,61,103,1.85
MI3351900,LANSING PD,LANSING PD,City,MI,2022,112567,148,18,166,44,33,77,192,51,243,2.16
OH0792100,,,Other,OH,2022,0,16,0,16,0,0,0,16,0,16,
OK0720100,BROKEN ARROW,BROKEN ARROW,City,OK,2022,118683,135,22,157,20,35,55,155,57,212,1.79
NC0820000,SAMPSON CO SO CLINTON,SAMPSON CO SO CLINTON,County,NC,2022,50218,82,15,97,11,24,35,93,39,132,2.63
PA0152900,HONEY BROOK PD,HONEY BROOK PD,City,PA,2022,1898,1,0,1,0,0,0,1,0,1,0.53
MNDI05000,BU IND AFF DIV LAW ENF RED LAKE AGENCY RED LAKE,BU IND AFF DIV LAW ENF RED LAKE AGENCY RED LAKE,Tribal,MN,2022,0,29,1,30,5,14,19,34,15,49,
VA1085000,FRANKLIN PD,FRANKLIN PD,City,VA,2022,8292,18,1,19,3,6,9,21,7,28,3.38
VA1160400,CHRISTOPHER NEWPORT COMM COLL PD NEWPORT NEWS,CHRISTOPHER NEWPORT COMM COLL PD NEWPORT NEWS,University or College,VA,2022,0,18,6,24,2,9,11,20,15,35,
PA0441200,LEWISTOWN,LEWISTOWN,City,PA,2022,8495,13,0,13,1,1,2,14,1,15,1.77
PA0540000,SCHUYLKILL CO SO POTTSVILLE,SCHUYLKILL CO SO POTTSVILLE,County,PA,2022,0,14,0,14,4,4,8,18,4,22,
NY0370100,FULTON CITY PD FULTON,FULTON CITY PD FULTON,City,NY,2022,11292,30,0,30,4,1,5,34,1,35,3.10
SC0140100,MANNING PD,MANNING PD,City,SC,2022,3830,17,0,17,3,0,3,20,0,20,5.22
NJ0121800,PLAINSBORO PD,PLAINSBORO PD,City,NJ,2022,23798,34,6,40,1,5,6,35,11,46,1.93
WI0240000,GREEN LAKE CO SO GREEN LAKE,GREEN LAKE CO SO GREEN LAKE,County,WI,2022,10203,18,8,26,2,15,17,20,23,43,4.21
SC025NR00,DNR: HAMPTON COUNTY,DNR: HAMPTON COUNTY,Other State Agency,SC,2022,0,3,0,3,1,0,1,4,0,4,
SC0232600,STATE TRANSPORT POLICE,STATE TRANSPORT POLICE,Other State Agency,SC,2022,0,3,0,3,1,0,1,4,0,4,
PA0432600,SPR: MAURICE K. GODDARD,SPR: MAURICE K. GODDARD,Other State Agency,PA,2022,0,1,1,2,0,0,0,1,1,2,
IL0550000,MC DONOUGH CO SO MACOMB,MC DONOUGH CO SO MACOMB,County,IL,2022,7503,14,7,21,1,4,5,15,11,26,3.47
MO0750200,THAYER,THAYER,City,MO,2022,1861,8,3,11,0,1,1,8,4,12,6.45
NC0390000,GRANVILLE CO SO OXFORD,GRANVILLE CO SO OXFORD,County,NC,2022,40645,51,13,64,6,29,35,57,42,99,2.44
NC0090300,ELIZABETHTOWN PD,ELIZABETHTOWN PD,City,NC,2022,3115,12,0,12,2,1,3,14,1,15,4.82
TX1080900,MERCEDES PD,MERCEDES PD,City,TX,2022,16365,35,5,40,4,3,7,39,8,47,2.87
OH0572800,PERRY TOWNSHIP,PERRY TOWNSHIP,City,OH,2022,3256,5,0,5,1,0,1,6,0,6,1.84
CO0030300,SHERIDAN,SHERIDAN,City,CO,2022,5964,33,9,42,5,8,13,38,17,55,9.22
NC0580200,HOT SPRINGS PD,HOT SPRINGS PD,City,NC,2022,534,1,0,1,0,0,0,1,0,1,1.87
MN0272400,UNIV OF MN PD MINNEAPOLIS,UNIV OF MN PD MINNEAPOLIS,University or College,MN,2022,0,39,37,76,8,17,25,47,54,101,
CO0620100,FORT LUPTON,FORT LUPTON,City,CO,2022,8539,16,1,17,7,5,12,23,6,29,3.40
MI1511500,CHARLEVOIX CO SO CHARLEVOIX,CHARLEVOIX CO SO CHARLEVOIX,County,MI,2022,17725,23,11,34,0,6,6,23,17,40,2.26
MI2559800,MOUNT MORRIS PD,MOUNT MORRIS PD,City,MI,2022,3113,4,0,4,1,0,1,5,0,5,1.61
WI0380300,PESHTIGO PD,PESHTIGO PD,City,WI,2022,3362,5,0,5,1,0,1,6,0,6,1.78
PA0461800,MONTGOMERY TWP PD MONTGOMERYVILLE,MONTGOMERY TWP PD MONTGOMERYVILLE,City,PA,2022,26158,34,3,37,2,5,7,36,8,44,1.68
TX2410900,,,Other,TX,2022,0,3,0,3,0,3,3,3,3,6,
VA1200000,PORTSMOUTH PD,PORTSMOUTH PD,City,VA,2022,98003,129,16,145,31,39,70,160,55,215,2.19
MN0273200,DAYTON PD,DAYTON PD,City,MN,2022,9078,10,1,11,0,1,1,10,2,12,1.32
PA0634100,NORTH STRABANE TOWNSHIP PD CANONSBURG,NORTH STRABANE TOWNSHIP PD CANONSBURG,City,PA,2022,16162,23,0,23,2,1,3,25,1,26,1.61
ME0120200,TOPSHAM PD,TOPSHAM PD,City,ME,2022,9680,10,1,11,4,0,4,14,1,15,1.55
IL0650100,PETERSBURG PD,PETERSBURG PD,City,IL,2022,2208,4,0,4,0,0,0,4,0,4,1.81
KS0960500,CONWAY SPRINGS PD,CONWAY SPRINGS PD,City,KS,2022,1115,3,0,3,0,0,0,3,0,3,2.69
PA0251600,COUNTY DET: ERIE COUNTY,COUNTY DET: ERIE COUNTY,Other,PA,2022,0,7,0,7,2,2,4,9,2,11,
UT0140000,MILLARD CO SO FILLMORE,MILLARD CO SO FILLMORE,County,UT,2022,13255,27,17,44,1,8,9,28,25,53,4.00
CA0400400,PASO ROBLES PD,PASO ROBLES PD,City,CA,2022,31966,38,4,42,3,17,20,41,21,62,1.94
MS0680100,CHARLESTON PD,CHARLESTON PD,City,MS,2022,1713,7,7,14,1,4,5,8,11,19,11.09
MS0250400,UTICA,UTICA,City,MS,2022,627,3,0,3,0,0,0,3,0,3,4.78
TX2150000,STEPHENS CO SO BRECKENRIDGE,STEPHENS CO SO BRECKENRIDGE,County,TX,2022,4030,6,8,14,0,6,6,6,14,20,4.96
WV0300600,LAW ENF DIV DEPT NATRL RESOURCES WILLIAMSON,LAW ENF DIV DEPT NATRL RESOURCES WILLIAMSON,Other State Agency,WV,2022,0,1,0,1,0,0,0,1,0,1,
IA0250400,WAUKEE PD,WAUKEE PD,City,IA,2022,28790,21,0,21,8,3,11,29,3,32,1.11
NJ0021800,FAIRVIEW PD,FAIRVIEW PD,City,NJ,2022,14850,29,3,32,3,0,3,32,3,35,2.36
OR0200400,JUNCTION CITY,JUNCTION CITY,City,OR,2022,7442,8,2,10,1,5,6,9,7,16,2.15
PA0670400,SPRINGETTSBURY TWP PD YORK,SPRINGETTSBURY TWP PD YORK,City,PA,2022,27064,29,0,29,3,3,6,32,3,35,1.29
NH00927TZ,UNIV OF NEW HAMPSHIRE,UNIV OF NEW HAMPSHIRE,University or College,NH,2022,0,18,7,25,0,10,10,18,17,35,
MI1177900,THREE OAKS PD,THREE OAKS PD,City,MI,2022,1384,2,0,2,0,0,0,2,0,2,1.45
MA0142900,MILLBURY PD,MILLBURY PD,City,MA,2022,14008,21,2,23,2,3,5,23,5,28,2.00
SC0100100,CHARLESTON POLICE DEPARTMENT,CHARLESTON POLICE DEPARTMENT,City,SC,2022,152324,346,30,376,69,58,127,415,88,503,3.30
TN0210200,ALEXANDRIA PD,ALEXANDRIA PD,City,TN,2022,987,2,0,2,0,0,0,2,0,2,2.03
AK0013200,NORTH POLE PD,NORTH POLE PD,City,AK,2022,2335,13,0,13,0,2,2,13,2,15,6.42
PA0656100,SPR: LINN RUN,SPR: LINN RUN,Other State Agency,PA,2022,0,1,0,1,0,0,0,1,0,1,
TX0571700,LANCASTER PD,LANCASTER PD,City,TX,2022,40615,39,0,39,10,5,15,49,5,54,1.33
MO0280300,STEELVILLE,STEELVILLE,City,MO,2022,1373,6,0,6,0,0,0,6,0,6,4.37
OH0170000,CRAWFORD,CRAWFORD,County,OH,2022,14316,27,18,45,1,17,18,28,35,63,4.40
FL0520700,KENNETH CITY PD ST PETERSBURG,KENNETH CITY PD ST PETERSBURG,City,FL,2022,4967,12,0,12,2,1,3,14,1,15,3.02
SC0200000,FAIRFIELD CO SO WINNSBORO,FAIRFIELD CO SO WINNSBORO,County,SC,2022,17252,43,3,46,6,6,12,49,9,58,3.36
WVWSP1000,STATE POLICE ELKINS,STATE POLICE ELKINS,State Police,WV,2022,0,11,4,15,1,5,6,12,9,21,
NC0960400,MOUNT OLIVE PD,MOUNT OLIVE PD,City,NC,2022,4027,12,0,12,2,1,3,14,1,15,3.72
IA0170000,CERRO GORDO CO SO MASON CITY,CERRO GORDO CO SO MASON CITY,County,IA,2022,7953,19,18,37,1,30,31,20,48,68,8.55
AZ0140900,WELLTON POLICE DEPARTMENT,WELLTON POLICE DEPARTMENT,City,AZ,2022,2528,7,1,8,0,0,0,7,1,8,3.16
NJ0132600,MANALAPAN TOWNSHIP POLICE DEPARTMENT,MANALAPAN TOWNSHIP POLICE DEPARTMENT,City,NJ,2022,40897,54,1,55,3,3,6,57,4,61,1.49
SC046SP00,HP: YORK COUNTY,HP: YORK COUNTY,State Police,SC,2022,0,37,0,37,1,0,1,38,0,38,
PA0465400,NEW HANOVER TWP PD GILBERTSVILLE,NEW HANOVER TWP PD GILBERTSVILLE,City,PA,2022,13702,11,0,11,0,1,1,11,1,12,0.88
AL0200500,LEIGHTON PD,LEIGHTON PD,City,AL,2022,662,2,0,2,0,0,0,2,0,2,3.02
NH0061200,DEERING PD,DEERING PD,City,NH,2022,1912,1,0,1,0,0,0,1,0,1,0.52
IL0825200,,,City,IL,2022,17403,16,3,19,2,2,4,18,5,23,1.32
NY0150000,ESSEX CO SHERIFFS DEPARTMENT LEWIS,ESSEX CO SHERIFFS DEPARTMENT LEWIS,County,NY,2022,24458,20,0,20,4,3,7,24,3,27,1.10
TX0500100,COPPERAS COVE PD,COPPERAS COVE PD,City,TX,2022,37841,42,4,46,5,17,22,47,21,68,1.80
WV0190700,SHEPHERD COLLEGE SECURITY POL SHEPHERDSTOWN,SHEPHERD COLLEGE SECURITY POL SHEPHERDSTOWN,University or College,WV,2022,0,7,0,7,1,1,2,8,1,9,
GA0120100,COCHRAN PD,COCHRAN PD,City,GA,2022,5077,10,0,10,3,1,4,13,1,14,2.76
MN0280300,LA CRESCENT PD,LA CRESCENT PD,City,MN,2022,5222,7,0,7,1,1,2,8,1,9,1.72
MS0130100,WEST POINT PD,WEST POINT PD,City,MS,2022,9893,20,1,21,5,5,10,25,6,31,3.13
SD0040300,TYNDALL PD,TYNDALL PD,City,SD,2022,1049,2,0,2,0,0,0,2,0,2,1.91
PA0543800,KLINE TOWNSHIP PD KELAYRES,KLINE TOWNSHIP PD KELAYRES,City,PA,2022,1486,1,0,1,0,0,0,1,0,1,0.67
PA0465200,COUNTY DETECTIVES OFFICE NORRISTOWN,COUNTY DETECTIVES OFFICE NORRISTOWN,Other,PA,2022,0,37,7,44,2,7,9,39,14,53,
NC0210000,CHOWAN CO SO EDENTON,CHOWAN CO SO EDENTON,County,NC,2022,9445,16,10,26,1,11,12,17,21,38,4.02
PA0402000,NEWPORT TWP PD WANAMIE,NEWPORT TWP PD WANAMIE,City,PA,2022,4471,5,0,5,0,0,0,5,0,5,1.12
AR0020200,HAMBURG PD,HAMBURG PD,City,AR,2022,2425,5,0,5,1,1,2,6,1,7,2.89
KSKHP0800,,,State Police,KS,2022,0,19,14,33,4,6,10,23,20,43,
TN0840300,MASON PD,MASON PD,City,TN,2022,1354,1,1,2,0,0,0,1,1,2,1.48
CO0190400,BASALT,BASALT,City,CO,2022,4163,6,2,8,2,1,3,8,3,11,2.64
IA0770300,DES MOINES PD,DES MOINES PD,City,IA,2022,210376,294,65,359,45,73,118,339,138,477,2.27
MNMHP0400,DPS-SP GOLDEN VALLEY DIST 2500,DPS-SP GOLDEN VALLEY DIST 2500,State Police,MN,2022,0,82,0,82,16,2,18,98,2,100,
IA0060200,VINTON PD,VINTON PD,City,IA,2022,4951,9,0,9,0,1,1,9,1,10,2.02
MA0094900,WAYLAND PD,WAYLAND PD,City,MA,2022,13601,20,4,24,4,5,9,24,9,33,2.43
KY0540100,MADISONVILLE PD,MADISONVILLE PD,City,KY,2022,19292,45,4,49,5,9,14,50,13,63,3.27
OK0090100,EL RENO,EL RENO,City,OK,2022,18385,30,3,33,1,10,11,31,13,44,2.39
NJ0181300,MONTGOMERY TWP PD BELLE MEAD,MONTGOMERY TWP PD BELLE MEAD,City,NJ,2022,23441,33,0,33,2,5,7,35,5,40,1.71
PA048369E,MORAVIAN COLLEGE POLICE DEPARTMENT NORTHAMPTON,MORAVIAN COLLEGE POLICE DEPARTMENT NORTHAMPTON,University or College,PA,2022,0,10,3,13,0,3,3,10,6,16,
MO0390100,ASH GROVE,ASH GROVE,City,MO,2022,1506,5,0,5,0,0,0,5,0,5,3.32
IA0850500,,,City,IA,2022,4658,6,0,6,0,0,0,6,0,6,1.29
WI0630300,HILLSBORO PD,HILLSBORO PD,City,WI,2022,1463,2,0,2,1,0,1,3,0,3,2.05
MN0270800,GOLDEN VALLEY DEPT PUBLIC SAFETY GOLDEN VALLEY,GOLDEN VALLEY DEPT PUBLIC SAFETY GOLDEN VALLEY,City,MN,2022,21424,12,7,19,5,8,13,17,15,32,1.49
NJ0151500,LAVALLETTE PD,LAVALLETTE PD,City,NJ,2022,1852,10,1,11,1,2,3,11,3,14,7.56
OH0260400,SWANTON,SWANTON,City,OH,2022,3853,7,0,7,1,1,2,8,1,9,2.34
NB0120000,BUTLER CO SO DAVID CITY,BUTLER CO SO DAVID CITY,County,NB,2022,8548,9,5,14,1,7,8,10,12,22,2.57
NV0090000,LINCOLN CO SO PIOCHE,LINCOLN CO SO PIOCHE,County,NV,2022,4553,15,1,16,1,3,4,16,4,20,4.39
MI3336400,EAST LANSING PD,EAST LANSING PD,City,MI,2022,46660,31,6,37,10,12,22,41,18,59,1.26
OR036SP00,SP: YAMHILL COUNTY,SP: YAMHILL COUNTY,State Police,OR,2022,0,10,0,10,1,1,2,11,1,12,
TX2500400,QUITMAN POLICE DEPT,QUITMAN POLICE DEPT,City,TX,2022,2021,7,0,7,0,0,0,7,0,7,3.46
TX0150500,CONVERSE PD,CONVERSE PD,City,TX,2022,29503,38,0,38,8,4,12,46,4,50,1.69
AK0010900,SITKA PD,SITKA PD,City,AK,2022,8392,12,8,20,1,5,6,13,13,26,3.10
NJ0212000,POHATCONG TWP PD PHILLIPSBURG,POHATCONG TWP PD PHILLIPSBURG,City,NJ,2022,3270,14,0,14,1,1,2,15,1,16,4.89
OR0110000,GILLIAM,GILLIAM,County,OR,2022,1989,7,0,7,2,1,3,9,1,10,5.03
IL0390100,CARBONDALE PD,CARBONDALE PD,City,IL,2022,21612,43,12,55,7,15,22,50,27,77,3.56
LA0510000,ST MARY CO SO FRANKLIN,ST MARY CO SO FRANKLIN,County,LA,2022,18012,11,0,11,3,0,3,14,0,14,0.78
MA0145900,WINCHENDON PD,WINCHENDON PD,City,MA,2022,10410,14,2,16,1,2,3,15,4,19,1.83
AL0031400,STATE FIRE MARSHAL,STATE FIRE MARSHAL,Other State Agency,AL,2022,0,36,0,36,0,7,7,36,7,43,
IA0520200,IOWA CITY PD,IOWA CITY PD,City,IA,2022,74749,69,9,78,11,13,24,80,22,102,1.36
TX0433700,,,Other,TX,2022,0,5,0,5,0,0,0,5,0,5,
NY0519000,NYS PARK POLICE LONG ISLAND REGION,NYS PARK POLICE LONG ISLAND REGION,Other State Agency,NY,2022,0,37,2,39,6,2,8,43,4,47,
AL0200000,COLBERT CO SO TUSCUMBIA,COLBERT CO SO TUSCUMBIA,County,AL,2022,19980,32,15,47,1,10,11,33,25,58,2.90
VA0920400,TAZEWELL PD,TAZEWELL PD,City,VA,2022,4374,14,1,15,1,0,1,15,1,16,3.66
MN0250300,RED WING PD,RED WING PD,City,MN,2022,16962,25,1,26,1,4,5,26,5,31,1.83
AR0680600,HIGHLAND POLICE DEPARTMENT,HIGHLAND POLICE DEPARTMENT,City,AR,2022,1041,4,0,4,0,0,0,4,0,4,3.84
PA0361400,WEST LAMPETER TWP PD LAMPETER,WEST LAMPETER TWP PD LAMPETER,City,PA,2022,17434,16,0,16,1,1,2,17,1,18,1.03
NJ0011200,HAMILTON TWP PD MAYS LANDING,HAMILTON TWP PD MAYS LANDING,City,NJ,2022,28658,43,10,53,10,17,27,53,27,80,2.79
OK0160100,LAWTON,LAWTON,City,OK,2022,91596,153,27,180,12,23,35,165,50,215,2.35
MN0310100,,,City,MN,2022,808,2,0,2,0,0,0,2,0,2,2.48
OH0130200,BETHEL,BETHEL,City,OH,2022,2646,6,0,6,0,1,1,6,1,7,2.65
NB0550900,,,Other State Agency,NB,2022,0,8,1,9,0,0,0,8,1,9,
PA0080000,BRADFORD CO SO TOWANDA,BRADFORD CO SO TOWANDA,County,PA,2022,0,8,0,8,1,2,3,9,2,11,
VA0730000,PRINCE EDWARD CO SO FARMVILLE,PRINCE EDWARD CO SO FARMVILLE,County,VA,2022,15392,20,1,21,6,5,11,26,6,32,2.08
OH0020500,SPENCERVILLE,SPENCERVILLE,City,OH,2022,2153,3,0,3,1,0,1,4,0,4,1.86
MO0170100,CARROLLTON,CARROLLTON,City,MO,2022,3389,4,0,4,2,1,3,6,1,7,2.07
IA0430000,HARRISON CO SO LOGAN,HARRISON CO SO LOGAN,County,IA,2022,12108,11,3,14,0,8,8,11,11,22,1.82
AZ0100900,MARANA POLICE DEPARTMENT,MARANA POLICE DEPARTMENT,City,AZ,2022,57119,79,7,86,18,23,41,97,30,127,2.22
CO0622400,HUDSON,HUDSON,City,CO,2022,1624,6,1,7,4,2,6,10,3,13,8.00
NMNSP0000,NMSP HQ SANTA FE,NMSP HQ SANTA FE,State Police,NM,2022,0,574,94,668,46,111,157,620,205,825,
CA0430000,SANTA CLARA CO SO SAN JOSE,SANTA CLARA CO SO SAN JOSE,County,CA,2022,85180,927,127,1054,200,202,402,1127,329,1456,17.09
WI0221200,,,City,WI,2022,1301,2,0,2,1,0,1,3,0,3,2.31
TX0912000,,,City,TX,2022,2449,4,0,4,2,0,2,6,0,6,2.45
PA0401800,FORTY FORT PD,FORTY FORT PD,City,PA,2022,4226,6,0,6,0,0,0,6,0,6,1.42
MI3467900,PORTLAND PD,PORTLAND PD,City,MI,2022,3954,4,0,4,1,0,1,5,0,5,1.26
DE0012300,DEPT NAT RES ENVIRONMT CTRL PARK RANGERS DOVER,DEPT NAT RES ENVIRONMT CTRL PARK RANGERS DOVER,Other State Agency,DE,2022,0,22,0,22,3,0,3,25,0,25,
MS0800000,WINSTON CO SO LOUISVILLE,WINSTON CO SO LOUISVILLE,County,MS,2022,11536,7,17,24,0,16,16,7,33,40,3.47
WA0210200,CHEHALIS PD,CHEHALIS PD,City,WA,2022,7870,14,0,14,1,4,5,15,4,19,2.41
IL0320400,MORRIS PD,MORRIS PD,City,IL,2022,14511,22,1,23,5,3,8,27,4,31,2.14
FL0370600,FLORIDA STATE UNIVERSITY PDTALLAHASSEE,FLORIDA STATE UNIVERSITY PDTALLAHASSEE,University or College,FL,2022,0,49,11,60,9,14,23,58,25,83,
MA0020300,BECKET PD,BECKET PD,City,MA,2022,1934,4,0,4,2,0,2,6,0,6,3.10
IL0603800,GRANTFORK POLICE DEPARTMENT,GRANTFORK POLICE DEPARTMENT,City,IL,2022,344,6,0,6,0,0,0,6,0,6,17.44
KY0410000,GRANT CO SO WILLIAMSTOWN,GRANT CO SO WILLIAMSTOWN,County,KY,2022,19351,21,0,21,1,2,3,22,2,24,1.24
OK0190000,CREEK,CREEK,County,OK,2022,34673,34,21,55,5,27,32,39,48,87,2.51
CO0160200,AURARIA HIGHER EDUC CNTR,AURARIA HIGHER EDUC CNTR,University or College,CO,2022,0,26,7,33,4,10,14,30,17,47,
NJ0152200,PINE BEACH PD,PINE BEACH PD,City,NJ,2022,2201,5,0,5,1,1,2,6,1,7,3.18
WV0220100,HAMLIN PD,HAMLIN PD,City,WV,2022,1005,2,0,2,1,1,2,3,1,4,3.98
NC0490700,LAKE NORMAN STATE PARK RANGERS,LAKE NORMAN STATE PARK RANGERS,Other State Agency,NC,2022,0,4,1,5,1,2,3,5,3,8,
KS0190300,GIRARD PD,GIRARD PD,City,KS,2022,2517,5,1,6,1,1,2,6,2,8,3.18
CO0600000,TELLER,TELLER,County,CO,2022,15928,37,22,59,7,18,25,44,40,84,5.27
WI0410400,FOX POINT PD,FOX POINT PD,City,WI,2022,6749,12,0,12,4,1,5,16,1,17,2.52
UT0100000,GRAND CO SO MOAB,GRAND CO SO MOAB,County,UT,2022,4338,15,7,22,3,15,18,18,22,40,9.22
AR0600200,LITTLE ROCK PD,LITTLE ROCK PD,City,AR,2022,201513,411,83,494,103,34,137,514,117,631,3.13
MN0270600,EDINA PD,EDINA PD,City,MN,2022,53206,48,10,58,9,17,26,57,27,84,1.58
NY0380100,ONEONTA CITY PD ONEONTA,ONEONTA CITY PD ONEONTA,City,NY,2022,12447,18,2,20,4,4,8,22,6,28,2.25
CA0197000,SOUTH PASADENA PD,SOUTH PASADENA PD,City,CA,2022,25744,28,12,40,2,3,5,30,15,45,1.75
TX0202900,OYSTER CREEK PD,OYSTER CREEK PD,City,TX,2022,1196,9,0,9,0,4,4,9,4,13,10.87
OKDI05100,ANADARKO AGENCY,ANADARKO AGENCY,Tribal,OK,2022,0,8,0,8,0,5,5,8,5,13,
WI0520800,STURTEVANT VILLAGE PD STURTEVANT,STURTEVANT VILLAGE PD STURTEVANT,City,WI,2022,6970,8,0,8,5,1,6,13,1,14,2.01
CO0620600,WINDSOR,WINDSOR,City,CO,2022,38498,37,4,41,12,9,21,49,13,62,1.61
IA0790100,GRINNELL PD,GRINNELL PD,City,IA,2022,9474,13,0,13,1,2,3,14,2,16,1.69
KS0520200,TONGANOXIE PD,TONGANOXIE PD,City,KS,2022,5836,12,0,12,0,1,1,12,1,13,2.23
MD0240300,POCOMOKE CITY PD,POCOMOKE CITY PD,City,MD,2022,4418,15,0,15,2,5,7,17,5,22,4.98
MN0090200,MOOSE LAKE PD,MOOSE LAKE PD,City,MN,2022,2565,5,0,5,0,0,0,5,0,5,1.95
PA0131000,MOHONING TWP PD LEHIGHTON,MOHONING TWP PD LEHIGHTON,City,PA,2022,4327,5,0,5,1,0,1,6,0,6,1.39
UT0031400,SMITHFIELD PD,SMITHFIELD PD,City,UT,2022,14455,12,0,12,0,0,0,12,0,12,0.83
AL0300300,EAST BREWTON PD,EAST BREWTON PD,City,AL,2022,2261,4,0,4,0,3,3,4,3,7,3.10
NB0250000,DEUEL CO SO CHAPPELL,DEUEL CO SO CHAPPELL,County,NB,2022,1904,4,0,4,0,1,1,4,1,5,2.63
NJ0026400,WALDWICK PD,WALDWICK PD,City,NJ,2022,10055,21,4,25,0,1,1,21,5,26,2.59
PA0462600,SOUDERTON PD,SOUDERTON PD,City,PA,2022,7249,7,0,7,1,1,2,8,1,9,1.24
AL0011800,BRIGHTON PD,BRIGHTON PD,City,AL,2022,2270,6,0,6,0,4,4,6,4,10,4.41
NJ0022500,HASBROUCK HEIGHTS PD,HASBROUCK HEIGHTS PD,City,NJ,2022,12005,28,1,29,0,1,1,28,2,30,2.50
VA0600000,MONTGOMERY,MONTGOMERY,County,VA,2022,30291,94,1,95,21,5,26,115,6,121,3.99
LA0570500,GUEYDAN PD,GUEYDAN PD,City,LA,2022,1124,5,0,5,0,0,0,5,0,5,4.45
MI2531400,CLAYTON TOWNSHIP POLICE DEPARTMENT,CLAYTON TOWNSHIP POLICE DEPARTMENT,City,MI,2022,7274,4,0,4,1,1,2,5,1,6,0.82
FL0500700,RIVIERA BEACH POLICE DEPARTMENT,RIVIERA BEACH POLICE DEPARTMENT,City,FL,2022,38554,86,8,94,21,32,53,107,40,147,3.81
WADI01000,,,Tribal,WA,2022,0,12,0,12,2,2,4,14,2,16,
MA0146300,WORCESTER STATE COLLEGE,WORCESTER STATE COLLEGE,University or College,MA,2022,0,12,3,15,2,2,4,14,5,19,
OH0432400,LAKE METROPARKS,LAKE METROPARKS,Other,OH,2022,0,12,0,12,1,1,2,13,1,14,
TX0150100,ALAMO HEIGHTS PD SAN ANTONIO,ALAMO HEIGHTS PD SAN ANTONIO,City,TX,2022,7412,12,1,13,7,9,16,19,10,29,3.91
IA0470000,IDA CO SO IDA GROVE,IDA CO SO IDA GROVE,County,IA,2022,6911,10,3,13,0,7,7,10,10,20,2.89
LA0570300,DELCAMBRE PD,DELCAMBRE PD,City,LA,2022,1770,5,0,5,0,1,1,5,1,6,3.39
TX221109E,HARDIN-SIMMONS UNIV POLICE DEPT ABILENE,HARDIN-SIMMONS UNIV POLICE DEPT ABILENE,University or College,TX,2022,0,3,2,5,0,1,1,3,3,6,
UT0200200,EPHRAIM PD,EPHRAIM PD,City,UT,2022,5834,8,0,8,0,1,1,8,1,9,1.54
TN0560100,LAFAYETTE PD,LAFAYETTE PD,City,TN,2022,5650,19,4,23,0,5,5,19,9,28,4.96
VA0940000,WASHINGTON CO SO ABINGDON,WASHINGTON CO SO ABINGDON,County,VA,2022,43054,68,7,75,6,10,16,74,17,91,2.11
SD0590000,SULLY CO SO ONIDA,SULLY CO SO ONIDA,County,SD,2022,1517,3,0,3,0,0,0,3,0,3,1.98
FL0370300,TALLAHASSEE PD,TALLAHASSEE PD,City,FL,2022,197865,290,35,325,67,70,137,357,105,462,2.33
AL0130200,CEDAR BLUFF PD,CEDAR BLUFF PD,City,AL,2022,1879,4,0,4,1,0,1,5,0,5,2.66
NM0250300,HIGHLANDS UNIV PD LAS VEGAS,HIGHLANDS UNIV PD LAS VEGAS,University or College,NM,2022,0,7,5,12,0,5,5,7,10,17,
IL0490700,HIGHLAND PARK PD,HIGHLAND PARK PD,City,IL,2022,30173,51,5,56,9,6,15,60,11,71,2.35
AK0010400,KETCHIKAN PD,KETCHIKAN PD,City,AK,2022,7953,23,0,23,2,10,12,25,10,35,4.40
OH0500400,CANFIELD,CANFIELD,City,OH,2022,7551,19,3,22,0,6,6,19,9,28,3.71
PA0111800,UPPER YODER TWP PD JOHNSTOWN,UPPER YODER TWP PD JOHNSTOWN,City,PA,2022,5057,5,0,5,1,0,1,6,0,6,1.19
PA0212500,PINE GROVE FURNACE STATE PARK PARK RANGERS,PINE GROVE FURNACE STATE PARK PARK RANGERS,Other State Agency,PA,2022,0,1,0,1,0,0,0,1,0,1,
MO0191100,CLEVELAND,CLEVELAND,City,MO,2022,643,1,0,1,0,0,0,1,0,1,1.56
TX0810000,FREESTONE CO SO FAIRFIELD,FREESTONE CO SO FAIRFIELD,County,TX,2022,12779,18,7,25,0,12,12,18,19,37,2.90
WI0250600,BARNEVELD,BARNEVELD,City,WI,2022,1318,1,0,1,0,0,0,1,0,1,0.76
TN0180100,CROSSVILLE PD,CROSSVILLE PD,City,TN,2022,12487,38,0,38,4,3,7,42,3,45,3.60
VA0350100,GLEN LYN PD,GLEN LYN PD,City,VA,2022,93,1,0,1,0,0,0,1,0,1,10.75
OK0490300,,,City,OK,2022,732,3,0,3,0,1,1,3,1,4,5.46
UT0240000,UINTAH CO SO VERNAL,UINTAH CO SO VERNAL,County,UT,2022,23883,28,40,68,1,24,25,29,64,93,3.89
WV0400200,WINFIELD PD,WINFIELD PD,City,WV,2022,2386,7,0,7,0,0,0,7,0,7,2.93
TX1522000,,,University or College,TX,2022,0,1,3,4,1,0,1,2,3,5,
MS0810100,WATER VALLEY PD,WATER VALLEY PD,City,MS,2022,3296,9,0,9,1,1,2,10,1,11,3.34
CA0120000,HUMBOLDT CO SO EUREKA,HUMBOLDT CO SO EUREKA,County,CA,2022,73550,156,20,176,34,51,85,190,71,261,3.55
ND0520100,HARVEY PD,HARVEY PD,City,ND,2022,1586,1,0,1,0,0,0,1,0,1,0.63
WV0100500,OAK HILL PD,OAK HILL PD,City,WV,2022,7941,16,2,18,2,2,4,18,4,22,2.77
GA0200100,KINGSLAND PD,KINGSLAND PD,City,GA,2022,19650,26,0,26,9,3,12,35,3,38,1.93
KY0980000,PIKE CO SO PIKEVILLE,PIKE CO SO PIKEVILLE,County,KY,2022,46560,10,4,14,0,5,5,10,9,19,0.41
TX1030000,HARTLEY CO SO CHANNING,HARTLEY CO SO CHANNING,County,TX,2022,2620,5,0,5,1,1,2,6,1,7,2.67
WV0310900,GRANVILLE PD,GRANVILLE PD,City,WV,2022,1396,14,0,14,1,0,1,15,0,15,10.74
AR0581000,POTTSVILLE POLICE DEPARTMENT,POTTSVILLE POLICE DEPARTMENT,City,AR,2022,3232,6,0,6,1,2,3,7,2,9,2.78
TX1740100,,,City,TX,2022,791,1,0,1,0,0,0,1,0,1,1.26
MI2012000,CRAWFORD CO SO GRAYLING,CRAWFORD CO SO GRAYLING,County,MI,2022,11582,11,8,19,2,6,8,13,14,27,2.33
WI0400100,MENOMINEE INDIAN TRIBAL PD KESHENA,MENOMINEE INDIAN TRIBAL PD KESHENA,Tribal,WI,2022,0,15,4,19,3,3,6,18,7,25,
NM0190000,OTERO CO SO ALAMOGORDO,OTERO CO SO ALAMOGORDO,County,NM,2022,33791,42,6,48,2,17,19,44,23,67,1.98
SC0022600,STATE TRANSPORT POLICE,STATE TRANSPORT POLICE,Other State Agency,SC,2022,0,2,0,2,0,0,0,2,0,2,
WA0270200,SUMNER PD,SUMNER PD,City,WA,2022,10681,21,2,23,0,3,3,21,5,26,2.43
OR010SP00,SP: DOUGLAS COUNTY,SP: DOUGLAS COUNTY,State Police,OR,2022,0,24,0,24,2,1,3,26,1,27,
TX1140100,BIG SPRING POLICE DEPARTMENT,BIG SPRING POLICE DEPARTMENT,City,TX,2022,25254,32,2,34,2,11,13,34,13,47,1.86
MN0400400,,,City,MN,2022,1740,3,0,3,1,0,1,4,0,4,2.30
WV0250400,MONONGAH PD,MONONGAH PD,City,WV,2022,1011,1,0,1,0,0,0,1,0,1,0.99
OK0030100,ATOKA,ATOKA,City,OK,2022,3210,17,1,18,0,1,1,17,2,19,5.92
TX1070100,ATHENS PD,ATHENS PD,City,TX,2022,12986,20,1,21,4,9,13,24,10,34,2.62
WV0170200,CLARKSBURG PD,CLARKSBURG PD,City,WV,2022,15581,37,1,38,2,4,6,39,5,44,2.82
TX0950400,PLAINVIEW PD,PLAINVIEW PD,City,TX,2022,19554,30,1,31,3,7,10,33,8,41,2.10
NB0870000,THURSTON CO SO PENDER,THURSTON CO SO PENDER,County,NB,2022,5682,6,6,12,1,1,2,7,7,14,2.46
CA0070400,CONCORD PD,CONCORD PD,City,CA,2022,122982,108,4,112,20,39,59,128,43,171,1.39
NC0190000,CHATHAM CO SO PITTSBORO,CHATHAM CO SO PITTSBORO,County,NC,2022,63069,66,28,94,14,42,56,80,70,150,2.38
NY0280100,AMSTERDAM CITY PD AMSTERDAM,AMSTERDAM CITY PD AMSTERDAM,City,NY,2022,18199,36,1,37,3,3,6,39,4,43,2.36
MD0080500,NORTH EAST PD,NORTH EAST PD,City,MD,2022,4100,12,0,12,1,3,4,13,3,16,3.90
CT0000200,ANSONIA PD,ANSONIA PD,City,CT,2022,18750,29,1,30,5,9,14,34,10,44,2.35
MA0022600,SHEFFIELD PD,SHEFFIELD PD,City,MA,2022,3308,6,0,6,1,0,1,7,0,7,2.12
IA0130000,CALHOUN CO SO ROCKWELL CITY,CALHOUN CO SO ROCKWELL CITY,County,IA,2022,5975,7,3,10,1,2,3,8,5,13,2.18
FL0351200,UMATILLA PD,UMATILLA PD,City,FL,2022,3733,8,0,8,0,1,1,8,1,9,2.41
IN0710200,SOUTH BEND PD,SOUTH BEND PD,City,IN,2022,103179,199,39,238,22,31,53,221,70,291,2.82
VA0330100,ROCKY MOUNT PD,ROCKY MOUNT PD,City,VA,2022,4929,16,0,16,2,2,4,18,2,20,4.06
LA0300100,JENA PD,JENA PD,City,LA,2022,3760,6,0,6,0,1,1,6,1,7,1.86
FL0640000,VOLUSIA CO SO DE LAND,VOLUSIA CO SO DE LAND,County,FL,2022,125480,353,107,460,42,189,231,395,296,691,5.51
RI0050600,HOPKINTON PD,HOPKINTON PD,City,RI,2022,8486,10,4,14,1,1,2,11,5,16,1.89
AL0410800,UNIV OF NORTH ALABAMA PD FLORENCE,UNIV OF NORTH ALABAMA PD FLORENCE,University or College,AL,2022,0,8,1,9,1,3,4,9,4,13,
IL0168A00,STEGER PD,STEGER PD,City,IL,2022,9325,13,0,13,1,1,2,14,1,15,1.61
CO0450200,ROCKY FORD,ROCKY FORD,City,CO,2022,3837,2,0,2,1,1,2,3,1,4,1.04
MT0190000,GOLDEN VALLEY CO SO RYEGATE,GOLDEN VALLEY CO SO RYEGATE,County,MT,2022,842,2,0,2,1,0,1,3,0,3,3.56
IN0510100,LOOGOOTEE PD,LOOGOOTEE PD,City,IN,2022,2595,5,0,5,0,0,0,5,0,5,1.93
NC0480000,HYDE CO SO SWANQUARTER,HYDE CO SO SWANQUARTER,County,NC,2022,4489,14,0,14,2,1,3,16,1,17,3.79
OK0520000,NOBLE,NOBLE,County,OK,2022,6451,10,7,17,1,3,4,11,10,21,3.26
GA0300000,CLAY CO SO FORT GAINES,CLAY CO SO FORT GAINES,County,GA,2022,2940,9,0,9,0,1,1,9,1,10,3.40
CT0015800,WESTPORT PD,WESTPORT PD,City,CT,2022,27484,56,6,62,7,6,13,63,12,75,2.73
NC0900200,MONROE PD,MONROE PD,City,NC,2022,35204,75,4,79,15,6,21,90,10,100,2.84
TX0681200,,,Other,TX,2022,0,10,4,14,2,2,4,12,6,18,
TX2121000,UT HEALTH SCIENCE CENTER AT TYLER POLICE DEPT,UT HEALTH SCIENCE CENTER AT TYLER POLICE DEPT,University or College,TX,2022,0,8,13,21,0,5,5,8,18,26,
NM0320700,BOSQUE FARMS PD,BOSQUE FARMS PD,City,NM,2022,4099,12,0,12,1,1,2,13,1,14,3.42
VA0800300,ROANOKE COUNTY POLICE DEPARTMENT ROANOKE,ROANOKE COUNTY POLICE DEPARTMENT ROANOKE,County,VA,2022,88672,110,1,111,22,12,34,132,13,145,1.64
WA0175000,SAMMAMISH POLICE DEPARTMENT,SAMMAMISH POLICE DEPARTMENT,City,WA,2022,65738,27,2,29,5,6,11,32,8,40,0.61
AR0630000,SALINE CO SO BENTON,SALINE CO SO BENTON,County,AR,2022,57101,41,23,64,10,26,36,51,49,100,1.75
TX2400700,UNITED ISD POLICE DEPARTMENT,UNITED ISD POLICE DEPARTMENT,Other,TX,2022,0,73,64,137,11,69,80,84,133,217,
VA0350500,NARROWS PD,NARROWS PD,City,VA,2022,2038,5,0,5,0,0,0,5,0,5,2.45
CA0540500,PORTERVILLE PD,PORTERVILLE PD,City,CA,2022,62865,47,6,53,18,21,39,65,27,92,1.46
MI6350300,KEEGO HARBOR PD,KEEGO HARBOR PD,City,MI,2022,2741,5,0,5,0,0,0,5,0,5,1.82
AR0170000,CRAWFORD CO SO VAN BUREN,CRAWFORD CO SO VAN BUREN,County,AR,2022,26040,29,21,50,4,19,23,33,40,73,2.80
IL0370500,COLONA PD,COLONA PD,City,IL,2022,5009,10,1,11,3,1,4,13,2,15,2.99
NJ0023300,MAHWAH TWP PD MAHWAH,MAHWAH TWP PD MAHWAH,City,NJ,2022,25150,54,3,57,0,5,5,54,8,62,2.47
TN0191800,TENN ALC BEV COMM NASHVILLE,TENN ALC BEV COMM NASHVILLE,Other State Agency,TN,2022,0,33,4,37,15,6,21,48,10,58,
SC0233000,GREENVILLE HOSPITAL,GREENVILLE HOSPITAL,Other,SC,2022,0,30,0,30,1,0,1,31,0,31,
TN0750200,SMYRNA PD,SMYRNA PD,City,TN,2022,57595,72,2,74,12,17,29,84,19,103,1.79
TX0810300,WORTHAM PD,WORTHAM PD,City,TX,2022,1015,3,0,3,1,0,1,4,0,4,3.94
TX0960100,MEMPHIS PD,MEMPHIS PD,City,TX,2022,2086,2,0,2,0,0,0,2,0,2,0.96
NJ0021300,EDGEWATER PD,EDGEWATER PD,City,NJ,2022,14793,28,3,31,5,2,7,33,5,38,2.57
SC0080100,MONCKS CORNER PD,MONCKS CORNER PD,City,SC,2022,13906,24,0,24,4,4,8,28,4,32,2.30
MA0121800,NORWELL PD,NORWELL PD,City,MA,2022,11866,20,1,21,2,2,4,22,3,25,2.11
VA1160300,,,Other State Agency,VA,2022,0,65,6,71,2,2,4,67,8,75,
PA0483100,FREEMANSBURG PD,FREEMANSBURG PD,City,PA,2022,2850,4,0,4,0,0,0,4,0,4,1.40
SC0360000,NEWBERRY SO,NEWBERRY SO,County,SC,2022,25371,45,18,63,7,34,41,52,52,104,4.10
NJ0120300,DUNELLEN PD,DUNELLEN PD,City,NJ,2022,7525,19,0,19,0,1,1,19,1,20,2.66
OH0184400,PEPPER PIKE,PEPPER PIKE,City,OH,2022,6834,16,0,16,0,0,0,16,0,16,2.34
PA0634000,MOUNT PLEASANT TWP PD HICKORY,MOUNT PLEASANT TWP PD HICKORY,City,PA,2022,3315,4,0,4,2,0,2,6,0,6,1.81
MT0250500,MT DOJ GAMBLING CONT DIV INV BUREAU HELENA,MT DOJ GAMBLING CONT DIV INV BUREAU HELENA,Other State Agency,MT,2022,0,13,10,23,1,10,11,14,20,34,
CA0310100,AUBURN PD,AUBURN PD,City,CA,2022,13933,20,0,20,2,9,11,22,9,31,2.22
KY0960200,BUTLER PD,BUTLER PD,City,KY,2022,626,1,0,1,0,0,0,1,0,1,1.60
MN0271200,MINNETONKA PD,MINNETONKA PD,City,MN,2022,52309,50,4,54,8,7,15,58,11,69,1.32
MNDI02400,MILLE LACS TRIBAL POLICE DEPARTMENT,MILLE LACS TRIBAL POLICE DEPARTMENT,Tribal,MN,2022,0,20,2,22,1,3,4,21,5,26,
TX0800200,,,City,TX,2022,2500,7,0,7,1,0,1,8,0,8,3.20
OR0020000,BENTON,BENTON,County,OR,2022,21336,32,29,61,2,20,22,34,49,83,3.89
LA0091000,GREENWOOD,GREENWOOD,City,LA,2022,3077,9,0,9,0,1,1,9,1,10,3.25
MD0172300,SEAT PLEASANT PD,SEAT PLEASANT PD,City,MD,2022,4408,22,3,25,4,3,7,26,6,32,7.26
AL0012900,KIMBERLY PD,KIMBERLY PD,City,AL,2022,4036,7,0,7,0,0,0,7,0,7,1.73
AR0420200,PARIS PD,PARIS PD,City,AR,2022,3221,8,0,8,1,0,1,9,0,9,2.79
FL0503800,HIGHLAND BEACH PD DELRAY BEACH,HIGHLAND BEACH PD DELRAY BEACH,City,FL,2022,4246,10,0,10,1,1,2,11,1,12,2.83
GA060495Y,ST BRD WRKRS COMP FID,ST BRD WRKRS COMP FID,Other State Agency,GA,2022,0,4,0,4,2,4,6,6,4,10,
MI8275200,SOUTHGATE PD,SOUTHGATE PD,City,MI,2022,29769,35,4,39,3,6,9,38,10,48,1.61
SC0090100,CAMERON PD,CAMERON PD,City,SC,2022,371,1,0,1,0,1,1,1,1,2,5.39
NY255UN00,SUNY COLLEGE: NEW PALTZ,SUNY COLLEGE: NEW PALTZ,University or College,NY,2022,0,14,0,14,5,4,9,19,4,23,
IN0290700,FISHERS PD,FISHERS PD,City,IN,2022,102921,111,4,115,7,13,20,118,17,135,1.31
UT0250200,LEHI CITY PD,LEHI CITY PD,City,UT,2022,83071,59,0,59,3,6,9,62,6,68,0.82
WV0220000,LINCOLN CO SO HAMLIN,LINCOLN CO SO HAMLIN,County,WV,2022,18898,4,0,4,0,0,0,4,0,4,0.21
KS0640100,COUNCIL GROVE PD,COUNCIL GROVE PD,City,KS,2022,2116,7,0,7,0,1,1,7,1,8,3.78
MI6362700,NOVI PD,NOVI PD,City,MI,2022,66936,60,4,64,13,20,33,73,24,97,1.45
OK0400100,POTEAU,POTEAU,City,OK,2022,8871,23,3,26,5,4,9,28,7,35,3.95
SC0280400,ELGIN PD,ELGIN PD,City,SC,2022,1603,6,0,6,1,1,2,7,1,8,4.99
MD0174100,BOWIE POLICE DEPARTMENT,BOWIE POLICE DEPARTMENT,City,MD,2022,57068,48,6,54,9,8,17,57,14,71,1.24
NC0350200,FRANKLINTON PD,FRANKLINTON PD,City,NC,2022,2664,7,0,7,2,0,2,9,0,9,3.38
AR0220300,DEPT OF PUBLIC SAFETY UNIV OF AR MONTICELLO,DEPT OF PUBLIC SAFETY UNIV OF AR MONTICELLO,University or College,AR,2022,0,8,0,8,0,1,1,8,1,9,
PADAA210X,,,Other,PA,2022,0,6,2,8,1,2,3,7,4,11,
IL0970200,GRAYVILLE PD,GRAYVILLE PD,City,IL,2022,1512,3,0,3,0,0,0,3,0,3,1.98
COCBI0000,COLORADO BUREAU OF INVES,COLORADO BUREAU OF INVES,Other State Agency,CO,2022,0,41,51,92,7,188,195,48,239,287,
MN0340000,KANDIYOHI CO SO WILLMAR,KANDIYOHI CO SO WILLMAR,County,MN,2022,21713,24,39,63,6,29,35,30,68,98,4.51
NJ0200100,BERKELEY HEIGHTS TWP PD BERKELEY HEIGHTS,BERKELEY HEIGHTS TWP PD BERKELEY HEIGHTS,City,NJ,2022,13096,26,1,27,3,2,5,29,3,32,2.44
TX2200600,CROWLEY POLICE DEPT,CROWLEY POLICE DEPT,City,TX,2022,20362,25,1,26,1,14,15,26,15,41,2.01
TX1260600,KEENE PD,KEENE PD,City,TX,2022,6355,12,0,12,1,2,3,13,2,15,2.36
GA057069E,BERRY COLLEGE,BERRY COLLEGE,University or College,GA,2022,0,7,1,8,1,4,5,8,5,13,
ME0110200,MILO PD,MILO PD,City,ME,2022,2381,3,1,4,0,0,0,3,1,4,1.68
IA0380100,GRUNDY CENTER PD,GRUNDY CENTER PD,City,IA,2022,2804,3,0,3,2,0,2,5,0,5,1.78
CA0280000,NAPA CO SO NAPA,NAPA CO SO NAPA,County,CA,2022,21125,101,14,115,10,25,35,111,39,150,7.10
AL0410700,KILLEN PD,KILLEN PD,City,AL,2022,1043,5,0,5,0,0,0,5,0,5,4.79
NY244UP00,SUNY COLLEGE: POTSDAM,SUNY COLLEGE: POTSDAM,University or College,NY,2022,0,9,0,9,1,4,5,10,4,14,
CA0019700,UNIV CAL PD BERKELEY,UNIV CAL PD BERKELEY,University or College,CA,2022,0,35,19,54,11,28,39,46,47,93,
OH0240000,FAYETTE,FAYETTE,County,OH,2022,14209,23,13,36,1,16,17,24,29,53,3.73
PA0042900,ROCHESTER TWP PD ROCHESTER,ROCHESTER TWP PD ROCHESTER,City,PA,2022,2650,3,0,3,0,0,0,3,0,3,1.13
CA0090000,EL DORADO CO SO PLACERVILLE,EL DORADO CO SO PLACERVILLE,County,CA,2022,163093,148,98,246,13,78,91,161,176,337,2.07
GA0100200,ALAPAHA PD,ALAPAHA PD,City,GA,2022,479,2,0,2,0,0,0,2,0,2,4.18
KS0440000,JEFFERSON CO SO OSKALOOSA,JEFFERSON CO SO OSKALOOSA,County,KS,2022,12868,23,8,31,3,11,14,26,19,45,3.50
KY0100200,CATLETTSBURG,CATLETTSBURG,City,KY,2022,1724,7,0,7,0,0,0,7,0,7,4.06
KS0970100,COLBY PD,COLBY PD,City,KS,2022,5488,11,0,11,1,1,2,12,1,13,2.37
ME0030000,CUMBERLAND CO SO PORTLAND,CUMBERLAND CO SO PORTLAND,County,ME,2022,54820,55,7,62,7,5,12,62,12,74,1.35
OH0210100,DELAWARE,DELAWARE,City,OH,2022,44042,51,3,54,2,6,8,53,9,62,1.41
NC0880100,BREVARD PD,BREVARD PD,City,NC,2022,7778,19,1,20,3,3,6,22,4,26,3.34
GA0150200,RICHMOND HILL PD,RICHMOND HILL PD,City,GA,2022,18421,36,1,37,1,10,11,37,11,48,2.61
ND0500100,GRAFTON PD,GRAFTON PD,City,ND,2022,4117,8,0,8,0,1,1,8,1,9,2.19
OK0200900,SOUTHWESTERN OK STATE UN,SOUTHWESTERN OK STATE UN,University or College,OK,2022,0,4,1,5,2,1,3,6,2,8,
AL0110000,CALHOUN CO SO ANNISTON,CALHOUN CO SO ANNISTON,County,AL,2022,54649,45,15,60,5,20,25,50,35,85,1.56
SC036SP00,HP: NEWBERRY COUNTY,HP: NEWBERRY COUNTY,State Police,SC,2022,0,9,0,9,0,0,0,9,0,9,
MD0200000,SHERIFF'S OFFICE SOMERSET COUNTY,SHERIFF'S OFFICE SOMERSET COUNTY,County,MD,2022,18742,28,0,28,1,4,5,29,4,33,1.76
OH0870400,ROSSFORD,ROSSFORD,City,OH,2022,6324,16,0,16,1,1,2,17,1,18,2.85
OK0570600,,,City,OK,2022,298,1,0,1,0,0,0,1,0,1,3.36
GA0990000,MERIWETHER CO SO GREENVILLE,MERIWETHER CO SO GREENVILLE,County,GA,2022,14457,21,8,29,3,8,11,24,16,40,2.77
MN0610100,GLENWOOD PD,GLENWOOD PD,City,MN,2022,2671,5,0,5,0,1,1,5,1,6,2.25
IL0460000,KANKAKEE CO SO KANKAKEE,KANKAKEE CO SO KANKAKEE,County,IL,2022,32052,44,85,129,9,47,56,53,132,185,5.77
OK0720400,SKIATOOK,SKIATOOK,City,OK,2022,8651,18,1,19,3,4,7,21,5,26,3.01
IL0190200,HINCKLEY PD,HINCKLEY PD,City,IL,2022,1991,3,0,3,0,0,0,3,0,3,1.51
WV0500200,KENOVA PD,KENOVA PD,City,WV,2022,2940,10,1,11,0,3,3,10,4,14,4.76
WV0090200,LAW ENF DIV DEPT NATRL RESOURCES WEST UNION,LAW ENF DIV DEPT NATRL RESOURCES WEST UNION,Other State Agency,WV,2022,0,2,0,2,0,0,0,2,0,2,
VA1220000,RICHMOND CITY PD,RICHMOND CITY PD,City,VA,2022,227323,496,22,518,107,68,175,603,90,693,3.05
TX1015400,HOUSTON COMMUNITY COLLEGE PD HOUSTON,HOUSTON COMMUNITY COLLEGE PD HOUSTON,University or College,TX,2022,0,58,20,78,12,3,15,70,23,93,
NJ0090400,HARRISON PD,HARRISON PD,City,NJ,2022,18999,43,5,48,6,7,13,49,12,61,3.21
MA013559E,WENTWORTH INST OF TECH,WENTWORTH INST OF TECH,University or College,MA,2022,0,15,2,17,3,3,6,18,5,23,
PA0391300,SOUTH WHITEHALL TWP PD ALLENTOWN,SOUTH WHITEHALL TWP PD ALLENTOWN,City,PA,2022,21189,35,0,35,5,2,7,40,2,42,1.98
CO0180700,LONE TREE,LONE TREE,City,CO,2022,14204,46,4,50,7,8,15,53,12,65,4.58
AR0400000,LINCOLN CO SO STAR CITY,LINCOLN CO SO STAR CITY,County,AR,2022,10937,9,15,24,1,15,16,10,30,40,3.66
NY0440000,ST LAWRENCE CO SHERIFF'S DEPARTMENT CANTON,ST LAWRENCE CO SHERIFF'S DEPARTMENT CANTON,County,NY,2022,63694,35,1,36,2,4,6,37,5,42,0.66
NV0100000,LYON CO SO YERINGTON,LYON CO SO YERINGTON,County,NV,2022,59280,67,5,72,5,17,22,72,22,94,1.59
MA0130400,REVERE PD,REVERE PD,City,MA,2022,56961,89,3,92,17,6,23,106,9,115,2.02
NY0612000,PENN YAN VILLAGE PD PENN,PENN YAN VILLAGE PD PENN,City,NY,2022,5036,11,0,11,2,1,3,13,1,14,2.78
MS0310000,JASPER CO SO BAY SPRINGS,JASPER CO SO BAY SPRINGS,County,MS,2022,14016,20,3,23,0,11,11,20,14,34,2.43
KS0310200,GRANDVIEW PLAZA PD JUNCTION CITY,GRANDVIEW PLAZA PD JUNCTION CITY,City,KS,2022,1628,5,0,5,2,1,3,7,1,8,4.91
MN0190800,EAGAN PD,EAGAN PD,City,MN,2022,68518,58,5,63,12,10,22,70,15,85,1.24
TN0590000,MARSHALL CO SO LEWISBURG,MARSHALL CO SO LEWISBURG,County,TN,2022,19765,28,10,38,1,12,13,29,22,51,2.58
MO0050500,SELIGMAN,SELIGMAN,City,MO,2022,843,1,0,1,0,0,0,1,0,1,1.19
PA0651500,DERRY PD,DERRY PD,City,PA,2022,2600,2,0,2,1,0,1,3,0,3,1.15
NB0790000,SCOTTS BLUFF CO SO GERING,SCOTTS BLUFF CO SO GERING,County,NB,2022,8521,18,1,19,0,5,5,18,6,24,2.82
WV0430000,RITCHIE CO SO HARRISVILLE,RITCHIE CO SO HARRISVILLE,County,WV,2022,5674,9,2,11,1,3,4,10,5,15,2.64
PA0070400,TYRONE PD,TYRONE PD,City,PA,2022,5377,5,1,6,2,0,2,7,1,8,1.49
VT0140600,CHESTER PD,CHESTER PD,City,VT,2022,3055,4,0,4,0,1,1,4,1,5,1.64
TX1230800,PORT NECHES PD,PORT NECHES PD,City,TX,2022,13293,19,1,20,2,3,5,21,4,25,1.88
ME0021000,LIMESTONE PD,LIMESTONE PD,City,ME,2022,1524,2,0,2,0,0,0,2,0,2,1.31
TX0200100,ALVIN PD,ALVIN PD,City,TX,2022,27974,47,5,52,8,25,33,55,30,85,3.04
TX1050700,KYLE PD,KYLE PD,City,TX,2022,57724,53,5,58,5,28,33,58,33,91,1.58
IN0451400,MERRILLVILLE PD,MERRILLVILLE PD,City,IN,2022,36457,57,0,57,4,6,10,61,6,67,1.84
VA1190200,VIRGINIA STATE UNIV CAMPUS PD PETERSBURG,VIRGINIA STATE UNIV CAMPUS PD PETERSBURG,University or College,VA,2022,0,19,6,25,5,7,12,24,13,37,
PA0463700,TELFORD PD,TELFORD PD,City,PA,2022,4905,6,0,6,0,1,1,6,1,7,1.43
MO0410100,BETHANY,BETHANY,City,MO,2022,2894,6,0,6,0,0,0,6,0,6,2.07
NJ0011100,GALLOWAY TOWNSHIP POLICE DEPARTMENT,GALLOWAY TOWNSHIP POLICE DEPARTMENT,City,NJ,2022,37961,59,9,68,3,18,21,62,27,89,2.34
LA0520300,MANDEVILLE PD,MANDEVILLE PD,City,LA,2022,13245,35,1,36,4,11,15,39,12,51,3.85
NC0600300,PINEVILLE PD,PINEVILLE PD,City,NC,2022,10718,33,2,35,1,15,16,34,17,51,4.76
KY1140200,WESTERN KENTUCKY UNIV PD,WESTERN KENTUCKY UNIV PD,University or College,KY,2022,0,17,2,19,2,7,9,19,9,28,
OR0060200,COOS BAY,COOS BAY,City,OR,2022,15871,24,1,25,2,15,17,26,16,42,2.65
NV0021600,CLARK COUNTY SCHOOL DISTRICT LAS VEGAS,CLARK COUNTY SCHOOL DISTRICT LAS VEGAS,Other,NV,2022,0,155,9,164,19,32,51,174,41,215,
FL0504200,PALM BEACH COUNTY SCHOOL POLICE,PALM BEACH COUNTY SCHOOL POLICE,Other,FL,2022,0,195,31,226,50,28,78,245,59,304,
RI0050700,CHARLESTOWN PD,CHARLESTOWN PD,City,RI,2022,8117,18,2,20,2,3,5,20,5,25,3.08
TX1751700,,,City,TX,2022,270,2,0,2,1,0,1,3,0,3,11.11
OR0020400,OREGON STATE UNIVERSITY,OREGON STATE UNIVERSITY,University or College,OR,2022,0,11,25,36,2,9,11,13,34,47,
AL0130300,LEESBURG PD,LEESBURG PD,City,AL,2022,914,5,0,5,0,0,0,5,0,5,5.47
OK0140100,MOORE,MOORE,City,OK,2022,63421,92,1,93,8,7,15,100,8,108,1.70
WIWSP0000,WISCONSIN STATE PATROL,WISCONSIN STATE PATROL,State Police,WI,2022,0,421,80,501,29,72,101,450,152,602,
OK0050200,ERICK,ERICK,City,OK,2022,978,1,0,1,0,1,1,1,1,2,2.04
AL0590900,HARPERSVILLE PD,HARPERSVILLE PD,City,AL,2022,1752,6,0,6,0,0,0,6,0,6,3.42
WVWSP5900,STATE POLICE WHITESVILLE,STATE POLICE WHITESVILLE,State Police,WV,2022,0,3,0,3,0,1,1,3,1,4,
VA0950100,COLONIAL BEACH PD,COLONIAL BEACH PD,City,VA,2022,3980,10,1,11,3,1,4,13,2,15,3.77
IA0571100,,,Other,IA,2022,0,11,0,11,2,0,2,13,0,13,
WI0040000,BAYFIELD CO SO WASHBURN,BAYFIELD CO SO WASHBURN,County,WI,2022,12483,20,7,27,2,17,19,22,24,46,3.69
TX2150100,BRECKENRIDGE PD,BRECKENRIDGE PD,City,TX,2022,5294,9,1,10,0,6,6,9,7,16,3.02
GA0980000,MARION CO SO BUENA VISTA,MARION CO SO BUENA VISTA,County,GA,2022,5908,8,2,10,1,6,7,9,8,17,2.88
IA0480100,MARENGO,MARENGO,City,IA,2022,2411,4,0,4,0,0,0,4,0,4,1.66
TN0920200,MARTIN PD,MARTIN PD,City,TN,2022,10562,27,2,29,2,6,8,29,8,37,3.50
NJ0142600,MOUNT ARLINGTON PD,MOUNT ARLINGTON PD,City,NJ,2022,5908,15,0,15,0,1,1,15,1,16,2.71
PA0153200,EAST PIKELAND TWP PD KIMBERTON,EAST PIKELAND TWP PD KIMBERTON,City,PA,2022,8478,10,0,10,1,0,1,11,0,11,1.30
CA0411400,SAN BRUNO PD,SAN BRUNO PD,City,CA,2022,40817,41,1,42,4,14,18,45,15,60,1.47
NH0085800,PORTSMOUTH PD,PORTSMOUTH PD,City,NH,2022,22513,58,4,62,6,16,22,64,20,84,3.73
SC0250000,HAMPTON CO SO HAMPTON,HAMPTON CO SO HAMPTON,County,SC,2022,10466,27,0,27,13,3,16,40,3,43,4.11
TX0880000,GOLIAD COUNTY SHERIFFS OFFICE,GOLIAD COUNTY SHERIFFS OFFICE,County,TX,2022,7369,17,6,23,2,7,9,19,13,32,4.34
AL0090000,BULLOCK CO SO UNION SPRINGS,BULLOCK CO SO UNION SPRINGS,County,AL,2022,7068,6,2,8,0,5,5,6,7,13,1.84
IL0602600,WORDEN PD,WORDEN PD,City,IL,2022,1092,1,0,1,1,0,1,2,0,2,1.83
SC016SP00,HP: DARLINGTON COUNTY,HP: DARLINGTON COUNTY,State Police,SC,2022,0,21,0,21,0,0,0,21,0,21,
NJ0142200,MORRIS TWP PD MORRISTOWN,MORRIS TWP PD MORRISTOWN,City,NJ,2022,23455,42,3,45,2,3,5,44,6,50,2.13
TX1071900,COFFEE CITY POLICE DEPT,COFFEE CITY POLICE DEPT,City,TX,2022,246,6,0,6,0,0,0,6,0,6,24.39
MN0350100,HALLOCK PD,HALLOCK PD,City,MN,2022,879,1,0,1,0,0,0,1,0,1,1.14
NB0810000,SHERIDAN CO SO RUSHVILLE,SHERIDAN CO SO RUSHVILLE,County,NB,2022,3605,6,6,12,1,5,6,7,11,18,4.99
IL0992100,SHOREWOOD PD,SHOREWOOD PD,City,IL,2022,18326,31,0,31,2,4,6,33,4,37,2.02
AZ0072900,TEMPE PD,TEMPE PD,City,AZ,2022,187473,289,42,331,54,82,136,343,124,467,2.49
KS0200100,OBERLIN PD,OBERLIN PD,City,KS,2022,1639,4,0,4,0,0,0,4,0,4,2.44
LA0491100,PALMETTO,PALMETTO,City,LA,2022,95,1,0,1,0,1,1,1,1,2,21.05
PA0541100,TAMAQUA PD,TAMAQUA PD,City,PA,2022,6945,8,0,8,0,1,1,8,1,9,1.30
MA0052400,NORTH ANDOVER PD,NORTH ANDOVER PD,City,MA,2022,30695,39,10,49,3,6,9,42,16,58,1.89
MI4632000,CLINTON PD,CLINTON PD,City,MI,2022,2497,4,0,4,0,0,0,4,0,4,1.60
AZ0060000,GREENLEE CO SO CLIFTON,GREENLEE CO SO CLIFTON,County,AZ,2022,5491,14,9,23,1,22,23,15,31,46,8.38
WI0220300,FENNIMORE PD,FENNIMORE PD,City,WI,2022,2783,6,0,6,0,0,0,6,0,6,2.16
NC0101600,NORTHWEST POLICE DEPARTMENT,NORTHWEST POLICE DEPARTMENT,City,NC,2022,853,2,0,2,0,0,0,2,0,2,2.34
AL0110400,WEAVER PD,WEAVER PD,City,AL,2022,3394,8,0,8,1,3,4,9,3,12,3.54
NC0100300,SOUTHPORT PD,SOUTHPORT PD,City,NC,2022,4253,10,0,10,2,1,3,12,1,13,3.06
CT0015600,WEST HAVEN PD,WEST HAVEN PD,City,CT,2022,55133,98,2,100,18,7,25,116,9,125,2.27
NC0910000,VANCE CO SO HENDERSON,VANCE CO SO HENDERSON,County,NC,2022,27242,36,12,48,6,23,29,42,35,77,2.83
CT0011100,PLYMOUTH PD TERRYVILLE,PLYMOUTH PD TERRYVILLE,City,CT,2022,11655,21,1,22,1,1,2,22,2,24,2.06
WI0137800,STATE CAPITOL POLICE MADISON,STATE CAPITOL POLICE MADISON,Other State Agency,WI,2022,0,32,6,38,6,6,12,38,12,50,
SD0210000,DOUGLAS CO SO ARMOUR,DOUGLAS CO SO ARMOUR,County,SD,2022,2837,3,0,3,1,0,1,4,0,4,1.41
TN0860300,,,City,TN,2022,3763,1,0,1,0,0,0,1,0,1,0.27
FL0630000,UNION CO SO LAKE BUTLER,UNION CO SO LAKE BUTLER,County,FL,2022,16731,14,0,14,2,2,4,16,2,18,1.08
IA0260100,BLOOMFIELD PD,BLOOMFIELD PD,City,IA,2022,2694,5,0,5,0,1,1,5,1,6,2.23
MN0220000,FARIBAULT CO SO BLUE EARTH,FARIBAULT CO SO BLUE EARTH,County,MN,2022,5716,11,7,18,2,10,12,13,17,30,5.25
WI0560200,NEW RICHMOND PD,NEW RICHMOND PD,City,WI,2022,10610,16,0,16,4,1,5,20,1,21,1.98
TX1770400,TX ST TECH COL: WEST TX,TX ST TECH COL: WEST TX,University or College,TX,2022,0,5,0,5,0,0,0,5,0,5,
VA0460100,SMITHFIELD PD,SMITHFIELD PD,City,VA,2022,8827,16,0,16,1,4,5,17,4,21,2.38
WA0171400,ALGONA PD,ALGONA PD,City,WA,2022,3194,4,0,4,4,1,5,8,1,9,2.82
KY1060900,SIMPSONVILLE POLICE DEPARTMENT SIMPSONVILLE,SIMPSONVILLE POLICE DEPARTMENT SIMPSONVILLE,City,KY,2022,3016,10,0,10,0,0,0,10,0,10,3.32
FL0060800,PEMBROKE PINES PD,PEMBROKE PINES PD,City,FL,2022,167816,216,37,253,35,57,92,251,94,345,2.06
WV0251600,THREE RIVERS DRUG AND VIOLENT CRIMES TASK FORCE,THREE RIVERS DRUG AND VIOLENT CRIMES TASK FORCE,Other,WV,2022,0,2,0,2,0,0,0,2,0,2,
MI8277000,SUMPTER TWP PD BELLEVILLE,SUMPTER TWP PD BELLEVILLE,City,MI,2022,9535,15,2,17,2,2,4,17,4,21,2.20
ND0450100,DICKINSON POLICE DEPARTMENT,DICKINSON POLICE DEPARTMENT,City,ND,2022,24577,40,1,41,9,19,28,49,20,69,2.81
GA0820100,MILLEN PD,MILLEN PD,City,GA,2022,2913,11,0,11,1,0,1,12,0,12,4.12
WA0030300,PROSSER PD,PROSSER PD,City,WA,2022,6136,11,1,12,0,1,1,11,2,13,2.12
AL0440200,ARDMORE PD,ARDMORE PD,City,AL,2022,1406,7,1,8,0,2,2,7,3,10,7.11
CA0540600,TULARE PD,TULARE PD,City,CA,2022,72303,59,9,68,10,23,33,69,32,101,1.40
MO0951800,CRESTWOOD,CRESTWOOD,City,MO,2022,12267,22,0,22,4,2,6,26,2,28,2.28
MI7517500,ST JOSEPH CO SO CENTREVILLE,ST JOSEPH CO SO CENTREVILLE,County,MI,2022,36009,25,22,47,2,11,13,27,33,60,1.67
NJ0020400,BOGOTA PD,BOGOTA PD,City,NJ,2022,9652,17,2,19,0,3,3,17,5,22,2.28
CA0300500,CYPRESS PD,CYPRESS PD,City,CA,2022,49588,48,3,51,6,9,15,54,12,66,1.33
TX2201900,LAKE WORTH POLICE DEPARTMENT,LAKE WORTH POLICE DEPARTMENT,City,TX,2022,4652,24,0,24,6,11,17,30,11,41,8.81
SD0530100,GETTYSBURG PD,GETTYSBURG PD,City,SD,2022,1116,1,0,1,1,0,1,2,0,2,1.79
WV0202000,SECURITY OFFICE WV STATE COLLEGE INSTITUTE,SECURITY OFFICE WV STATE COLLEGE INSTITUTE,University or College,WV,2022,0,5,0,5,0,1,1,5,1,6,
WI0580000,SAWYER CO SO HAYWARD,SAWYER CO SO HAYWARD,County,WI,2022,15897,19,8,27,4,9,13,23,17,40,2.52
NY0556600,WOODSTOCK TOWN PD WOODSTOCK,WOODSTOCK TOWN PD WOODSTOCK,City,NY,2022,6322,9,0,9,1,0,1,10,0,10,1.58
NY0293500,SANDS POINT VILLAGE PD SANDS POINT,SANDS POINT VILLAGE PD SANDS POINT,City,NY,2022,2716,20,0,20,0,0,0,20,0,20,7.36
TX2200100,ARLINGTON PD,ARLINGTON PD,City,TX,2022,391591,552,54,606,127,137,264,679,191,870,2.22
TN0620500,VONORE POLICE DEPARTMENT VONORE,VONORE POLICE DEPARTMENT VONORE,City,TN,2022,1600,8,0,8,1,1,2,9,1,10,6.25
AL0300100,ATMORE PD,ATMORE PD,City,AL,2022,8536,23,4,27,1,6,7,24,10,34,3.98
OK0581400,WYANDOTTE NATION,WYANDOTTE NATION,Tribal,OK,2022,0,11,0,11,0,1,1,11,1,12,
CO060015Y,,,Other State Agency,CO,2022,0,10,3,13,0,5,5,10,8,18,
MA013519E,,,University or College,MA,2022,0,17,4,21,2,2,4,19,6,25,
WA0171200,REDMOND PD,REDMOND PD,City,WA,2022,79403,62,7,69,16,31,47,78,38,116,1.46
KY0910000,NICHOLAS CO SO CARLISLE,NICHOLAS CO SO CARLISLE,County,KY,2022,5713,2,0,2,0,1,1,2,1,3,0.53
AK0015600,WASILLA POLICE DEPARTMENT,WASILLA POLICE DEPARTMENT,City,AK,2022,9809,23,1,24,1,3,4,24,4,28,2.85
CO0360000,LAS ANIMAS,LAS ANIMAS,County,CO,2022,6350,11,5,16,0,9,9,11,14,25,3.94
NY0110100,CORTLAND CITY PD CORTLAND,CORTLAND CITY PD CORTLAND,City,NY,2022,17061,34,0,34,7,2,9,41,2,43,2.52
MN0450000,MARSHALL CO SO WARREN,MARSHALL CO SO WARREN,County,MN,2022,8955,15,7,22,0,4,4,15,11,26,2.90
WV0500000,WAYNE CO SO WAYNE,WAYNE CO SO WAYNE,County,WV,2022,28128,21,0,21,0,3,3,21,3,24,0.85
VA0550300,VICTORIA PD,VICTORIA PD,City,VA,2022,1739,4,0,4,0,1,1,4,1,5,2.88
MN0272000,ST ANTHONY POLICE DEPARTMENT,ST ANTHONY POLICE DEPARTMENT,City,MN,2022,11568,19,1,20,1,2,3,20,3,23,1.99
OR024SP00,SP: MARION COUNTY,SP: MARION COUNTY,State Police,OR,2022,0,137,148,285,14,251,265,151,399,550,
PA0093000,SPR: NESHAMINY,SPR: NESHAMINY,Other State Agency,PA,2022,0,1,3,4,1,1,2,2,4,6,
TX1820000,PALO PINTO CO SO PALO PINTO,PALO PINTO CO SO PALO PINTO,County,TX,2022,14276,24,10,34,0,18,18,24,28,52,3.64
NM0150100,LOS ALAMOS PD,LOS ALAMOS PD,City,NM,2022,19227,29,20,49,2,18,20,31,38,69,3.59
ME0160800,KENNEBUNK PD,KENNEBUNK PD,City,ME,2022,11804,17,1,18,6,1,7,23,2,25,2.12
TX2202300,RIVER OAKS PD FORT WORTH,RIVER OAKS PD FORT WORTH,City,TX,2022,7420,14,2,16,1,5,6,15,7,22,2.96
ID0070000,BLAINE CO SO HAILEY,BLAINE CO SO HAILEY,County,ID,2022,7186,30,1,31,3,10,13,33,11,44,6.12
TX0613700,,,City,TX,2022,1812,6,0,6,0,0,0,6,0,6,3.31
NH0053600,HAVERHILL PD WOODSVILLE,HAVERHILL PD WOODSVILLE,City,NH,2022,4622,6,0,6,1,2,3,7,2,9,1.95
TN0199E00,VANDERBILT UNIVERSITY,VANDERBILT UNIVERSITY,University or College,TN,2022,0,65,103,168,21,57,78,86,160,246,
GA1410100,HOGANSVILLE PD,HOGANSVILLE PD,City,GA,2022,3180,14,2,16,1,6,7,15,8,23,7.23
TX0220200,SUL ROSS STATE UNIV DEPT OF PUBLIC SAFETY,SUL ROSS STATE UNIV DEPT OF PUBLIC SAFETY,University or College,TX,2022,0,5,0,5,1,1,2,6,1,7,
MA0011400,WELLFLEET PD,WELLFLEET PD,City,MA,2022,3725,14,0,14,1,5,6,15,5,20,5.37
FL0160400,NEPTUNE BEACH PD,NEPTUNE BEACH PD,City,FL,2022,6971,20,0,20,2,8,10,22,8,30,4.30
PA0390000,LEHIGH CO SO ALLENTOWN,LEHIGH CO SO ALLENTOWN,County,PA,2022,0,63,0,63,9,8,17,72,8,80,
NV0169900,,,State Police,NV,2022,0,325,35,360,29,54,83,354,89,443,
NY0600000,WYOMING CO SHERIFF'S DEPARTMENT WARSAW,WYOMING CO SHERIFF'S DEPARTMENT WARSAW,County,NY,2022,29249,27,5,32,4,8,12,31,13,44,1.50
UT0060700,NORTH SALT LAKE PD,NORTH SALT LAKE PD,City,UT,2022,22679,24,0,24,3,4,7,27,4,31,1.37
CA0191800,CULVER CITY PD,CULVER CITY PD,City,CA,2022,39271,101,39,140,8,13,21,109,52,161,4.10
KY0900200,BLOOMFIELD PD,BLOOMFIELD PD,City,KY,2022,978,1,0,1,0,0,0,1,0,1,1.02
NC0310600,WARSAW PD,WARSAW PD,City,NC,2022,2668,13,0,13,1,1,2,14,1,15,5.62
OH0470700,NORTH RIDGEVILLE,NORTH RIDGEVILLE,City,OH,2022,36968,37,1,38,1,6,7,38,7,45,1.22
OK0450200,IDABEL,IDABEL,City,OK,2022,7043,18,0,18,1,6,7,19,6,25,3.55
TX1840400,HUDSON OAKS POLICE DEPARTMENT HUDSON OAKS,HUDSON OAKS POLICE DEPARTMENT HUDSON OAKS,City,TX,2022,2547,11,0,11,1,1,2,12,1,13,5.10
TX2320000,UVALDE CO SO UVALDE,UVALDE CO SO UVALDE,County,TX,2022,8249,24,25,49,1,16,17,25,41,66,8.00
MO0470400,,,City,MO,2022,606,3,0,3,0,0,0,3,0,3,4.95
PA0353300,COVINGTON TWP PD MOSCOW,COVINGTON TWP PD MOSCOW,City,PA,2022,2236,4,0,4,0,0,0,4,0,4,1.79
NC0960100,GOLDSBORO PD,GOLDSBORO PD,City,NC,2022,32464,63,4,67,12,9,21,75,13,88,2.71
TX2340500,WILLS POINT PD,WILLS POINT PD,City,TX,2022,3977,7,0,7,1,1,2,8,1,9,2.26
SD0110000,CHARLES MIX CO SO LAKE ANDES,CHARLES MIX CO SO LAKE ANDES,County,SD,2022,6370,9,7,16,2,8,10,11,15,26,4.08
SD0400200,LEAD PD,LEAD PD,City,SD,2022,2965,4,0,4,3,1,4,7,1,8,2.70
NB0850000,THAYER CO SO HEBRON,THAYER CO SO HEBRON,County,NB,2022,4820,6,1,7,1,4,5,7,5,12,2.49
VA0850300,WOODSTOCK PD,WOODSTOCK PD,City,VA,2022,5929,18,2,20,0,0,0,18,2,20,3.37
KS0750400,ST GEORGE PD,ST GEORGE PD,City,KS,2022,1108,1,0,1,2,0,2,3,0,3,2.71
TN0620100,SWEETWATER PD,SWEETWATER PD,City,TN,2022,6345,20,0,20,0,1,1,20,1,21,3.31
AL0160300,GROVE HILL PD,GROVE HILL PD,City,AL,2022,1732,6,0,6,2,0,2,8,0,8,4.62
TX1780300,ROBSTOWN POLICE DEPT,ROBSTOWN POLICE DEPT,City,TX,2022,10155,23,1,24,1,7,8,24,8,32,3.15
CA0160300,LEMOORE PD,LEMOORE PD,City,CA,2022,27485,29,1,30,4,7,11,33,8,41,1.49
IA0530200,MONTICELLO PD,MONTICELLO PD,City,IA,2022,4071,6,0,6,1,1,2,7,1,8,1.97
UT0021700,,,City,UT,2022,13682,12,1,13,2,1,3,14,2,16,1.17
TN0270400,DYER PD,DYER PD,City,TN,2022,2312,6,0,6,0,1,1,6,1,7,3.03
TN0090700,24TH JUDICIAL DISTRICT DRUG TASK FORCE,24TH JUDICIAL DISTRICT DRUG TASK FORCE,Other,TN,2022,0,1,0,1,0,1,1,1,1,2,
IA0770200,CLIVE PD,CLIVE PD,City,IA,2022,18984,25,2,27,4,3,7,29,5,34,1.79
IL0164500,HAZEL CREST PD,HAZEL CREST PD,City,IL,2022,12849,25,1,26,4,5,9,29,6,35,2.72
KS0790000,REPUBLIC CO SO BELLEVILLE,REPUBLIC CO SO BELLEVILLE,County,KS,2022,2635,8,4,12,0,2,2,8,6,14,5.31
KY0130000,BREATHITT CO SO JACKSON,BREATHITT CO SO JACKSON,County,KY,2022,11241,2,0,2,0,0,0,2,0,2,0.18
NY0560100,GLENS FALLS CITY PD GLENS FALLS,GLENS FALLS CITY PD GLENS FALLS,City,NY,2022,14639,25,0,25,0,2,2,25,2,27,1.84
NC0860600,SPR: PILOT MOUNTAIN,SPR: PILOT MOUNTAIN,Other State Agency,NC,2022,0,4,0,4,2,0,2,6,0,6,
CO0380100,STERLING,STERLING,City,CO,2022,13713,16,0,16,4,4,8,20,4,24,1.75
MT0160000,GALLATIN CO SO BOZEMAN,GALLATIN CO SO BOZEMAN,County,MT,2022,54062,61,43,104,5,29,34,66,72,138,2.55
CA0120100,ARCATA PD,ARCATA PD,City,CA,2022,19144,18,1,19,4,12,16,22,13,35,1.83
WY0010000,ALBANY CO SO LARAMIE,ALBANY CO SO LARAMIE,County,WY,2022,6199,20,14,34,2,14,16,22,28,50,8.07
AL0520400,FALKVILLE PD,FALKVILLE PD,City,AL,2022,1143,7,0,7,0,0,0,7,0,7,6.12
ME0150200,EASTPORT PD,EASTPORT PD,City,ME,2022,1282,4,0,4,0,0,0,4,0,4,3.12
OH0090200,HAMILTON,HAMILTON,City,OH,2022,62536,107,2,109,14,11,25,121,13,134,2.14
NY0460100,SCHENECTADY CITY PD SCHENECTADY,SCHENECTADY CITY PD SCHENECTADY,City,NY,2022,67101,145,7,152,9,18,27,154,25,179,2.67
NV0021500,,,Other,NV,2022,0,11,0,11,2,0,2,13,0,13,
NH0064000,MERRIMACK PD,MERRIMACK PD,City,NH,2022,27403,36,6,42,2,9,11,38,15,53,1.93
AL0281200,SYLVANIA PD,SYLVANIA PD,City,AL,2022,1805,3,0,3,0,0,0,3,0,3,1.66
IL0165300,INDIAN HEAD PARK PD,INDIAN HEAD PARK PD,City,IL,2022,3935,10,0,10,0,1,1,10,1,11,2.80
MI0510500,ANTRIM CO SO BELLAIRE,ANTRIM CO SO BELLAIRE,County,MI,2022,19247,17,17,34,3,13,16,20,30,50,2.60
CT0014300,TORRINGTON PD,TORRINGTON PD,City,CT,2022,35302,67,2,69,5,7,12,72,9,81,2.29
TX1703300,,,Other,TX,2022,0,13,0,13,2,1,3,15,1,16,
AL0460000,MACON CO SO TUSKEGEE,MACON CO SO TUSKEGEE,County,AL,2022,8023,18,15,33,2,15,17,20,30,50,6.23
TN0370000,HAWKINS CO SO ROGERSVILLE,HAWKINS CO SO ROGERSVILLE,County,TN,2022,36135,59,22,81,7,23,30,66,45,111,3.07
NM0330200,,,City,NM,2022,2567,6,0,6,0,2,2,6,2,8,3.12
ME0101300,VEAZIE PD,VEAZIE PD,City,ME,2022,1807,4,0,4,1,0,1,5,0,5,2.77
MO0870300,PERRY,PERRY,City,MO,2022,673,1,0,1,0,0,0,1,0,1,1.49
CA0301400,NEWPORT BEACH PD,NEWPORT BEACH PD,City,CA,2022,84254,120,33,153,15,52,67,135,85,220,2.61
KS0460500,OLATHE PD,OLATHE PD,City,KS,2022,144646,172,4,176,19,20,39,191,24,215,1.49
SD0410100,CANTON PD,CANTON PD,City,SD,2022,3033,7,0,7,0,0,0,7,0,7,2.31
OR031SP00,SP: UNION COUNTY,SP: UNION COUNTY,State Police,OR,2022,0,18,0,18,1,2,3,19,2,21,
IL0190300,SANDWICH PD,SANDWICH PD,City,IL,2022,7167,11,0,11,1,2,3,12,2,14,1.95
VT0010000,ADDISON CO SO MIDDLEBURY,ADDISON CO SO MIDDLEBURY,County,VT,2022,0,8,0,8,0,1,1,8,1,9,
OK0410000,LINCOLN,LINCOLN,County,OK,2022,22580,19,7,26,0,8,8,19,15,34,1.51
TN0332300,CHATTANOOGA HOUSING POLICE,CHATTANOOGA HOUSING POLICE,Other,TN,2022,0,4,0,4,0,1,1,4,1,5,
ND0130000,DUNN CO SO MANNING,DUNN CO SO MANNING,County,ND,2022,3117,21,0,21,0,2,2,21,2,23,7.38
OR0230200,ONTARIO,ONTARIO,City,OR,2022,11638,24,2,26,1,3,4,25,5,30,2.58
TX2201000,EVERMAN PD FORT WORTH,EVERMAN PD FORT WORTH,City,TX,2022,5993,16,1,17,2,5,7,18,6,24,4.00
AZDI05300,BU IND AFF DIV LAW ENF HOPI TRIBE KEAMS CANYON,BU IND AFF DIV LAW ENF HOPI TRIBE KEAMS CANYON,Tribal,AZ,2022,0,2,0,2,0,0,0,2,0,2,
TX1710400,CACTUS POLICE DEPARTMENT CACTUS,CACTUS POLICE DEPARTMENT CACTUS,City,TX,2022,3058,8,1,9,4,2,6,12,3,15,4.91
IA0330000,FAYETTE CO SO WEST UNION,FAYETTE CO SO WEST UNION,County,IA,2022,10926,11,10,21,1,17,18,12,27,39,3.57
OH0680100,EATON,EATON,City,OH,2022,8347,15,0,15,1,1,2,16,1,17,2.04
NY0435400,STONY POINT TOWN PD STONY POINT,STONY POINT TOWN PD STONY POINT,City,NY,2022,14749,25,0,25,1,1,2,26,1,27,1.83
PA0120500,,,Other State Agency,PA,2022,0,2,4,6,0,1,1,2,5,7,
IL0191300,KINGSTON PD,KINGSTON PD,City,IL,2022,1099,1,0,1,0,0,0,1,0,1,0.91
TX0271100,HORSESHOE BAY POLICE DEPARTMENT,HORSESHOE BAY POLICE DEPARTMENT,City,TX,2022,4693,22,3,25,0,1,1,22,4,26,5.54
MO1050200,GALENA,GALENA,City,MO,2022,469,2,1,3,0,1,1,2,2,4,8.53
ID0400300,OSBURN PD,OSBURN PD,City,ID,2022,1670,2,0,2,0,0,0,2,0,2,1.20
KS0050100,ELLINWOOD PD,ELLINWOOD PD,City,KS,2022,1970,5,0,5,0,0,0,5,0,5,2.54
AZ0119700,CENTRAL ARIZONA COLLEGE PD COOLIDGE,CENTRAL ARIZONA COLLEGE PD COOLIDGE,University or College,AZ,2022,0,11,0,11,2,2,4,13,2,15,
MS0510000,NEWTON CO SO DECATUR,NEWTON CO SO DECATUR,County,MS,2022,14668,15,5,20,1,8,9,16,13,29,1.98
TN0100100,ELIZABETHTON PD,ELIZABETHTON PD,City,TN,2022,13868,37,0,37,4,4,8,41,4,45,3.24
TN0630500,19TH JUDICIAL DIST DRUG TASK FORCE CLARKSVILLE,19TH JUDICIAL DIST DRUG TASK FORCE CLARKSVILLE,Other,TN,2022,0,7,0,7,0,1,1,7,1,8,
AR0450200,BULL SHOALS PD,BULL SHOALS PD,City,AR,2022,1948,3,0,3,0,0,0,3,0,3,1.54
SC007SP00,HP: BEAUFORT COUNTY,HP: BEAUFORT COUNTY,State Police,SC,2022,0,18,4,22,3,13,16,21,17,38,
TX2260300,ANGELO STATE UNIV PD SAN ANGELO,ANGELO STATE UNIV PD SAN ANGELO,University or College,TX,2022,0,13,2,15,3,2,5,16,4,20,
WV0550000,WYOMING CO SO PINEVILLE,WYOMING CO SO PINEVILLE,County,WV,2022,17291,18,0,18,0,1,1,18,1,19,1.10
NY0080000,CHENANGO CO SHERIFF'S DEPARTMENT NORWICH,CHENANGO CO SHERIFF'S DEPARTMENT NORWICH,County,NY,2022,31864,22,0,22,2,0,2,24,0,24,0.75
PA0154800,EAST COVENTRY TOWNSHIP PD POTTSTOWN,EAST COVENTRY TOWNSHIP PD POTTSTOWN,City,PA,2022,7253,7,0,7,0,1,1,7,1,8,1.10
NJ0024700,PARK RIDGE PD,PARK RIDGE PD,City,NJ,2022,10040,21,21,42,2,1,3,23,22,45,4.48
TX2270400,WEST LAKE HILLS PD AUSTIN,WEST LAKE HILLS PD AUSTIN,City,TX,2022,3220,11,0,11,3,1,4,14,1,15,4.66
CT0016700,WOODBRIDGE PD,WOODBRIDGE PD,City,CT,2022,9020,23,3,26,0,6,6,23,9,32,3.55
TX1660000,MILAM COUNTY SHERIFFS OFFICE,MILAM COUNTY SHERIFFS OFFICE,County,TX,2022,13447,25,15,40,3,31,34,28,46,74,5.50
IN0451100,WHITING PD,WHITING PD,City,IN,2022,4532,13,0,13,1,2,3,14,2,16,3.53
PA0251300,PRESQUE ISLE STATE PARK PD PRESQUE ISLE,PRESQUE ISLE STATE PARK PD PRESQUE ISLE,Other State Agency,PA,2022,0,4,0,4,1,0,1,5,0,5,
TN0320000,HAMBLEN CO SO MORRISTOWN,HAMBLEN CO SO MORRISTOWN,County,TN,2022,33695,34,26,60,5,28,33,39,54,93,2.76
MS0350200,EAST MS JUNIOR COLLEGE CAMPUS SCOOBA,EAST MS JUNIOR COLLEGE CAMPUS SCOOBA,University or College,MS,2022,0,3,1,4,1,1,2,4,2,6,
GA0331300,COBB CO SCHOOLS OF SAFETY AND SECURITY MARIETTA,COBB CO SCHOOLS OF SAFETY AND SECURITY MARIETTA,Other,GA,2022,0,59,0,59,10,3,13,69,3,72,
TN0050700,METRO KNOXVILLE AIRPORT AUTHORITY PD KNOXVILLE,METRO KNOXVILLE AIRPORT AUTHORITY PD KNOXVILLE,Other,TN,2022,0,26,12,38,1,9,10,27,21,48,
MN0070400,EAGLE LAKE PD,EAGLE LAKE PD,City,MN,2022,3275,3,0,3,0,0,0,3,0,3,0.92
CO0621300,PLATTEVILLE,PLATTEVILLE,City,CO,2022,3930,9,0,9,0,1,1,9,1,10,2.54
PA0542200,ORWIGSBURG PD,ORWIGSBURG PD,City,PA,2022,3007,6,0,6,0,0,0,6,0,6,2.00
NJ0101000,FRANKLIN TWP PD FLEMINGTON,FRANKLIN TWP PD FLEMINGTON,City,NJ,2022,3303,6,0,6,0,0,0,6,0,6,1.82
GA0370400,,,City,GA,2022,287,1,0,1,1,1,2,2,1,3,10.45
NDDI01900,THREE AFFILIATED TRIBES POLICE DEPARTMENT,THREE AFFILIATED TRIBES POLICE DEPARTMENT,Tribal,ND,2022,0,20,2,22,6,11,17,26,13,39,
WI0270100,BLACK RIVER FALLS PD,BLACK RIVER FALLS PD,City,WI,2022,3495,6,0,6,0,1,1,6,1,7,2.00
GA0060000,BANKS CO SO HOMER,BANKS CO SO HOMER,County,GA,2022,16920,49,4,53,4,14,18,53,18,71,4.20
TX1200000,JACKSON CO SO EDNA,JACKSON CO SO EDNA,County,TX,2022,7361,14,6,20,0,18,18,14,24,38,5.16
FL0410300,BRADENTON BEACH PD,BRADENTON BEACH PD,City,FL,2022,923,11,0,11,0,1,1,11,1,12,13.00
OH0470300,AVON LAKE,AVON LAKE,City,OH,2022,25846,29,1,30,0,4,4,29,5,34,1.32
MI4435600,DRYDEN TWP PD DRYDEN,DRYDEN TWP PD DRYDEN,City,MI,2022,4797,3,0,3,1,0,1,4,0,4,0.83
KY0480500,EVARTS PD,EVARTS PD,City,KY,2022,850,4,0,4,0,0,0,4,0,4,4.71
CO0010100,AURORA,AURORA,City,CO,2022,392134,622,30,652,79,135,214,701,165,866,2.21
ND0160100,CARRINGTON PD,CARRINGTON PD,City,ND,2022,2029,3,0,3,1,0,1,4,0,4,1.97
AL0020800,MT VERNON PD,MT VERNON PD,City,AL,2022,1371,4,0,4,1,6,7,5,6,11,8.02
UT0250700,SPANISH FORK PD,SPANISH FORK PD,City,UT,2022,45005,40,0,40,1,4,5,41,4,45,1.00
WA0090000,DOUGLAS CO SO WATERVILLE,DOUGLAS CO SO WATERVILLE,County,WA,2022,30112,29,1,30,3,5,8,32,6,38,1.26
SC024NR00,DNR: GREENWOOD COUNTY,DNR: GREENWOOD COUNTY,Other State Agency,SC,2022,0,4,0,4,0,0,0,4,0,4,
GA0020000,ATKINSON CO SO PEARSON,ATKINSON CO SO PEARSON,County,GA,2022,5375,10,10,20,0,5,5,10,15,25,4.65
KS0870900,CHENEY PD,CHENEY PD,City,KS,2022,2162,5,0,5,1,0,1,6,0,6,2.78
AL0560000,RANDOLPH CO SO WEDOWEE,RANDOLPH CO SO WEDOWEE,County,AL,2022,15507,17,16,33,1,10,11,18,26,44,2.84
IN0320000,HENDRICKS CO SO DANVILLE,HENDRICKS CO SO DANVILLE,County,IN,2022,73787,59,57,116,2,16,18,61,73,134,1.82
ND0040100,MEDORA PD,MEDORA PD,City,ND,2022,119,3,0,3,0,0,0,3,0,3,25.21
GA1100100,DALLAS PD,DALLAS PD,City,GA,2022,14801,30,0,30,0,13,13,30,13,43,2.91
ME0020100,CARIBOU PD,CARIBOU PD,City,ME,2022,7352,12,0,12,1,1,2,13,1,14,1.90
AL0020200,PRICHARD PD,PRICHARD PD,City,AL,2022,18936,29,3,32,2,13,15,31,16,47,2.48
WI0370500,EDGAR PD,EDGAR PD,City,WI,2022,1456,1,0,1,0,0,0,1,0,1,0.69
AZ0018900,NAVAJO TRIBE DIV OF PUBLIC SAFETY WINDOW ROCK,NAVAJO TRIBE DIV OF PUBLIC SAFETY WINDOW ROCK,Tribal,AZ,2022,0,148,9,157,46,65,111,194,74,268,
NY0415400,SCHODACK TOWN PD CASTLETON,SCHODACK TOWN PD CASTLETON,City,NY,2022,11424,8,0,8,1,0,1,9,0,9,0.79
OR0270300,MONMOUTH,MONMOUTH,City,OR,2022,11123,12,0,12,0,3,3,12,3,15,1.35
AZ0030800,PAGE PD,PAGE PD,City,AZ,2022,7328,16,8,24,1,11,12,17,19,36,4.91
HI0050000,MAUI COUNTY POLICE DEPARTMENT WAILUKU,MAUI COUNTY POLICE DEPARTMENT WAILUKU,County,HI,2022,164881,247,18,265,30,76,106,277,94,371,2.25
FL0460000,OKALOOSA CO SO CRESTVIEW,OKALOOSA CO SO CRESTVIEW,County,FL,2022,146319,276,64,340,46,81,127,322,145,467,3.19
NY0550100,KINGSTON CITY PD KINGSTON,KINGSTON CITY PD KINGSTON,City,NY,2022,24203,64,0,64,8,7,15,72,7,79,3.26
NM0260700,TESUQUE PUEBLO PD SANTA FE,TESUQUE PUEBLO PD SANTA FE,Tribal,NM,2022,0,6,2,8,0,3,3,6,5,11,
NJ0102400,TEWKSBURY TOWNSHIP PD CALIFON,TEWKSBURY TOWNSHIP PD CALIFON,City,NJ,2022,5918,12,0,12,1,1,2,13,1,14,2.37
MS0810300,,,City,MS,2022,463,1,0,1,0,1,1,1,1,2,4.32
NM0040000,COLFAX CO SO RATON,COLFAX CO SO RATON,County,NM,2022,3363,11,2,13,1,1,2,12,3,15,4.46
OKOBI0000,,,Other State Agency,OK,2022,0,75,75,150,22,173,195,97,248,345,
KY0050100,GLASGOW PD,GLASGOW PD,City,KY,2022,15194,30,1,31,3,4,7,33,5,38,2.50
NJ0024400,ORADELL PD,ORADELL PD,City,NJ,2022,8139,22,0,22,0,1,1,22,1,23,2.83
NY0303100,NYS PARK POLICE NEW YORK CITY REGION,NYS PARK POLICE NEW YORK CITY REGION,Other State Agency,NY,2022,0,5,1,6,1,1,2,6,2,8,
WADI06500,UPPER SKAGIT TRIBAL POLICE DEPT SEDRO WOLLEY,UPPER SKAGIT TRIBAL POLICE DEPT SEDRO WOLLEY,Tribal,WA,2022,0,7,0,7,0,0,0,7,0,7,
SC0421400,USC SPARTANBURG DPS SPARTANBURG,USC SPARTANBURG DPS SPARTANBURG,University or College,SC,2022,0,8,1,9,1,1,2,9,2,11,
WI0650400,WALWORTH PD,WALWORTH PD,City,WI,2022,2778,6,0,6,2,1,3,8,1,9,3.24
TX0660300,FREER PD,FREER PD,City,TX,2022,2454,6,0,6,0,3,3,6,3,9,3.67
MI3577400,TAWAS CITY PD,TAWAS CITY PD,City,MI,2022,1865,4,0,4,0,0,0,4,0,4,2.14
GA1040100,MADISON PD,MADISON PD,City,GA,2022,5410,14,0,14,2,2,4,16,2,18,3.33
MI7851000,LAINGSBURG PD,LAINGSBURG PD,City,MI,2022,1408,1,0,1,0,0,0,1,0,1,0.71
TN0550000,MC NAIRY CO SO SELMER,MC NAIRY CO SO SELMER,County,TN,2022,19336,23,11,34,2,10,12,25,21,46,2.38
NJ0171500,WOODSTOWN PD,WOODSTOWN PD,City,NJ,2022,3692,9,0,9,0,1,1,9,1,10,2.71
GA0610300,EAST ELLIJAY PD EAST ELLIJAY,EAST ELLIJAY PD EAST ELLIJAY,City,GA,2022,1135,7,5,12,0,3,3,7,8,15,13.22
PA0027300,HEIDELBERG PD,HEIDELBERG PD,City,PA,2022,1255,4,0,4,0,0,0,4,0,4,3.19
CT0004200,EAST HAMPTON PD,EAST HAMPTON PD,City,CT,2022,12943,17,0,17,1,2,3,18,2,20,1.55
MO0550100,AURORA,AURORA,City,MO,2022,7329,13,1,14,3,5,8,16,6,22,3.00
UT0200900,MT PLEASANT PD,MT PLEASANT PD,City,UT,2022,3836,5,0,5,0,0,0,5,0,5,1.30
IL0169500,RIVER GROVE PD,RIVER GROVE PD,City,IL,2022,10504,27,0,27,2,1,3,29,1,30,2.86
NC0280400,SOUTHERN SHORES PD KITTY HAWK,SOUTHERN SHORES PD KITTY HAWK,City,NC,2022,3237,10,0,10,1,1,2,11,1,12,3.71
WI0220800,CUBA CITY PD,CUBA CITY PD,City,WI,2022,2173,4,4,8,0,0,0,4,4,8,3.68
MT0180200,CUT BANK PD,CUT BANK PD,City,MT,2022,3053,7,1,8,1,0,1,8,1,9,2.95
PA0091000,MORRISVILLE PD,MORRISVILLE PD,City,PA,2022,9753,8,0,8,1,0,1,9,0,9,0.92
PA0360200,ELIZABETHTOWN PD,ELIZABETHTOWN PD,City,PA,2022,11531,18,0,18,0,2,2,18,2,20,1.73
MN0690500,CHISHOLM PD,CHISHOLM PD,City,MN,2022,4686,11,0,11,0,1,1,11,1,12,2.56
TX0572200,SEAGOVILLE PD,SEAGOVILLE PD,City,TX,2022,19389,24,2,26,4,9,13,28,11,39,2.01
NJ0022000,FRANKLIN LAKES PD,FRANKLIN LAKES PD,City,NJ,2022,10899,22,3,25,2,2,4,24,5,29,2.66
TX1520200,LUBBOCK PD,LUBBOCK PD,City,TX,2022,264142,398,43,441,40,99,139,438,142,580,2.20
CA0449700,UNIVERSITY OF CALIFORNIA PD SANTA CRUZ,UNIVERSITY OF CALIFORNIA PD SANTA CRUZ,University or College,CA,2022,0,13,5,18,5,9,14,18,14,32,
WA0370700,SUMAS PD,SUMAS PD,City,WA,2022,1647,6,0,6,0,1,1,6,1,7,4.25
TX1520000,LUBBOCK CO SO LUBBOCK,LUBBOCK CO SO LUBBOCK,County,TX,2022,35445,147,200,347,33,127,160,180,327,507,14.30
MN0271400,NEW HOPE PD,NEW HOPE PD,City,MN,2022,20877,28,4,32,5,7,12,33,11,44,2.11
PA0300400,CUMBERLAND TOWNSHIP PD CARMICHAELS,CUMBERLAND TOWNSHIP PD CARMICHAELS,City,PA,2022,6649,5,0,5,0,1,1,5,1,6,0.90
NH0030200,ALSTEAD PD,ALSTEAD PD,City,NH,2022,1909,1,0,1,1,0,1,2,0,2,1.05
OHCOP0000,COLUMBUS,COLUMBUS,City,OH,2022,907196,1500,171,1671,216,209,425,1716,380,2096,2.31
MA0095300,WINCHESTER PD,WINCHESTER PD,City,MA,2022,22496,35,5,40,4,6,10,39,11,50,2.22
OK0660100,CLAREMORE,CLAREMORE,City,OK,2022,19659,36,3,39,3,4,7,39,7,46,2.34
IA0070000,BLACK HAWK CO SO WATERLOO,BLACK HAWK CO SO WATERLOO,County,IA,2022,18591,58,33,91,8,30,38,66,63,129,6.94
OK0331100,,,City,OK,2022,466,1,0,1,0,0,0,1,0,1,2.15
TN0220200,BURNS PD,BURNS PD,City,TN,2022,1783,1,0,1,0,0,0,1,0,1,0.56
FL0051200,PALM BAY PD,PALM BAY PD,City,FL,2022,125766,119,14,133,36,56,92,155,70,225,1.79
NY0492100,WATERLOO VILLAGE PD WATERLOO,WATERLOO VILLAGE PD WATERLOO,City,NY,2022,4841,7,0,7,0,1,1,7,1,8,1.65
OR0341200,TUALATIN,TUALATIN,City,OR,2022,27195,32,2,34,4,6,10,36,8,44,1.62
TX2430100,BURKBURNETT PD,BURKBURNETT PD,City,TX,2022,11057,12,5,17,1,3,4,13,8,21,1.90
PA0021900,PENN HILLS PD PITTSBURGH,PENN HILLS PD PITTSBURGH,City,PA,2022,40172,48,0,48,5,2,7,53,2,55,1.37
OR016SP00,SP: JEFFERSON COUNTY,SP: JEFFERSON COUNTY,State Police,OR,2022,0,5,0,5,1,0,1,6,0,6,
PA0161100,,,Other State Agency,PA,2022,0,5,0,5,0,0,0,5,0,5,
IA0400100,WEBSTER CITY PD,WEBSTER CITY PD,City,IA,2022,7689,12,3,15,0,4,4,12,7,19,2.47
AR0470000,SHERIFFS OFFICE LUXORA,SHERIFFS OFFICE LUXORA,County,AR,2022,12987,33,22,55,6,24,30,39,46,85,6.55
GA1130200,PATTERSON PD,PATTERSON PD,City,GA,2022,770,3,0,3,0,2,2,3,2,5,6.49
NC0970100,NORTH WILKESBORO PD,NORTH WILKESBORO PD,City,NC,2022,4215,18,0,18,2,1,3,20,1,21,4.98
TN0730100,HARRIMAN PD,HARRIMAN PD,City,TN,2022,5984,16,0,16,3,1,4,19,1,20,3.34
TX0150900,KIRBY PD SAN ANTONIO,KIRBY PD SAN ANTONIO,City,TX,2022,8069,9,4,13,3,2,5,12,6,18,2.23
NM0090500,WSTN NM UNIV PD SILVER CTY,WSTN NM UNIV PD SILVER CTY,University or College,NM,2022,0,7,0,7,0,1,1,7,1,8,
UT0251900,UTAH VALLEY UNIVERSITY POLICE DEPARTMENT,UTAH VALLEY UNIVERSITY POLICE DEPARTMENT,University or College,UT,2022,0,18,2,20,2,13,15,20,15,35,
GA0560100,FAYETTEVILLE PD,FAYETTEVILLE PD,City,GA,2022,19619,42,0,42,8,7,15,50,7,57,2.91
TN0740600,COOPERTOWN POLICE DEPARTMENT,COOPERTOWN POLICE DEPARTMENT,City,TN,2022,4702,3,0,3,1,1,2,4,1,5,1.06
KY0310100,BROWNSVILLE PD,BROWNSVILLE PD,City,KY,2022,943,2,0,2,0,0,0,2,0,2,2.12
AL0260100,OZARK PD,OZARK PD,City,AL,2022,14299,24,1,25,2,8,10,26,9,35,2.45
NB0770000,SARPY CO SO PAPILLION,SARPY CO SO PAPILLION,County,NB,2022,92371,93,35,128,15,53,68,108,88,196,2.12
MI1684700,TUSCARORA TWP PD INDIAN RIVER,TUSCARORA TWP PD INDIAN RIVER,City,MI,2022,3109,8,0,8,1,0,1,9,0,9,2.89
TX0020000,ANDREWS CO SO ANDREWS,ANDREWS CO SO ANDREWS,County,TX,2022,5147,13,13,26,5,23,28,18,36,54,10.49
NB0470000,HOWARD CO SO ST PAUL,HOWARD CO SO ST PAUL,County,NB,2022,4165,7,0,7,0,7,7,7,7,14,3.36
MO0541100,BATES CITY,BATES CITY,City,MO,2022,223,1,0,1,1,0,1,2,0,2,8.97
MA0091000,BURLINGTON PD,BURLINGTON PD,City,MA,2022,25783,59,4,63,7,4,11,66,8,74,2.87
NH0070400,ANDOVER PD,ANDOVER PD,City,NH,2022,2434,2,0,2,0,0,0,2,0,2,0.82
UT0252200,SARATOGA SPRINGS POLICE DEPARTMENT,SARATOGA SPRINGS POLICE DEPARTMENT,City,UT,2022,50850,24,1,25,3,4,7,27,5,32,0.63
MT0170000,GARFIELD CO SO JORDAN,GARFIELD CO SO JORDAN,County,MT,2022,1247,3,0,3,0,1,1,3,1,4,3.21
OH0220000,ERIE,ERIE,County,OH,2022,23673,48,39,87,1,8,9,49,47,96,4.06
OH0820000,VINTON,VINTON,County,OH,2022,10125,10,6,16,2,5,7,12,11,23,2.27
AL0021700,BISHOP STATE COMMUNITY C,BISHOP STATE COMMUNITY C,University or College,AL,2022,0,5,0,5,1,1,2,6,1,7,
IA0850100,AMES PD,AMES PD,City,IA,2022,66852,45,3,48,8,22,30,53,25,78,1.17
NM0140000,LINCOLN CO SO CARRIZOZO,LINCOLN CO SO CARRIZOZO,County,NM,2022,7667,14,5,19,5,7,12,19,12,31,4.04
AR0370200,STAMPS PD,STAMPS PD,City,AR,2022,1191,2,0,2,0,0,0,2,0,2,1.68
WVWSP3700,STATE POLICE JESSE,STATE POLICE JESSE,State Police,WV,2022,0,4,0,4,0,1,1,4,1,5,
WI0710000,WINNEBAGO CO SO OSHKOSH,WINNEBAGO CO SO OSHKOSH,County,WI,2022,35608,105,13,118,20,39,59,125,52,177,4.97
AL0190100,ELBA PD,ELBA PD,City,AL,2022,3398,11,1,12,1,8,9,12,9,21,6.18
SC026FC00,FC: HORRY COUNTY,FC: HORRY COUNTY,Other State Agency,SC,2022,0,1,0,1,0,0,0,1,0,1,
MO0580100,BROOKFIELD,BROOKFIELD,City,MO,2022,4068,9,0,9,1,2,3,10,2,12,2.95
GA0445100,DEKALB CO SCHOOL SYSTEM DEPT OF PUBLIC SAFETY,DEKALB CO SCHOOL SYSTEM DEPT OF PUBLIC SAFETY,Other,GA,2022,0,58,104,162,6,40,46,64,144,208,
PA0233600,UPPER CHICHESTER TWP PD BOOTHWYN,UPPER CHICHESTER TWP PD BOOTHWYN,City,PA,2022,16666,23,1,24,0,0,0,23,1,24,1.44
IL0562800,MCHENRY COUNTY CONSERVATION DISTRICT,MCHENRY COUNTY CONSERVATION DISTRICT,Other,IL,2022,0,10,1,11,1,0,1,11,1,12,
OH0131500,MIAMI TOWNSHIP,MIAMI TOWNSHIP,City,OH,2022,44356,38,1,39,6,4,10,44,5,49,1.10
MA0092200,HUDSON PD,HUDSON PD,City,MA,2022,19623,32,4,36,3,7,10,35,11,46,2.34
NC0930200,WARRENTON PD,WARRENTON PD,City,NC,2022,861,4,0,4,0,1,1,4,1,5,5.81
MI8290600,UNIVERSITY OF MICHIGAN CAMPUS PD,UNIVERSITY OF MICHIGAN CAMPUS PD,University or College,MI,2022,0,8,10,18,5,3,8,13,13,26,
SC0460300,ROCK HILL PD,ROCK HILL PD,City,SC,2022,74047,123,5,128,29,42,71,152,47,199,2.69
VA062019P,,,City,VA,2022,166,10,1,11,0,4,4,10,5,15,90.36
WV0300500,MATEWAN PD,MATEWAN PD,City,WV,2022,393,1,0,1,0,0,0,1,0,1,2.54
VT0141100,ROYALTON POLICE DEPARTMENT,ROYALTON POLICE DEPARTMENT,City,VT,2022,2794,0,0,0,2,0,2,2,0,2,0.72
SC0100000,CHARLESTON CO SO CHARLESTON,CHARLESTON CO SO CHARLESTON,County,SC,2022,86333,205,132,337,42,207,249,247,339,586,6.79
NC0650100,CAROLINA BEACH PD,CAROLINA BEACH PD,City,NC,2022,6652,28,0,28,2,2,4,30,2,32,4.81
NC0010200,ELON POLICE DEPARTMENT,ELON POLICE DEPARTMENT,City,NC,2022,11369,18,0,18,2,1,3,20,1,21,1.85
PA0011500,BIGLERVILLE PD,BIGLERVILLE PD,City,PA,2022,1228,1,0,1,0,0,0,1,0,1,0.81
IN0270100,GAS CITY PD,GAS CITY PD,City,IN,2022,6062,11,0,11,1,0,1,12,0,12,1.98
AR0580000,POPE CO SO RUSSELLVILLE,POPE CO SO RUSSELLVILLE,County,AR,2022,27389,37,35,72,0,20,20,37,55,92,3.36
PA0160700,CLARION UNIVERSITY CAMPUS PD CLARION,CLARION UNIVERSITY CAMPUS PD CLARION,University or College,PA,2022,0,4,2,6,2,1,3,6,3,9,
GA0290200,UNIVERSITY OF GEORGIA PD ATHENS,UNIVERSITY OF GEORGIA PD ATHENS,University or College,GA,2022,0,60,8,68,11,16,27,71,24,95,
FL0641000,ORANGE CITY PD,ORANGE CITY PD,City,FL,2022,14880,18,0,18,5,3,8,23,3,26,1.75
LA0170000,EAST BATON ROUGE CO SO BATON ROUGE,EAST BATON ROUGE CO SO BATON ROUGE,County,LA,2022,197399,477,17,494,164,121,285,641,138,779,3.95
NH0087000,SOUTH HAMPTON PD,SOUTH HAMPTON PD,City,NH,2022,896,2,0,2,0,0,0,2,0,2,2.23
WV0200200,CHARLESTON PD,CHARLESTON PD,City,WV,2022,47350,150,6,156,7,17,24,157,23,180,3.80
WI0430400,,,City,WI,2022,530,1,1,2,0,0,0,1,1,2,3.77
NJ0160800,PATERSON PD,PATERSON PD,City,NJ,2022,156292,348,35,383,64,33,97,412,68,480,3.07
OR0240700,HUBBARD,HUBBARD,City,OR,2022,3437,6,0,6,0,1,1,6,1,7,2.04
NB0560000,LINCOLN CO SO NORTH PLATTE,LINCOLN CO SO NORTH PLATTE,County,NB,2022,11068,21,22,43,2,22,24,23,44,67,6.05
FL0503700,FLORIDA ATLANTIC UNIVERSITY PD BOCA RATON,FLORIDA ATLANTIC UNIVERSITY PD BOCA RATON,University or College,FL,2022,0,35,23,58,11,14,25,46,37,83,
PA0450800,STROUD AREA REGIONAL POLICE DEPARTMENT,STROUD AREA REGIONAL POLICE DEPARTMENT,City,PA,2022,36044,46,2,48,3,6,9,49,8,57,1.58
OK0420100,GUTHRIE,GUTHRIE,City,OK,2022,11255,20,2,22,3,8,11,23,10,33,2.93
PA0080200,CANTON PD,CANTON PD,City,PA,2022,1720,1,0,1,0,0,0,1,0,1,0.58
OR0120000,GRANT,GRANT,County,OR,2022,5611,16,0,16,7,0,7,23,0,23,4.10
GA1420000,TURNER CO SO ASHBURN,TURNER CO SO ASHBURN,County,GA,2022,4014,18,12,30,4,14,18,22,26,48,11.96
DE0031200,FENWICK ISLAND POLICE DEPARTMENT,FENWICK ISLAND POLICE DEPARTMENT,City,DE,2022,366,7,0,7,1,1,2,8,1,9,24.59
TX1080700,LA VILLA PD,LA VILLA PD,City,TX,2022,2782,8,1,9,0,0,0,8,1,9,3.24
PA0240200,RIDGWAY PD,RIDGWAY PD,City,PA,2022,3980,5,0,5,1,1,2,6,1,7,1.76
LA0020200,OAKDALE PD,OAKDALE PD,City,LA,2022,6954,9,0,9,2,5,7,11,5,16,2.30
MO0760000,OSAGE,OSAGE,County,MO,2022,12120,7,5,12,2,5,7,9,10,19,1.57
NC0890000,TYRRELL CO SO COLUMBIA,TYRRELL CO SO COLUMBIA,County,NC,2022,3292,11,0,11,2,2,4,13,2,15,4.56
PA0030800,KISKIMINETAS TWP PD APOLLO,KISKIMINETAS TWP PD APOLLO,City,PA,2022,4572,6,0,6,1,0,1,7,0,7,1.53
OH0290400,YELLOW SPRINGS,YELLOW SPRINGS,City,OH,2022,3710,5,2,7,3,3,6,8,5,13,3.50
KY0870100,MOUNT STERLING PD,MOUNT STERLING PD,City,KY,2022,7544,21,0,21,1,2,3,22,2,24,3.18
NB0450000,HOLT CO SO O'NEILL,HOLT CO SO O'NEILL,County,NB,2022,6489,6,0,6,0,2,2,6,2,8,1.23
WI0651300,GENOA CITY PD,GENOA CITY PD,City,WI,2022,2997,4,0,4,1,1,2,5,1,6,2.00
NC0240600,LAKE WACCAMAW PD,LAKE WACCAMAW PD,City,NC,2022,1262,4,0,4,0,0,0,4,0,4,3.17
WIDI01100,,,Tribal,WI,2022,0,9,0,9,3,2,5,12,2,14,
SC0210700,QUINBY PD,QUINBY PD,City,SC,2022,904,1,0,1,0,0,0,1,0,1,1.11
AL0020700,SATSUMA PD,SATSUMA PD,City,AL,2022,6811,12,0,12,1,5,6,13,5,18,2.64
MI2112100,DELTA CO SO ESCANABA,DELTA CO SO ESCANABA,County,MI,2022,19159,18,22,40,0,5,5,18,27,45,2.35
WIDI01000,STOCKBRIDGE MUNSEE POLICE DEPARTMENT,STOCKBRIDGE MUNSEE POLICE DEPARTMENT,Tribal,WI,2022,0,4,0,4,1,0,1,5,0,5,
AR0600100,JACKSONVILLE PD,JACKSONVILLE PD,City,AR,2022,29136,35,6,41,12,7,19,47,13,60,2.06
MI6446200,HART PD,HART PD,City,MI,2022,1988,5,0,5,6,0,6,11,0,11,5.53
VA0590000,MIDDLESEX CO SO SALUDA,MIDDLESEX CO SO SALUDA,County,VA,2022,10979,10,0,10,4,8,12,14,8,22,2.00
IL0710000,OGLE CO SO OREGON,OGLE CO SO OREGON,County,IL,2022,28204,26,5,31,2,19,21,28,24,52,1.84
OH0311500,GREENHILLS,GREENHILLS,City,OH,2022,3658,8,0,8,2,1,3,10,1,11,3.01
WV0380000,POCAHONTAS CO SO MARLINTON,POCAHONTAS CO SO MARLINTON,County,WV,2022,6851,5,2,7,0,3,3,5,5,10,1.46
AL0380400,COLUMBIA PD,COLUMBIA PD,City,AL,2022,691,2,0,2,0,0,0,2,0,2,2.89
KS0210100,ABILENE PD,ABILENE PD,City,KS,2022,6489,10,1,11,4,2,6,14,3,17,2.62
NJ0023500,MIDLAND PARK PD,MIDLAND PARK PD,City,NJ,2022,6930,16,1,17,0,0,0,16,1,17,2.45
ND0110200,OAKES PD,OAKES PD,City,ND,2022,1778,4,0,4,0,0,0,4,0,4,2.25
MI2539300,FENTON PD,FENTON PD,City,MI,2022,11947,12,2,14,2,2,4,14,4,18,1.51
TN0090600,HOLLOW ROCK PD,HOLLOW ROCK PD,City,TN,2022,690,1,0,1,0,0,0,1,0,1,1.45
IA0980000,WORTH CO SO NORTHWOOD,WORTH CO SO NORTHWOOD,County,IA,2022,7351,13,4,17,0,9,9,13,13,26,3.54
ME0010100,AUBURN PD,AUBURN PD,City,ME,2022,24122,46,1,47,1,5,6,47,6,53,2.20
PA0260100,BROWNSVILLE PD,BROWNSVILLE PD,City,PA,2022,2128,2,0,2,0,0,0,2,0,2,0.94
WV0490000,UPSHUR CO SO BUCKHANNON,UPSHUR CO SO BUCKHANNON,County,WV,2022,18540,12,1,13,0,1,1,12,2,14,0.76
CT0005700,GREENWICH PD,GREENWICH PD,City,CT,2022,63631,134,11,145,12,14,26,146,25,171,2.69
MS0170800,,,University or College,MS,2022,0,3,0,3,0,0,0,3,0,3,
NC0360000,GASTON CO SO GASTONIA,GASTON CO SO GASTONIA,County,NC,2022,0,91,72,163,15,59,74,106,131,237,
NH0058100,,,University or College,NH,2022,0,6,0,6,2,0,2,8,0,8,
AZ0140700,COCOPAH TRIBAL PD SOMERTON,COCOPAH TRIBAL PD SOMERTON,Tribal,AZ,2022,0,10,4,14,2,3,5,12,7,19,
TX0670200,EASTLAND PD,EASTLAND PD,City,TX,2022,3630,9,0,9,2,2,4,11,2,13,3.58
WI0620800,STRUM PD,STRUM PD,City,WI,2022,1056,2,0,2,0,0,0,2,0,2,1.89
NJ0153200,TUCKERTON PD,TUCKERTON PD,City,NJ,2022,3682,13,0,13,0,1,1,13,1,14,3.80
WI0040100,WASHBURN PD,WASHBURN PD,City,WI,2022,2060,5,0,5,0,0,0,5,0,5,2.43
SC002FC00,FC: AIKEN COUNTY,FC: AIKEN COUNTY,Other State Agency,SC,2022,0,2,0,2,0,0,0,2,0,2,
PA0402300,SWOYERSVILLE POLICE DEPARTMENT SWOYERSVILLE,SWOYERSVILLE POLICE DEPARTMENT SWOYERSVILLE,City,PA,2022,5017,4,0,4,2,0,2,6,0,6,1.20
SC0423000,PUBLIC SAFETY DEPT SC SCHOOL FOR DEAF AND BLIND,PUBLIC SAFETY DEPT SC SCHOOL FOR DEAF AND BLIND,Other State Agency,SC,2022,0,1,0,1,0,0,0,1,0,1,
TX1070700,GUN BARREL CITY PD,GUN BARREL CITY PD,City,TX,2022,6551,11,0,11,3,6,9,14,6,20,3.05
LA0270000,JEFFERSON DAVIS CO SO JENNINGS,JEFFERSON DAVIS CO SO JENNINGS,County,LA,2022,16779,81,0,81,32,0,32,113,0,113,6.73
PA0021E00,SOUTH PARK TWP POLICE DEPARTMENT SOUTH PARK TWP,SOUTH PARK TWP POLICE DEPARTMENT SOUTH PARK TWP,City,PA,2022,13715,14,0,14,0,1,1,14,1,15,1.09
OK0552200,PUTNAM CITY CAMPUS,PUTNAM CITY CAMPUS,Other,OK,2022,0,12,2,14,0,2,2,12,4,16,
WI0080000,CALUMET CO SO CHILTON,CALUMET CO SO CHILTON,County,WI,2022,28132,28,12,40,2,15,17,30,27,57,2.03
AR0410000,LITTLE RIVER CO SO ASHDOWN,LITTLE RIVER CO SO ASHDOWN,County,AR,2022,7789,13,8,21,2,11,13,15,19,34,4.37
OK0200100,CLINTON,CLINTON,City,OK,2022,8280,12,2,14,2,8,10,14,10,24,2.90
PA0116500,UNIV OF PITT: JOHNSTOWN,UNIV OF PITT: JOHNSTOWN,University or College,PA,2022,0,7,2,9,2,1,3,9,3,12,
NC0360800,LOWELL PD,LOWELL PD,City,NC,2022,3740,7,1,8,2,0,2,9,1,10,2.67
OH0254400,COLUMBUS STATE COMM COLL,COLUMBUS STATE COMM COLL,University or College,OH,2022,0,19,6,25,4,13,17,23,19,42,
CA0342200,CA DEPT OF PARKS RECREATION CAPITAL,CA DEPT OF PARKS RECREATION CAPITAL,Other State Agency,CA,2022,0,432,17,449,92,26,118,524,43,567,
AZ0080700,KAIBAB PAIUTE LAW ENFORC AGENCY PIPESPRING,KAIBAB PAIUTE LAW ENFORC AGENCY PIPESPRING,Tribal,AZ,2022,0,0,0,0,1,0,1,1,0,1,
WY0140000,NIOBRARA CO SO LUSK,NIOBRARA CO SO LUSK,County,WY,2022,945,7,2,9,3,4,7,10,6,16,16.93
IA0460000,HUMBOLDT CO SO HUMBOLDT,HUMBOLDT CO SO HUMBOLDT,County,IA,2022,4888,9,0,9,0,1,1,9,1,10,2.05
WA0200000,KLICKITAT CO SO GOLDENDALE,KLICKITAT CO SO GOLDENDALE,County,WA,2022,16587,17,10,27,0,9,9,17,19,36,2.17
VA0140000,BUCHANAN CO SO GRUNDY,BUCHANAN CO SO GRUNDY,County,VA,2022,18686,33,2,35,3,12,15,36,14,50,2.68
SC0060200,WILLISTON PD,WILLISTON PD,City,SC,2022,2882,9,0,9,0,1,1,9,1,10,3.47
WADI01400,NOOKSACK TRIBAL POLICE DEPARTMENT,NOOKSACK TRIBAL POLICE DEPARTMENT,Tribal,WA,2022,0,6,0,6,1,0,1,7,0,7,
MA0010300,BREWSTER PD,BREWSTER PD,City,MA,2022,10647,19,0,19,4,5,9,23,5,28,2.63
WI0230200,BRODHEAD PD,BRODHEAD PD,City,WI,2022,3241,7,0,7,0,2,2,7,2,9,2.78
MA0070400,CHESTER,CHESTER,City,MA,2022,1221,0,0,0,1,0,1,1,0,1,0.82
NJ0210000,WARREN CO SHERIFFS OFF BELVIDERE,WARREN CO SHERIFFS OFF BELVIDERE,County,NJ,2022,0,16,0,16,2,4,6,18,4,22,
IL0451700,WEST DUNDEE PD,WEST DUNDEE PD,City,IL,2022,7727,19,1,20,3,2,5,22,3,25,3.24
WI0450400,FOX VALLEY METRO POLICE DEPARTMENT,FOX VALLEY METRO POLICE DEPARTMENT,City,WI,2022,23894,25,0,25,2,2,4,27,2,29,1.21
TN0090100,HUNTINGDON PD,HUNTINGDON PD,City,TN,2022,4432,14,4,18,2,0,2,16,4,20,4.51
WA0280000,SAN JUAN CO SO FRIDAY HARBOR,SAN JUAN CO SO FRIDAY HARBOR,County,WA,2022,19393,18,7,25,1,6,7,19,13,32,1.65
IL0110500,ASSUMPTION PD,ASSUMPTION PD,City,IL,2022,1172,1,0,1,0,0,0,1,0,1,0.85
IL0848400,,,Other State Agency,IL,2022,0,25,0,25,9,0,9,34,0,34,
SC017SP00,HP: DILLON COUNTY,HP: DILLON COUNTY,State Police,SC,2022,0,8,2,10,2,1,3,10,3,13,
MDBPD0000,BALTIMORE CITY PD,BALTIMORE CITY PD,City,MD,2022,570546,1987,121,2108,373,362,735,2360,483,2843,4.98
SC006NR00,DNR: BARNWELL COUNTY,DNR: BARNWELL COUNTY,Other State Agency,SC,2022,0,3,0,3,0,0,0,3,0,3,
WV0250300,RIVESVILLE PD,RIVESVILLE PD,City,WV,2022,817,1,0,1,0,0,0,1,0,1,1.22
AR0740100,AUGUSTA PD,AUGUSTA PD,City,AR,2022,1928,6,0,6,0,0,0,6,0,6,3.11
TX1770000,NOLAN CO SO SWEETWATER,NOLAN CO SO SWEETWATER,County,TX,2022,2910,14,10,24,2,13,15,16,23,39,13.40
OR0180000,KLAMATH,KLAMATH,County,OR,2022,46815,32,2,34,3,10,13,35,12,47,1.00
MO0481000,RAYTOWN,RAYTOWN,City,MO,2022,29224,27,8,35,3,8,11,30,16,46,1.57
NY0590800,RYE CITY PD,RYE CITY PD,City,NY,2022,16243,34,4,38,3,1,4,37,5,42,2.59
NH0084000,NEW CASTLE,NEW CASTLE,City,NH,2022,999,4,0,4,0,0,0,4,0,4,4.00
MI5838100,ERIE TWP PD ERIE,ERIE TWP PD ERIE,City,MI,2022,4293,2,0,2,0,0,0,2,0,2,0.47
MA0120800,HANOVER PD,HANOVER PD,City,MA,2022,15578,28,3,31,1,4,5,29,7,36,2.31
AR0180400,MARION PD,MARION PD,City,AR,2022,13602,24,0,24,6,2,8,30,2,32,2.35
MO0640200,PALMYRA,PALMYRA,City,MO,2022,3629,7,0,7,1,1,2,8,1,9,2.48
NJ0110200,EWING TWP PD TRENTON,EWING TWP PD TRENTON,City,NJ,2022,37408,65,4,69,11,11,22,76,15,91,2.43
NC0680500,UNC HOSPITALS SPECIAL POLICE,UNC HOSPITALS SPECIAL POLICE,Other,NC,2022,0,34,64,98,3,21,24,37,85,122,
WA0110100,CONNELL PD,CONNELL PD,City,WA,2022,4945,7,0,7,0,1,1,7,1,8,1.62
PA0090500,FALLS TOWNSHIP POLICE DEPARTMENT FAIRLESS HILLS,FALLS TOWNSHIP POLICE DEPARTMENT FAIRLESS HILLS,City,PA,2022,34541,48,2,50,3,4,7,51,6,57,1.65
OH0771000,NORTON,NORTON,City,OH,2022,11507,16,0,16,1,1,2,17,1,18,1.56
MA0121700,MIDDLEBORO PD,MIDDLEBORO PD,City,MA,2022,25744,40,2,42,3,4,7,43,6,49,1.90
TN0340000,HANCOCK CO SO SNEEDVILLE,HANCOCK CO SO SNEEDVILLE,County,TN,2022,6975,21,31,52,2,9,11,23,40,63,9.03
NJ0025400,ROCHELLE PARK PD,ROCHELLE PARK PD,City,NJ,2022,5841,23,4,27,0,0,0,23,4,27,4.62
WA0391300,WAPATO PD,WAPATO PD,City,WA,2022,4509,5,0,5,3,2,5,8,2,10,2.22
NH0062800,HUDSON PD,HUDSON PD,City,NH,2022,25530,42,4,46,8,13,21,50,17,67,2.62
ID001015A,,,Other State Agency,ID,2022,0,18,0,18,2,8,10,20,8,28,
NC0970200,WILKESBORO PD,WILKESBORO PD,City,NC,2022,3567,20,0,20,2,2,4,22,2,24,6.73
MO0850300,RICHLAND,RICHLAND,City,MO,2022,1726,3,0,3,1,1,2,4,1,5,2.90
OR0030300,GLADSTONE,GLADSTONE,City,OR,2022,11946,15,1,16,0,2,2,15,3,18,1.51
LA0070900,,,City,LA,2022,1330,4,0,4,2,0,2,6,0,6,4.51
MA0010700,FALMOUTH PD,FALMOUTH PD,City,MA,2022,33873,50,2,52,7,3,10,57,5,62,1.83
GA0250800,GEORGIA PORTS AUTHORITY SAVANNAH,GEORGIA PORTS AUTHORITY SAVANNAH,Other State Agency,GA,2022,0,120,19,139,18,23,41,138,42,180,
LA0100700,IOWA PD,IOWA PD,City,LA,2022,2972,12,0,12,4,4,8,16,4,20,6.73
GA0280100,CANTON PD,CANTON PD,City,GA,2022,35813,36,3,39,8,6,14,44,9,53,1.48
NY0500000,STEUBEN CO SHERIFF'S DEPARTMENT BATH,STEUBEN CO SHERIFF'S DEPARTMENT BATH,County,NY,2022,57967,37,2,39,3,8,11,40,10,50,0.86
NY0572400,FORT EDWARD VILLAGE PD FORT EDWARD,FORT EDWARD VILLAGE PD FORT EDWARD,City,NY,2022,3145,4,0,4,1,0,1,5,0,5,1.59
AL0540200,GORDO PD,GORDO PD,City,AL,2022,1590,4,0,4,0,0,0,4,0,4,2.52
UT0251000,SALEM PD,SALEM PD,City,UT,2022,10308,11,0,11,2,1,3,13,1,14,1.36
NC0840600,ST PARK RANGER MORROW MTN ST PARK ALBEMARLE,ST PARK RANGER MORROW MTN ST PARK ALBEMARLE,Other State Agency,NC,2022,0,3,0,3,1,1,2,4,1,5,
NH0062400,HILLSBOROUGH PD,HILLSBOROUGH PD,City,NH,2022,5968,13,1,14,2,7,9,15,8,23,3.85
MO0660200,IBERIA,IBERIA,City,MO,2022,717,4,0,4,0,1,1,4,1,5,6.97
VA0720000,POWHATAN CO SO POWHATAN,POWHATAN CO SO POWHATAN,County,VA,2022,31965,41,1,42,7,6,13,48,7,55,1.72
SC0240400,NINETY SIX PD,NINETY SIX PD,City,SC,2022,2074,7,0,7,2,0,2,9,0,9,4.34
OK0590500,,,City,OK,2022,290,1,0,1,0,0,0,1,0,1,3.45
NC0990200,YADKINVILLE PD,YADKINVILLE PD,City,NC,2022,2790,11,0,11,1,1,2,12,1,13,4.66
NC0290000,DAVIDSON CO SO LEXINGTON,DAVIDSON CO SO LEXINGTON,County,NC,2022,119914,105,29,134,16,30,46,121,59,180,1.50
PA0190800,SCOTT TWP PD BLOOMSBURG,SCOTT TWP PD BLOOMSBURG,City,PA,2022,5537,9,0,9,0,0,0,9,0,9,1.63
AR0720600,LINCOLN PD,LINCOLN PD,City,AR,2022,2309,9,0,9,0,0,0,9,0,9,3.90
SC0410000,SALUDA CO SO SALUDA,SALUDA CO SO SALUDA,County,SC,2022,14889,23,4,27,4,8,12,27,12,39,2.62
OK0240100,ENID,ENID,City,OK,2022,49990,72,10,82,3,16,19,75,26,101,2.02
PA0025300,BRACKENRIDGE PD,BRACKENRIDGE PD,City,PA,2022,3159,3,0,3,1,0,1,4,0,4,1.27
VT0020400,MANCHESTER PD MANCHESTER CENTER,MANCHESTER PD MANCHESTER CENTER,City,VT,2022,4499,8,2,10,1,2,3,9,4,13,2.89
MI4142900,GRAND RAPIDS COMMUNITY COLLEGE CAMPUS POLICE,GRAND RAPIDS COMMUNITY COLLEGE CAMPUS POLICE,University or College,MI,2022,0,11,1,12,3,3,6,14,4,18,
IL0820200,BELLEVILLE PD,BELLEVILLE PD,City,IL,2022,41291,60,6,66,12,17,29,72,23,95,2.30
VT0040600,MILTON PD,MILTON PD,City,VT,2022,10656,15,0,15,2,1,3,17,1,18,1.69
MA0110100,AVON PD,AVON PD,City,MA,2022,4764,13,1,14,1,5,6,14,6,20,4.20
NC0340300,WINSTON-SALEM STATE UNIV POLICE WINSTON-SALEM,WINSTON-SALEM STATE UNIV POLICE WINSTON-SALEM,University or College,NC,2022,0,7,2,9,6,5,11,13,7,20,
NJ0133000,ABERDEEN TWP PD ABERDEEN,ABERDEEN TWP PD ABERDEEN,City,NJ,2022,19345,41,2,43,2,5,7,43,7,50,2.58
MA0112700,WEYMOUTH PD,WEYMOUTH PD,City,MA,2022,58231,91,8,99,9,16,25,100,24,124,2.13
TX2160000,STERLING CO SO STERLING CITY,STERLING CO SO STERLING CITY,County,TX,2022,1387,5,0,5,0,0,0,5,0,5,3.60
TN0160200,TULLAHOMA PD,TULLAHOMA PD,City,TN,2022,20948,22,4,26,8,3,11,30,7,37,1.77
WV0390700,REEDSVILLE PD,REEDSVILLE PD,City,WV,2022,565,1,0,1,0,1,1,1,1,2,3.54
MN0030400,,,City,MN,2022,721,2,0,2,0,0,0,2,0,2,2.77
GA1240000,SCREVEN CO SO SYLVANIA,SCREVEN CO SO SYLVANIA,County,GA,2022,11034,18,2,20,7,6,13,25,8,33,2.99
MI7467600,PORT HURON PD,PORT HURON PD,City,MI,2022,28675,45,1,46,9,7,16,54,8,62,2.16
OH0410300,STEUBENVILLE,STEUBENVILLE,City,OH,2022,17869,36,2,38,2,3,5,38,5,43,2.41
MN0490500,,,City,MN,2022,1266,1,0,1,1,0,1,2,0,2,1.58
MI6375100,SOUTHFIELD PD,SOUTHFIELD PD,City,MI,2022,75432,90,7,97,21,21,42,111,28,139,1.84
NJ0132900,MATAWAN PD,MATAWAN PD,City,NJ,2022,9734,21,0,21,2,1,3,23,1,24,2.47
FL0600500,WILDWOOD PD,WILDWOOD PD,City,FL,2022,17167,28,2,30,6,4,10,34,6,40,2.33
AR0471000,ETOWAH POLICE DEPARTMENT,ETOWAH POLICE DEPARTMENT,City,AR,2022,243,1,0,1,0,0,0,1,0,1,4.12
PA0231300,GLENOLDEN PD,GLENOLDEN PD,City,PA,2022,7119,9,0,9,1,1,2,10,1,11,1.55
NY0452400,SOUTH GLENS FALLS VILLAGE PD SOUTH GLENS FALLS,SOUTH GLENS FALLS VILLAGE PD SOUTH GLENS FALLS,City,NY,2022,3781,4,0,4,0,0,0,4,0,4,1.06
PA0441100,,,Other State Agency,PA,2022,0,1,3,4,0,1,1,1,4,5,
MO0950200,BALLWIN,BALLWIN,City,MO,2022,30630,41,2,43,6,9,15,47,11,58,1.89
IN0570300,ALBION PD,ALBION PD,City,IN,2022,2232,6,0,6,0,0,0,6,0,6,2.69
TX0571800,MESQUITE PD,MESQUITE PD,City,TX,2022,147226,214,19,233,16,63,79,230,82,312,2.12
TX0572800,UNIV OF TEXAS PD DALLAS,UNIV OF TEXAS PD DALLAS,University or College,TX,2022,0,20,29,49,4,16,20,24,45,69,
VA1300200,RADFORD UNIVERSITY POLICE DEPARTMENT,RADFORD UNIVERSITY POLICE DEPARTMENT,University or College,VA,2022,0,17,1,18,4,3,7,21,4,25,
PA0230300,BROOKHAVEN PD,BROOKHAVEN PD,City,PA,2022,8200,12,0,12,0,1,1,12,1,13,1.59
ME0020500,MADAWASKA PD,MADAWASKA PD,City,ME,2022,3846,6,0,6,0,1,1,6,1,7,1.82
AR0500000,NEVADA CO SO PRESCOTT,NEVADA CO SO PRESCOTT,County,AR,2022,5130,6,9,15,0,13,13,6,22,28,5.46
OK0101400,,,City,OK,2022,64,2,0,2,2,0,2,4,0,4,62.50
NY0440200,MASSENA VILLAGE PD MASSENA,MASSENA VILLAGE PD MASSENA,City,NY,2022,10165,21,1,22,1,4,5,22,5,27,2.66
PA0403300,LEHMAN TOWNSHIP POLICE DEPARTMENT LEHMAN,LEHMAN TOWNSHIP POLICE DEPARTMENT LEHMAN,City,PA,2022,3393,7,0,7,0,0,0,7,0,7,2.06
WI0651700,DELAVAN TWP PD,DELAVAN TWP PD,City,WI,2022,5347,11,0,11,2,1,3,13,1,14,2.62
AL0370200,HEADLAND PD,HEADLAND PD,City,AL,2022,5320,10,4,14,1,11,12,11,15,26,4.89
TX1740800,,,Other,TX,2022,0,6,0,6,2,1,3,8,1,9,
GA0810400,BARTOW PD,BARTOW PD,City,GA,2022,182,1,0,1,0,1,1,1,1,2,10.99
FL0510300,ZEPHYRHILLS PD,ZEPHYRHILLS PD,City,FL,2022,19106,28,1,29,6,14,20,34,15,49,2.56
AR0530000,PERRY CO SO PERRYVILLE,PERRY CO SO PERRYVILLE,County,AR,2022,8566,10,4,14,2,7,9,12,11,23,2.69
IA0840200,HAWARDEN PD,HAWARDEN PD,City,IA,2022,2665,4,0,4,1,0,1,5,0,5,1.88
IL0822300,SWANSEA PD,SWANSEA PD,City,IL,2022,14068,18,1,19,3,1,4,21,2,23,1.63
TN0750500,EAGLEVILLE POLICE DEPARTMENT,EAGLEVILLE POLICE DEPARTMENT,City,TN,2022,914,3,0,3,0,0,0,3,0,3,3.28
IL0670000,MONROE CO SO WATERLOO,MONROE CO SO WATERLOO,County,IL,2022,11950,19,14,33,1,9,10,20,23,43,3.60
OK0550100,BETHANY,BETHANY,City,OK,2022,20322,26,3,29,1,7,8,27,10,37,1.82
PA0465600,SPR: FORT WASHINGTON,SPR: FORT WASHINGTON,Other State Agency,PA,2022,0,2,0,2,1,0,1,3,0,3,
TX0260000,BURLESON CO SO CALDWELL,BURLESON CO SO CALDWELL,County,TX,2022,12983,23,13,36,4,10,14,27,23,50,3.85
MN0640400,,,City,MN,2022,883,1,0,1,0,0,0,1,0,1,1.13
PA0150200,DOWNINGTOWN PD,DOWNINGTOWN PD,City,PA,2022,8302,24,0,24,0,3,3,24,3,27,3.25
MNMHP1100,DPS-SP DISTRICT 2700 DULUTH,DPS-SP DISTRICT 2700 DULUTH,State Police,MN,2022,0,28,0,28,4,4,8,32,4,36,
TX1650000,MIDLAND CO SO MIDLAND,MIDLAND CO SO MIDLAND,County,TX,2022,33064,64,55,119,14,64,78,78,119,197,5.96
MI8245000,GROSSE POINTE WOODS PD,GROSSE POINTE WOODS PD,City,MI,2022,16079,27,1,28,0,7,7,27,8,35,2.18
MO0190600,PECULIAR,PECULIAR,City,MO,2022,6037,11,0,11,1,1,2,12,1,13,2.15
NH0055600,LYME PD,LYME PD,City,NH,2022,1758,2,0,2,0,0,0,2,0,2,1.14
WA0172300,TUKWILA PD,TUKWILA PD,City,WA,2022,21473,62,4,66,3,18,21,65,22,87,4.05
NB0280000,DOUGLAS CO SO OMAHA,DOUGLAS CO SO OMAHA,County,NB,2022,89252,125,89,214,23,0,23,148,89,237,2.66
TX0680800,ECTOR COUNTY INDEPENDENT SCHOOL DIST PD ODESSA,ECTOR COUNTY INDEPENDENT SCHOOL DIST PD ODESSA,Other,TX,2022,0,22,0,22,5,2,7,27,2,29,
IA0540000,KEOKUK CO SO SIGOURNEY,KEOKUK CO SO SIGOURNEY,County,IA,2022,7881,7,2,9,0,3,3,7,5,12,1.52
TX0580100,LAMESA PD,LAMESA PD,City,TX,2022,8726,16,0,16,2,2,4,18,2,20,2.29
CA0300200,BREA PD,BREA PD,City,CA,2022,47617,48,7,55,6,25,31,54,32,86,1.81
MT0160200,BELGRADE PD,BELGRADE PD,City,MT,2022,12529,19,1,20,3,3,6,22,4,26,2.08
NH0070600,BOSCAWEN PD,BOSCAWEN PD,City,NH,2022,4008,7,0,7,1,1,2,8,1,9,2.25
LA0090100,SHREVEPORT PD,SHREVEPORT PD,City,LA,2022,180763,344,13,357,112,51,163,456,64,520,2.88
MN0690600,DULUTH PD,DULUTH PD,City,MN,2022,86144,111,10,121,24,28,52,135,38,173,2.01
TN0890300,31ST JUD DIST DRUG AND VIOLENT CRIME TSK FORCE,31ST JUD DIST DRUG AND VIOLENT CRIME TSK FORCE,Other,TN,2022,0,2,0,2,0,0,0,2,0,2,
NC0680200,HILLSBOROUGH PD,HILLSBOROUGH PD,City,NC,2022,9732,23,0,23,6,1,7,29,1,30,3.08
TX1230300,GROVES POLICE DEPT,GROVES POLICE DEPT,City,TX,2022,16682,20,0,20,3,4,7,23,4,27,1.62
OH0240100,WASHINGTON COURT HOUSE,WASHINGTON COURT HOUSE,City,OH,2022,14494,21,3,24,0,4,4,21,7,28,1.93
MS0310200,HEIDELBERG PD,HEIDELBERG PD,City,MS,2022,630,4,0,4,0,0,0,4,0,4,6.35
WA0340400,LACEY PD,LACEY PD,City,WA,2022,55101,46,2,48,11,9,20,57,11,68,1.23
ND0020000,BARNES CO SO VALLEY CITY,BARNES CO SO VALLEY CITY,County,ND,2022,4341,8,0,8,1,1,2,9,1,10,2.30
MN0274000,THREE RIVERS PARK DISTRICT,THREE RIVERS PARK DISTRICT,Other,MN,2022,0,10,0,10,1,1,2,11,1,12,
KS0200000,DECATUR CO SO OBERLIN,DECATUR CO SO OBERLIN,County,KS,2022,1118,3,0,3,0,0,0,3,0,3,2.68
MT0440300,COLSTRIP POLICE DEPARTMENT,COLSTRIP POLICE DEPARTMENT,City,MT,2022,2009,5,0,5,1,4,5,6,4,10,4.98
TX1016900,PORT OF HOUSTON AUTH POLICE DEPT HOUSTON,PORT OF HOUSTON AUTH POLICE DEPT HOUSTON,Other,TX,2022,0,26,4,30,7,9,16,33,13,46,
TN0090000,CARROLL CO SO HUNTINGDON,CARROLL CO SO HUNTINGDON,County,TN,2022,15551,27,20,47,2,23,25,29,43,72,4.63
NC0420300,SCOTLAND NECK PD,SCOTLAND NECK PD,City,NC,2022,1617,6,0,6,0,0,0,6,0,6,3.71
WVWSP5800,STATE POLICE WEST UNION,STATE POLICE WEST UNION,State Police,WV,2022,0,4,0,4,0,1,1,4,1,5,
MS0170300,HERNANDO PD,HERNANDO PD,City,MS,2022,17622,42,1,43,6,13,19,48,14,62,3.52
NY0030000,BROOME CO SHERIFF'S DEPARTMENT BINGHAMTON,BROOME CO SHERIFF'S DEPARTMENT BINGHAMTON,County,NY,2022,90751,55,8,63,4,14,18,59,22,81,0.89
IL0740000,PIATT CO SO MONTICELLO,PIATT CO SO MONTICELLO,County,IL,2022,7898,13,11,24,1,12,13,14,23,37,4.68
OH0540800,ROCKFORD,ROCKFORD,City,OH,2022,1022,2,0,2,0,0,0,2,0,2,1.96
WA0270900,MILTON PD,MILTON PD,City,WA,2022,9113,12,1,13,1,0,1,13,1,14,1.54
SC0110200,GAFFNEY PD,GAFFNEY PD,City,SC,2022,12291,30,1,31,3,4,7,33,5,38,3.09
NY0152700,TICONDEROGA TOWN PD TICONDEROGA,TICONDEROGA TOWN PD TICONDEROGA,City,NY,2022,4739,6,0,6,1,0,1,7,0,7,1.48
VA0880000,SPOTSYLVANIA CO SO SPOTSYLVANIA,SPOTSYLVANIA CO SO SPOTSYLVANIA,County,VA,2022,147459,190,0,190,32,38,70,222,38,260,1.76
AL0660000,WILCOX CO SO CAMDEN,WILCOX CO SO CAMDEN,County,AL,2022,7853,9,2,11,0,3,3,9,5,14,1.78
NC0280300,NAGS HEAD PD,NAGS HEAD PD,City,NC,2022,3218,21,0,21,1,2,3,22,2,24,7.46
SC0250200,ESTILL PD,ESTILL PD,City,SC,2022,1790,2,0,2,0,1,1,2,1,3,1.68
IL0600200,BETHALTO PD,BETHALTO PD,City,IL,2022,9311,15,0,15,0,1,1,15,1,16,1.72
NY0435200,ORANGETOWN TOWN PD ORANGEBURG,ORANGETOWN TOWN PD ORANGEBURG,City,NY,2022,39317,82,1,83,6,7,13,88,8,96,2.44
WV0040200,SUTTON PD,SUTTON PD,City,WV,2022,847,1,0,1,0,0,0,1,0,1,1.18
MI6371400,ROYAL OAK PD,ROYAL OAK PD,City,MI,2022,57808,70,15,85,7,17,24,77,32,109,1.89
AR0600400,SHERWOOD PD,SHERWOOD PD,City,AR,2022,33232,65,6,71,6,17,23,71,23,94,2.83
TX1080800,MC ALLEN PD,MC ALLEN PD,City,TX,2022,145510,236,70,306,46,68,114,282,138,420,2.89
KY0560400,SHIVELY PD,SHIVELY PD,City,KY,2022,15438,29,3,32,2,3,5,31,6,37,2.40
KS0520500,BASEHOR PD,BASEHOR PD,City,KS,2022,7546,12,0,12,3,2,5,15,2,17,2.25
CO0350500,CO ST UNIV: FORT COLLINS,CO ST UNIV: FORT COLLINS,University or College,CO,2022,0,21,7,28,8,13,21,29,20,49,
NJ0010700,EGG HARBOR CITY PD,EGG HARBOR CITY PD,City,NJ,2022,4402,13,0,13,2,1,3,15,1,16,3.63
NH0073600,NEWBURY PD,NEWBURY PD,City,NH,2022,2236,5,0,5,0,0,0,5,0,5,2.24
WVWSP0200,STATE POLICE BERKELEY SPRINGS,STATE POLICE BERKELEY SPRINGS,State Police,WV,2022,0,4,0,4,0,1,1,4,1,5,
GA0570300,CAVE SPRING PD,CAVE SPRING PD,City,GA,2022,1195,4,0,4,0,0,0,4,0,4,3.35
NY0030300,JOHNSON CITY VILLAGE PD JOHNSON CITY,JOHNSON CITY VILLAGE PD JOHNSON CITY,City,NY,2022,15107,39,2,41,2,2,4,41,4,45,2.98
MD0221100,HAGERSTOWN COMM COLLEGE POLICE DEPT,HAGERSTOWN COMM COLLEGE POLICE DEPT,University or College,MD,2022,0,3,1,4,0,1,1,3,2,5,
SC0210100,FLORENCE PD,FLORENCE PD,City,SC,2022,39997,69,5,74,6,17,23,75,22,97,2.43
MI2712700,GOGEBIC CO SO BESSEMER,GOGEBIC CO SO BESSEMER,County,MI,2022,7460,15,7,22,0,2,2,15,9,24,3.22
PA0465700,MARLBOROUGH TWP PD GREEN LANE,MARLBOROUGH TWP PD GREEN LANE,City,PA,2022,3522,4,0,4,0,0,0,4,0,4,1.14
OH0481100,WATERVILLE,WATERVILLE,City,OH,2022,6022,4,0,4,1,0,1,5,0,5,0.83
MO0952200,DES PERES,DES PERES,City,MO,2022,9135,40,2,42,3,4,7,43,6,49,5.36
TX1430000,LAVACA CO SO HALLETTSVILLE,LAVACA CO SO HALLETTSVILLE,County,TX,2022,11174,11,7,18,2,12,14,13,19,32,2.86
PA0080100,ATHENS PD,ATHENS PD,City,PA,2022,3250,4,0,4,1,0,1,5,0,5,1.54
AL0450200,HAYNEVILLE PD,HAYNEVILLE PD,City,AL,2022,751,3,0,3,0,0,0,3,0,3,3.99
TX0200900,MANVEL PD,MANVEL PD,City,TX,2022,14821,27,0,27,4,8,12,31,8,39,2.63
IL0490000,LAKE CO SO LIBERTYVILLE,LAKE CO SO LIBERTYVILLE,County,IL,2022,133984,149,169,318,18,90,108,167,259,426,3.18
PA0330300,PUNXSUTAWNEY PD,PUNXSUTAWNEY PD,City,PA,2022,5683,9,0,9,0,1,1,9,1,10,1.76
CA0431300,SAN JOSE PD,SAN JOSE PD,City,CA,2022,956814,971,127,1098,138,331,469,1109,458,1567,1.64
MA009629E,HARVARD UNIVERSITY CAMPUS POLICE,HARVARD UNIVERSITY CAMPUS POLICE,University or College,MA,2022,0,54,14,68,10,9,19,64,23,87,
MA0030300,BERKLEY PD,BERKLEY PD,City,MA,2022,6844,10,0,10,0,0,0,10,0,10,1.46
KS0180400,UDALL PD,UDALL PD,City,KS,2022,655,1,0,1,2,0,2,3,0,3,4.58
NJ0070300,CALDWELL PD,CALDWELL PD,City,NJ,2022,8734,18,0,18,2,1,3,20,1,21,2.40
TN0160100,MANCHESTER PD,MANCHESTER PD,City,TN,2022,13045,31,0,31,3,4,7,34,4,38,2.91
FL0370800,FL FISH AND WILDLIFE CONSERVATION COMMISSION,FL FISH AND WILDLIFE CONSERVATION COMMISSION,Other State Agency,FL,2022,0,737,77,814,81,101,182,818,178,996,
MN0320200,LAKEFIELD PD,LAKEFIELD PD,City,MN,2022,1730,3,0,3,0,0,0,3,0,3,1.73
NY0592700,IRVINGTON VILLAGE PD IRVINGTON,IRVINGTON VILLAGE PD IRVINGTON,City,NY,2022,6449,21,1,22,2,1,3,23,2,25,3.88
SD0260100,GREGORY PD,GREGORY PD,City,SD,2022,1175,2,0,2,0,0,0,2,0,2,1.70
MN0440000,MAHNOMEN CO SO MAHNOMEN,MAHNOMEN CO SO MAHNOMEN,County,MN,2022,5463,14,0,14,1,6,7,15,6,21,3.84
KS0190900,MULBERRY PD,MULBERRY PD,City,KS,2022,415,1,0,1,0,0,0,1,0,1,2.41
NC0810200,RUTHERFORDTON PD,RUTHERFORDTON PD,City,NC,2022,3622,14,0,14,1,0,1,15,0,15,4.14
NY0042000,ALLEGANY VILLAGE PD,ALLEGANY VILLAGE PD,City,NY,2022,1571,3,0,3,0,0,0,3,0,3,1.91
AK0013100,HOONAH PD,HOONAH PD,City,AK,2022,953,4,1,5,0,4,4,4,5,9,9.44
MO0940000,ST. FRANCOIS,ST. FRANCOIS,County,MO,2022,25188,85,2,87,17,11,28,102,13,115,4.57
NC0860300,PILOT MOUNTAIN PD,PILOT MOUNTAIN PD,City,NC,2022,1432,10,0,10,0,1,1,10,1,11,7.68
AR0320000,INDEPENDENCE CO SO BATESVILLE,INDEPENDENCE CO SO BATESVILLE,County,AR,2022,26495,33,8,41,1,9,10,34,17,51,1.92
GA0100400,ENIGMA PD,ENIGMA PD,City,GA,2022,1066,3,0,3,0,1,1,3,1,4,3.75
GA011099E,MERCER UNIV DPS CAMPUS SECURITY MACON,MERCER UNIV DPS CAMPUS SECURITY MACON,University or College,GA,2022,0,17,1,18,3,7,10,20,8,28,
CA043210X,WEST VALLEY COMMUNITY COLLEGE POLICE DEPT,WEST VALLEY COMMUNITY COLLEGE POLICE DEPT,University or College,CA,2022,0,9,2,11,0,3,3,9,5,14,
KS1030000,WILSON CO SO FREDONIA,WILSON CO SO FREDONIA,County,KS,2022,4163,10,1,11,1,3,4,11,4,15,3.60
MD0171800,MORNINGSIDE PD MORNINGSIDE,MORNINGSIDE PD MORNINGSIDE,City,MD,2022,1207,6,0,6,0,1,1,6,1,7,5.80
MO0210400,SALISBURY,SALISBURY,City,MO,2022,1561,3,0,3,0,1,1,3,1,4,2.56
NB0600000,MADISON CO SO MADISON,MADISON CO SO MADISON,County,NB,2022,6194,14,0,14,2,5,7,16,5,21,3.39
FL0062700,SUNRISE PD SUNRISE,SUNRISE PD SUNRISE,City,FL,2022,95018,161,15,176,29,44,73,190,59,249,2.62
AR0110000,CLAY CO SO CORNING,CLAY CO SO CORNING,County,AR,2022,7564,6,0,6,0,0,0,6,0,6,0.79
MN0050000,BENTON CO SO FOLEY,BENTON CO SO FOLEY,County,MN,2022,13745,24,18,42,1,27,28,25,45,70,5.09
WY0150100,CODY,CODY,City,WY,2022,10281,21,0,21,1,3,4,22,3,25,2.43
IL0900200,DELAVAN PD,DELAVAN PD,City,IL,2022,1548,4,0,4,2,0,2,6,0,6,3.88
OH0600100,ZANESVILLE,ZANESVILLE,City,OH,2022,24703,53,12,65,0,19,19,53,31,84,3.40
OH0780500,NEWTON FALLS,NEWTON FALLS,City,OH,2022,4540,4,0,4,0,0,0,4,0,4,0.88
IA0230000,CLINTON CO SO CLINTON,CLINTON CO SO CLINTON,County,IA,2022,11990,26,10,36,1,15,16,27,25,52,4.34
MA0141200,DOUGLAS PD EAST DOUGLAS,DOUGLAS PD EAST DOUGLAS,City,MA,2022,9146,14,1,15,1,3,4,15,4,19,2.08
MO0510300,WARRENSBURG,WARRENSBURG,City,MO,2022,19703,19,3,22,11,2,13,30,5,35,1.78
OH0090000,BUTLER,BUTLER,County,OH,2022,81000,134,126,260,11,106,117,145,232,377,4.65
GA0170000,BURKE CO SO WAYNESBORO,BURKE CO SO WAYNESBORO,County,GA,2022,17115,69,22,91,11,31,42,80,53,133,7.77
MA0144600,SPENCER PD,SPENCER PD,City,MA,2022,11953,16,0,16,1,4,5,17,4,21,1.76
MN0140000,CLAY CO SO MOORHEAD,CLAY CO SO MOORHEAD,County,MN,2022,10062,31,26,57,4,27,31,35,53,88,8.75
PA0390200,CATASAUQUA PD,CATASAUQUA PD,City,PA,2022,6489,9,0,9,1,1,2,10,1,11,1.70
MI5076500,STERLING HEIGHTS PD STERLING HEIGHTS,STERLING HEIGHTS PD STERLING HEIGHTS,City,MI,2022,132393,140,0,140,16,20,36,156,20,176,1.33
PA0112600,EAST TAYLOR TWP POLICE DEPARTMENT JOHNSTOWN,EAST TAYLOR TWP POLICE DEPARTMENT JOHNSTOWN,City,PA,2022,2385,1,0,1,0,0,0,1,0,1,0.42
WA0270100,PUYALLUP PD,PUYALLUP PD,City,WA,2022,42580,64,17,81,3,10,13,67,27,94,2.21
NC0160700,PINEKNOLL SHORES PD ATLANTIC BEACH,PINEKNOLL SHORES PD ATLANTIC BEACH,City,NC,2022,1397,9,0,9,0,0,0,9,0,9,6.44
TX0070100,LYTLE PD,LYTLE PD,City,TX,2022,3037,10,0,10,0,0,0,10,0,10,3.29
OK0440200,PURCELL,PURCELL,City,OK,2022,6647,17,2,19,2,3,5,19,5,24,3.61
MO0350200,CARDWELL,CARDWELL,City,MO,2022,545,1,0,1,0,0,0,1,0,1,1.83
NB0600400,TILDEN PD,TILDEN PD,City,NB,2022,972,1,0,1,0,0,0,1,0,1,1.03
FL0560200,PORT ST LUCIE PD,PORT ST LUCIE PD,City,FL,2022,228855,210,14,224,41,57,98,251,71,322,1.41
OH0620200,PORT CLINTON,PORT CLINTON,City,OH,2022,5951,15,1,16,1,3,4,16,4,20,3.36
MI2368100,POTTERVILLE PD,POTTERVILLE PD,City,MI,2022,3081,5,0,5,0,0,0,5,0,5,1.62
TX0730200,MARLIN PD,MARLIN PD,City,TX,2022,5631,8,2,10,2,4,6,10,6,16,2.84
MN0480000,MILLE LACS CO SO MILACA,MILLE LACS CO SO MILACA,County,MN,2022,17745,32,16,48,3,20,23,35,36,71,4.00
PA0490200,MOUNT CARMEL PD,MOUNT CARMEL PD,City,PA,2022,5699,9,0,9,0,0,0,9,0,9,1.58
PA0250000,ERIE CO SO ERIE,ERIE CO SO ERIE,County,PA,2022,0,32,1,33,5,6,11,37,7,44,
OR0241700,KEIZER,KEIZER,City,OR,2022,38958,40,0,40,2,6,8,42,6,48,1.23
WVWSP2200,STATE POLICE LEWISBURG,STATE POLICE LEWISBURG,State Police,WV,2022,0,9,0,9,0,1,1,9,1,10,
WA0060600,LA CENTER PD,LA CENTER PD,City,WA,2022,4142,2,0,2,0,0,0,2,0,2,0.48
AL0190000,COFFEE CO SO ENTERPRISE,COFFEE CO SO ENTERPRISE,County,AL,2022,20254,30,20,50,0,10,10,30,30,60,2.96
OK0050000,BECKHAM,BECKHAM,County,OK,2022,5078,11,13,24,2,10,12,13,23,36,7.09
MN0040000,BELTRAMI CO SO BEMIDJI,BELTRAMI CO SO BEMIDJI,County,MN,2022,30457,26,30,56,4,21,25,30,51,81,2.66
LA0280300,LAFAYETTE PD,LAFAYETTE PD,City,LA,2022,121546,240,5,245,35,40,75,275,45,320,2.63
NB0660000,OTOE CO SO NEBRASKA CITY,OTOE CO SO NEBRASKA CITY,County,NB,2022,8771,14,7,21,1,8,9,15,15,30,3.42
PA0672000,HELLAM TOWNSHIP POLICE DEPARTMENT YORK,HELLAM TOWNSHIP POLICE DEPARTMENT YORK,City,PA,2022,10910,12,0,12,0,1,1,12,1,13,1.19
LA0010200,RAYNE PD,RAYNE PD,City,LA,2022,7100,19,0,19,2,3,5,21,3,24,3.38
FL0360200,CAPE CORAL PD,CAPE CORAL PD,City,FL,2022,213074,201,12,213,42,77,119,243,89,332,1.56
NJ0120000,MIDDLESEX CO SHERIFFS OFF NEW BRUNSWICK,MIDDLESEX CO SHERIFFS OFF NEW BRUNSWICK,County,NJ,2022,0,127,9,136,20,21,41,147,30,177,
NB0790300,MITCHELL PD,MITCHELL PD,City,NB,2022,1516,4,0,4,0,0,0,4,0,4,2.64
MS0650000,SMITH CO SO RALEIGH,SMITH CO SO RALEIGH,County,MS,2022,14162,12,4,16,0,7,7,12,11,23,1.62
WA0170700,KENT PD,KENT PD,City,WA,2022,133066,139,20,159,17,32,49,156,52,208,1.56
AR0050200,DIAMOND CITY PD,DIAMOND CITY PD,City,AR,2022,789,1,0,1,0,0,0,1,0,1,1.27
FL0501600,JUNO BEACH PD,JUNO BEACH PD,City,FL,2022,3746,16,0,16,0,2,2,16,2,18,4.81
WVWSP0800,STATE POLICE CLAY,STATE POLICE CLAY,State Police,WV,2022,0,9,0,9,0,1,1,9,1,10,
GA0770100,OCILLA PD,OCILLA PD,City,GA,2022,3714,9,0,9,1,1,2,10,1,11,2.96
IL0901200,SOUTH PEKIN PD,SOUTH PEKIN PD,City,IL,2022,971,0,0,0,2,0,2,2,0,2,2.06
NH0092200,ROLLINSFORD PD,ROLLINSFORD PD,City,NH,2022,2646,5,0,5,0,0,0,5,0,5,1.89
TX0571100,GARLAND PD,GARLAND PD,City,TX,2022,241095,318,41,359,28,88,116,346,129,475,1.97
IL0840600,PAWNEE PD,PAWNEE PD,City,IL,2022,2754,6,0,6,0,0,0,6,0,6,2.18
IN0900100,BLUFFTON PD,BLUFFTON PD,City,IN,2022,10327,19,4,23,2,8,10,21,12,33,3.20
WA0140900,WESTPORT PD,WESTPORT PD,City,WA,2022,2280,6,0,6,1,1,2,7,1,8,3.51
KS0050200,GREAT BEND PD,GREAT BEND PD,City,KS,2022,14456,29,0,29,4,4,8,33,4,37,2.56
NH0060800,BENNINGTON PD,BENNINGTON PD,City,NH,2022,1506,2,0,2,0,0,0,2,0,2,1.33
MO0480900,OAK GROVE,OAK GROVE,City,MO,2022,8388,15,0,15,0,1,1,15,1,16,1.91
MN0691800,UNIV OF MINN PD DULUTH,UNIV OF MINN PD DULUTH,University or College,MN,2022,0,8,1,9,3,0,3,11,1,12,
OK0070900,CADDO,CADDO,City,OK,2022,1048,4,0,4,0,0,0,4,0,4,3.82
TX1016000,KLEIN INDEPENDENT SCHL DIST PD KLEIN,KLEIN INDEPENDENT SCHL DIST PD KLEIN,Other,TX,2022,0,35,8,43,15,14,29,50,22,72,
VA1220400,RICHMOND INTERNATIONAL AIRPORT POLICE RICHMOND,RICHMOND INTERNATIONAL AIRPORT POLICE RICHMOND,Other,VA,2022,0,20,0,20,3,0,3,23,0,23,
NY0502800,HAMMONDSPORT VILLAGE PD HAMMONDSPORT,HAMMONDSPORT VILLAGE PD HAMMONDSPORT,City,NY,2022,590,1,0,1,0,0,0,1,0,1,1.69
IA0040100,CENTERVILLE PD,CENTERVILLE PD,City,IA,2022,5303,8,0,8,0,6,6,8,6,14,2.64
OR0210200,NEWPORT,NEWPORT,City,OR,2022,10667,13,1,14,2,6,8,15,7,22,2.06
MA0094600,WAKEFIELD PD,WAKEFIELD PD,City,MA,2022,27263,42,0,42,4,1,5,46,1,47,1.72
NC0580100,MARSHALL PD,MARSHALL PD,City,NC,2022,802,4,0,4,0,0,0,4,0,4,4.99
WV0400300,ELEANOR PD,ELEANOR PD,City,WV,2022,1531,1,0,1,0,0,0,1,0,1,0.65
IA0240100,DENISON PD,DENISON PD,City,IA,2022,8048,13,1,14,0,6,6,13,7,20,2.49
TX0791200,ARCOLA PD,ARCOLA PD,City,TX,2022,2260,6,0,6,3,1,4,9,1,10,4.42
NC0540100,KINSTON PD,KINSTON PD,City,NC,2022,19342,46,5,51,10,6,16,56,11,67,3.46
TX1017800,HUMBLE ISD POLICE DEPT,HUMBLE ISD POLICE DEPT,Other,TX,2022,0,27,6,33,18,16,34,45,22,67,
MA0121100,HULL PD,HULL PD,City,MA,2022,10676,24,2,26,2,2,4,26,4,30,2.81
OH0450900,JOHNSTOWN,JOHNSTOWN,City,OH,2022,5299,6,0,6,1,1,2,7,1,8,1.51
FL0520000,PINELLAS CO SO LARGO,PINELLAS CO SO LARGO,County,FL,2022,283819,689,682,1371,121,787,908,810,1469,2279,8.03
LA0610300,ADDIS PD,ADDIS PD,City,LA,2022,7438,14,0,14,0,1,1,14,1,15,2.02
PA0021P00,PA STATE UNIV MC KEESPORT CAMPUS PD MC KEESPORT,PA STATE UNIV MC KEESPORT CAMPUS PD MC KEESPORT,University or College,PA,2022,0,3,0,3,3,0,3,6,0,6,
UT0070000,DUCHESNE CO SO DUCHESNE,DUCHESNE CO SO DUCHESNE,County,UT,2022,12907,22,27,49,2,13,15,24,40,64,4.96
DE003350X,AG: SUSSEX COUNTY,AG: SUSSEX COUNTY,Other State Agency,DE,2022,0,1,9,10,0,54,54,1,63,64,
SD0040200,SPRINGFIELD PD,SPRINGFIELD PD,City,SD,2022,2053,2,0,2,0,0,0,2,0,2,0.97
MD0110300,FREDERICK PD,FREDERICK PD,City,MD,2022,80985,115,11,126,26,31,57,141,42,183,2.26
SC0080000,BERKELEY CO SO MONCKS CORNER,BERKELEY CO SO MONCKS CORNER,County,SC,2022,137406,153,1,154,31,44,75,184,45,229,1.67
OH0490600,PLAIN CITY,PLAIN CITY,City,OH,2022,4651,11,0,11,0,1,1,11,1,12,2.58
MN0120200,MONTEVIDEO PD,MONTEVIDEO PD,City,MN,2022,5180,7,0,7,3,1,4,10,1,11,2.12
TX1480000,LIPSCOMB CO SO LIPSCOMB,LIPSCOMB CO SO LIPSCOMB,County,TX,2022,2841,5,3,8,0,5,5,5,8,13,4.58
MN0690900,GILBERT PD,GILBERT PD,City,MN,2022,1665,5,0,5,2,0,2,7,0,7,4.20
GA0640100,CALHOUN PD,CALHOUN PD,City,GA,2022,17585,39,1,40,7,9,16,46,10,56,3.18
TX0560100,DALHART PD,DALHART PD,City,TX,2022,8410,11,1,12,2,3,5,13,4,17,2.02
MN0490100,LITTLE FALLS PD,LITTLE FALLS PD,City,MN,2022,9025,14,0,14,1,2,3,15,2,17,1.88
CA0197200,TORRANCE PD,TORRANCE PD,City,CA,2022,140499,171,28,199,9,68,77,180,96,276,1.96
TN0170300,FRIENDSHIP PD,FRIENDSHIP PD,City,TN,2022,621,1,0,1,0,0,0,1,0,1,1.61
OH0184900,SOLON,SOLON,City,OH,2022,23680,46,3,49,4,6,10,50,9,59,2.49
FL0100200,ORANGE PARK PD,ORANGE PARK PD,City,FL,2022,8699,22,2,24,3,5,8,25,7,32,3.68
GA1170100,EATONTON PD,EATONTON PD,City,GA,2022,6568,11,1,12,1,7,8,12,8,20,3.05
AL0580400,SPRINGVILLE PD,SPRINGVILLE PD,City,AL,2022,5048,11,0,11,1,1,2,12,1,13,2.58
CA0301600,PLACENTIA PD,PLACENTIA PD,City,CA,2022,50764,39,8,47,5,10,15,44,18,62,1.22
AR0620000,ST FRANCIS CO SO FORREST CITY,ST FRANCIS CO SO FORREST CITY,County,AR,2022,7950,22,8,30,0,17,17,22,25,47,5.91
IA0770600,WINDSOR HEIGHTS PD DES MOINES,WINDSOR HEIGHTS PD DES MOINES,City,IA,2022,5108,12,0,12,1,1,2,13,1,14,2.74
MA0092900,MAYNARD PD,MAYNARD PD,City,MA,2022,10464,18,1,19,3,5,8,21,6,27,2.58
WI0520200,RACINE PD,RACINE PD,City,WI,2022,76679,154,2,156,26,28,54,180,30,210,2.74
MO0460100,MOUNTAIN VIEW,MOUNTAIN VIEW,City,MO,2022,2578,6,0,6,1,2,3,7,2,9,3.49
PA0020P00,FAWN TOWNSHIP PD TARENTUM,FAWN TOWNSHIP PD TARENTUM,City,PA,2022,2142,2,0,2,0,0,0,2,0,2,0.93
GA1030000,MONTGOMERY CO SO MT VERNON,MONTGOMERY CO SO MT VERNON,County,GA,2022,6168,14,2,16,1,10,11,15,12,27,4.38
OK0411800,SAC AND FOX TRIBAL,SAC AND FOX TRIBAL,Tribal,OK,2022,0,10,0,10,1,0,1,11,0,11,
MS0300600,GAUTIER PD GAUTIER,GAUTIER PD GAUTIER,City,MS,2022,18992,33,1,34,6,9,15,39,10,49,2.58
NJ0101900,LEBANON TWP PD GLEN GARDNER,LEBANON TWP PD GLEN GARDNER,City,NJ,2022,6243,12,0,12,1,1,2,13,1,14,2.24
FL0031300,NW FL BEACHES INTNL ARPT,NW FL BEACHES INTNL ARPT,Other,FL,2022,0,14,3,17,1,4,5,15,7,22,
FL0260000,HENDRY CO SO LA BELLE,HENDRY CO SO LA BELLE,County,FL,2022,33849,61,21,82,19,47,66,80,68,148,4.37
KY0850000,METCALFE CO SO EDMONTON,METCALFE CO SO EDMONTON,County,KY,2022,8725,4,0,4,0,2,2,4,2,6,0.69
TX1012300,TOMBALL PD,TOMBALL PD,City,TX,2022,13322,38,5,43,6,11,17,44,16,60,4.50
CA0100700,KERMAN PD,KERMAN PD,City,CA,2022,16304,19,1,20,4,4,8,23,5,28,1.72
NY0512600,SOUTHAMPTON VILLAGE PD SOUTHAMPTON,SOUTHAMPTON VILLAGE PD SOUTHAMPTON,City,NY,2022,4636,26,9,35,5,6,11,31,15,46,9.92
FL0440000,MONROE CO SO KEY WEST,MONROE CO SO KEY WEST,County,FL,2022,55506,157,48,205,39,103,142,196,151,347,6.25
PA0022100,PLEASANT HILLS PD PITTSBURGH,PLEASANT HILLS PD PITTSBURGH,City,PA,2022,8283,17,0,17,1,2,3,18,2,20,2.41
MN0691500,FLOODWOOD PD,FLOODWOOD PD,City,MN,2022,512,2,0,2,0,0,0,2,0,2,3.91
CO0520100,MEEKER,MEEKER,City,CO,2022,2310,6,0,6,0,2,2,6,2,8,3.46
TX2431500,,,Other,TX,2022,0,5,0,5,0,0,0,5,0,5,
OH0380100,MILLERSBURG,MILLERSBURG,City,OH,2022,3187,6,0,6,2,0,2,8,0,8,2.51
SD0070000,BRULE CO SO CHAMBERLAIN,BRULE CO SO CHAMBERLAIN,County,SD,2022,2213,4,3,7,0,6,6,4,9,13,5.87
TX1410000,LAMPASAS CO SO LAMPASAS,LAMPASAS CO SO LAMPASAS,County,TX,2022,12245,16,5,21,0,15,15,16,20,36,2.94
NV0040000,ELKO CO SO ELKO,ELKO CO SO ELKO,County,NV,2022,26956,46,1,47,17,14,31,63,15,78,2.89
WI0170500,ELK MOUND PD,ELK MOUND PD,City,WI,2022,979,1,0,1,0,0,0,1,0,1,1.02
KS0300000,FRANKLIN CO SO OTTAWA,FRANKLIN CO SO OTTAWA,County,KS,2022,11469,22,0,22,3,4,7,25,4,29,2.53
NJ0190600,FRANKLIN PD,FRANKLIN PD,City,NJ,2022,4983,16,0,16,0,1,1,16,1,17,3.41
OR0310000,UNION,UNION,County,OR,2022,13032,17,16,33,0,8,8,17,24,41,3.15
VT0130000,WINDHAM CO SHERIFF'S OFFICE,WINDHAM CO SHERIFF'S OFFICE,County,VT,2022,2222,13,2,15,1,5,6,14,7,21,9.45
FL0500800,WEST PALM BEACH PD,WEST PALM BEACH PD,City,FL,2022,117393,248,24,272,44,71,115,292,95,387,3.30
MA0143500,OAKHAM PD,OAKHAM PD,City,MA,2022,1852,1,0,1,0,0,0,1,0,1,0.54
VA0560000,MADISON CO SO MADISON,MADISON CO SO MADISON,County,VA,2022,14097,19,0,19,1,13,14,20,13,33,2.34
TX0911800,GRAYSON COUNTY JUNIOR COLLEGE DIST POLICE DEPT,GRAYSON COUNTY JUNIOR COLLEGE DIST POLICE DEPT,University or College,TX,2022,0,5,0,5,0,1,1,5,1,6,
LA0500000,ST MARTIN CO SO ST MARTINVILLE,ST MARTIN CO SO ST MARTINVILLE,County,LA,2022,37559,66,46,112,29,55,84,95,101,196,5.22
KS0070200,HORTON POLICE DEPARTMENT,HORTON POLICE DEPARTMENT,City,KS,2022,1510,5,0,5,0,0,0,5,0,5,3.31
KY0680000,LEWIS CO SO VANCEBURG,LEWIS CO SO VANCEBURG,County,KY,2022,11559,9,0,9,0,2,2,9,2,11,0.95
NB0700200,PLAINVIEW PD,PLAINVIEW PD,City,NB,2022,1264,1,0,1,1,0,1,2,0,2,1.58
MN0250000,GOODHUE CO SO RED WING,GOODHUE CO SO RED WING,County,MN,2022,19322,41,23,64,3,33,36,44,56,100,5.18
CA0211100,TIBURON PD,TIBURON PD,City,CA,2022,8997,12,1,13,2,3,5,14,4,18,2.00
LA0370900,TENSAS BASIN LEVEE DISTRICT POLICE HEADQUARTERS,TENSAS BASIN LEVEE DISTRICT POLICE HEADQUARTERS,Other State Agency,LA,2022,0,2,0,2,0,1,1,2,1,3,
MO0956500,ST. ANN,ST. ANN,City,MO,2022,12788,40,14,54,3,12,15,43,26,69,5.40
TX2203100,PANTEGO PD,PANTEGO PD,City,TX,2022,2497,13,0,13,0,5,5,13,5,18,7.21
LA0080600,LA STATE UNIV PD SHREVEPORT,LA STATE UNIV PD SHREVEPORT,University or College,LA,2022,0,7,0,7,0,0,0,7,0,7,
LA0510300,MORGAN CITY PD,MORGAN CITY PD,City,LA,2022,10909,29,2,31,14,2,16,43,4,47,4.31
NJ0026900,WOOD-RIDGE PD,WOOD-RIDGE PD,City,NJ,2022,10057,21,2,23,0,1,1,21,3,24,2.39
PA0630500,WASHINGTON PD,WASHINGTON PD,City,PA,2022,13135,30,0,30,1,2,3,31,2,33,2.51
AL0020300,CHICKASAW PD,CHICKASAW PD,City,AL,2022,6333,19,0,19,1,0,1,20,0,20,3.16
MO1130400,FORDLAND,FORDLAND,City,MO,2022,785,1,0,1,0,0,0,1,0,1,1.27
PA0353100,ROARING BROOK TOWNSHIP PD MOSCOW,ROARING BROOK TOWNSHIP PD MOSCOW,City,PA,2022,2309,2,0,2,0,0,0,2,0,2,0.87
WA0130000,GRANT CO SO EPHRATA,GRANT CO SO EPHRATA,County,WA,2022,47041,51,35,86,3,28,31,54,63,117,2.49
ND0080300,LINCOLN PD,LINCOLN PD,City,ND,2022,4387,5,0,5,3,0,3,8,0,8,1.82
MS0100000,CHOCTAW CO SO ACKERMAN,CHOCTAW CO SO ACKERMAN,County,MS,2022,6427,7,1,8,1,4,5,8,5,13,2.02
AR0730700,JUDSONIA PD,JUDSONIA PD,City,AR,2022,1877,5,1,6,0,0,0,5,1,6,3.20
NC0600500,DAVIDSON PD,DAVIDSON PD,City,NC,2022,15189,22,0,22,4,2,6,26,2,28,1.84
TX0361000,BARBERS HILL ISD POLICE DEPARTMENT,BARBERS HILL ISD POLICE DEPARTMENT,Other,TX,2022,0,8,0,8,2,1,3,10,1,11,
PA0200200,TITUSVILLE PD,TITUSVILLE PD,City,PA,2022,5192,12,0,12,0,1,1,12,1,13,2.50
CA0310000,PLACER CO SO AUBURN,PLACER CO SO AUBURN,County,CA,2022,124427,230,104,334,20,166,186,250,270,520,4.18
MI7455600,MARINE CITY PD,MARINE CITY PD,City,MI,2022,4029,6,1,7,1,0,1,7,1,8,1.99
NJNDRPA00,DELAWARE RIVER PORT AUTHORITY PD,DELAWARE RIVER PORT AUTHORITY PD,Other,NJ,2022,0,114,10,124,8,11,19,122,21,143,
SC0230100,FOUNTAIN INN PD,FOUNTAIN INN PD,City,SC,2022,11523,24,1,25,5,7,12,29,8,37,3.21
SC0390400,LIBERTY PD,LIBERTY PD,City,SC,2022,3310,9,1,10,4,4,8,13,5,18,5.44
IN0060100,LEBANON PD,LEBANON PD,City,IN,2022,17042,41,0,41,1,3,4,42,3,45,2.64
SC035FC00,FC: MARLBORO COUNTY,FC: MARLBORO COUNTY,Other State Agency,SC,2022,0,1,0,1,0,0,0,1,0,1,
AL0580200,ASHVILLE PD,ASHVILLE PD,City,AL,2022,2376,5,0,5,0,0,0,5,0,5,2.10
PA0361300,MILLERSVILLE PD,MILLERSVILLE PD,City,PA,2022,7570,11,0,11,0,2,2,11,2,13,1.72
OH0431200,WILLOUGHBY,WILLOUGHBY,City,OH,2022,23853,40,2,42,3,12,15,43,14,57,2.39
GA1320100,GLENNVILLE PD,GLENNVILLE PD,City,GA,2022,3731,4,0,4,1,2,3,5,2,7,1.88
KS0872400,GODDARD USD 265 PD,GODDARD USD 265 PD,Other,KS,2022,0,6,0,6,1,0,1,7,0,7,
PA0094700,BUCKINGHAM TWP PD BUCKINGHAM,BUCKINGHAM TWP PD BUCKINGHAM,City,PA,2022,20941,18,0,18,1,2,3,19,2,21,1.00
TX0670400,RANGER PD,RANGER PD,City,TX,2022,2287,5,0,5,0,0,0,5,0,5,2.19
TX129239E,,,University or College,TX,2022,0,1,1,2,2,0,2,3,1,4,
VA1170800,EASTERN VA MEDICL SCHOOL,EASTERN VA MEDICL SCHOOL,University or College,VA,2022,0,24,18,42,2,15,17,26,33,59,
GA0440600,DORAVILLE PD,DORAVILLE PD,City,GA,2022,11185,41,7,48,5,11,16,46,18,64,5.72
NC0590100,WILLIAMSTON PD,WILLIAMSTON PD,City,NC,2022,5047,16,1,17,4,1,5,20,2,22,4.36
TX2340400,VAN PD,VAN PD,City,TX,2022,2825,8,0,8,1,0,1,9,0,9,3.19
FL0481400,UNIVERSITY OF CENTRAL FLORIDA PD ORLANDO,UNIVERSITY OF CENTRAL FLORIDA PD ORLANDO,University or College,FL,2022,0,61,14,75,16,23,39,77,37,114,
OR0160000,JEFFERSON,JEFFERSON,County,OR,2022,17711,26,1,27,3,2,5,29,3,32,1.81
MI7591900,MENDON PD,MENDON PD,City,MI,2022,864,1,0,1,0,0,0,1,0,1,1.16
ME0031100,FREEPORT PD,FREEPORT PD,City,ME,2022,8802,14,0,14,1,2,3,15,2,17,1.93
PA0020300,BETHEL PARK PD,BETHEL PARK PD,City,PA,2022,32727,36,2,38,4,5,9,40,7,47,1.44
MN0090100,CLOQUET PD,CLOQUET PD,City,MN,2022,12747,21,0,21,2,2,4,23,2,25,1.96
NC0260100,FAYETTEVILLE PD,FAYETTEVILLE PD,City,NC,2022,208980,288,49,337,72,142,214,360,191,551,2.64
MI1040700,FRANKFORT PD,FRANKFORT PD,City,MI,2022,1287,3,0,3,1,0,1,4,0,4,3.11
AR0220000,DREW CO SO MONTICELLO,DREW CO SO MONTICELLO,County,AR,2022,8744,11,0,11,2,1,3,13,1,14,1.60
IL0420000,JERSEY CO SO JERSEYVILLE,JERSEY CO SO JERSEYVILLE,County,IL,2022,11951,20,0,20,4,3,7,24,3,27,2.26
AR0041700,,,Other,AR,2022,0,14,1,15,0,6,6,14,7,21,
KY1170000,WEBSTER CO SO DIXON,WEBSTER CO SO DIXON,County,KY,2022,7299,4,0,4,0,2,2,4,2,6,0.82
OH0790400,NEW PHILADELPHIA,NEW PHILADELPHIA,City,OH,2022,17508,20,0,20,4,4,8,24,4,28,1.60
KS0870000,SEDGWICK CO SO WICHITA,SEDGWICK CO SO WICHITA,County,KS,2022,37540,168,7,175,23,52,75,191,59,250,6.66
NC0030100,SPARTA PD,SPARTA PD,City,NC,2022,1716,6,0,6,1,0,1,7,0,7,4.08
NJ0153300,BARNEGAT TWP PD BARNEGAT,BARNEGAT TWP PD BARNEGAT,City,NJ,2022,25142,48,1,49,4,1,5,52,2,54,2.15
WV0530200,LAW ENF DIV DEPT NATRL RESOURCES ELIZABETH,LAW ENF DIV DEPT NATRL RESOURCES ELIZABETH,Other State Agency,WV,2022,0,1,0,1,0,0,0,1,0,1,
NC0870100,BRYSON CITY PD,BRYSON CITY PD,City,NC,2022,1445,7,0,7,0,0,0,7,0,7,4.84
GA1540100,CLEVELAND PD,CLEVELAND PD,City,GA,2022,3537,12,0,12,3,1,4,15,1,16,4.52
WI0310100,ALGOMA PD,ALGOMA PD,City,WI,2022,3205,4,0,4,1,0,1,5,0,5,1.56
TX0120000,BAYLOR CO SO SEYMOUR,BAYLOR CO SO SEYMOUR,County,TX,2022,921,2,1,3,0,2,2,2,3,5,5.43
CO0070000,BOULDER,BOULDER,County,CO,2022,58118,84,152,236,19,127,146,103,279,382,6.57
KY0570000,JESSAMINE CO SO NICHOLASVILLE,JESSAMINE CO SO NICHOLASVILLE,County,KY,2022,16291,30,0,30,1,6,7,31,6,37,2.27
GA0160200,BROOKLET PD,BROOKLET PD,City,GA,2022,2015,2,0,2,3,1,4,5,1,6,2.98
OH0620600,MARBLEHEAD,MARBLEHEAD,City,OH,2022,838,4,0,4,0,0,0,4,0,4,4.77
AR0080300,GREEN FOREST PD,GREEN FOREST PD,City,AR,2022,3081,10,2,12,0,1,1,10,3,13,4.22
OK0553000,,,University or College,OK,2022,0,23,1,24,2,7,9,25,8,33,
PA0026900,FOX CHAPEL PD,FOX CHAPEL PD,City,PA,2022,5208,11,0,11,0,0,0,11,0,11,2.11
MS0090100,HOUSTON PD,HOUSTON PD,City,MS,2022,3751,9,0,9,1,0,1,10,0,10,2.67
PA0060000,BERKS CO SO READING,BERKS CO SO READING,County,PA,2022,0,79,4,83,10,8,18,89,12,101,
TX2080100,SNYDER PD,SNYDER PD,City,TX,2022,11179,12,0,12,5,3,8,17,3,20,1.79
FL0010000,ALACHUA CO SO GAINESVILLE,ALACHUA CO SO GAINESVILLE,County,FL,2022,124750,227,41,268,19,83,102,246,124,370,2.97
ME0051500,WINTER HARBOR POLICE DEPARTMENT,WINTER HARBOR POLICE DEPARTMENT,City,ME,2022,479,1,0,1,0,0,0,1,0,1,2.09
NJ0020300,BERGENFIELD PD,BERGENFIELD PD,City,NJ,2022,28082,44,5,49,2,6,8,46,11,57,2.03
TN0790400,MILLINGTON PD,MILLINGTON PD,City,TN,2022,10461,18,3,21,2,7,9,20,10,30,2.87
TX2340000,VAN ZANDT CO SO CANTON,VAN ZANDT CO SO CANTON,County,TX,2022,47185,17,9,26,3,22,25,20,31,51,1.08
AR0280100,PARAGOULD PD,PARAGOULD PD,City,AR,2022,30296,45,1,46,3,5,8,48,6,54,1.78
LA0170200,BATON ROUGE PD,BATON ROUGE PD,City,LA,2022,219913,513,12,525,64,223,287,577,235,812,3.69
NY0609000,NYS PARK POLICE GENESEE REGION,NYS PARK POLICE GENESEE REGION,Other State Agency,NY,2022,0,12,0,12,2,1,3,14,1,15,
TX0290100,POINT COMFORT PD,POINT COMFORT PD,City,TX,2022,565,2,0,2,1,0,1,3,0,3,5.31
NY0322400,SHERRILL CITY PD SHERRILL,SHERRILL CITY PD SHERRILL,City,NY,2022,3001,3,0,3,0,0,0,3,0,3,1.00
PA0210700,MECHANICSBURG PD,MECHANICSBURG PD,City,PA,2022,9696,13,0,13,1,1,2,14,1,15,1.55
OK0420400,LANGSTON,LANGSTON,City,OK,2022,1756,1,0,1,1,1,2,2,1,3,1.71
VA0430300,VA ALCOHOLIC BEV CONTROL COMM ENF DIV RICHMOND,VA ALCOHOLIC BEV CONTROL COMM ENF DIV RICHMOND,Other State Agency,VA,2022,0,65,102,167,18,78,96,83,180,263,
IL0451500,SUGAR GROVE PD,SUGAR GROVE PD,City,IL,2022,9211,9,0,9,1,0,1,10,0,10,1.09
IA0770500,WEST DES MOINES PD,WEST DES MOINES PD,City,IA,2022,70701,78,1,79,7,8,15,85,9,94,1.33
NB0780100,WAHOO PD,WAHOO PD,City,NB,2022,4983,7,0,7,0,0,0,7,0,7,1.40
ME0070400,ROCKPORT PD,ROCKPORT PD,City,ME,2022,3719,5,0,5,1,0,1,6,0,6,1.61
TX2050100,INGLESIDE PD,INGLESIDE PD,City,TX,2022,10207,17,3,20,7,12,19,24,15,39,3.82
IADPS0000,IOWA DPS DES MOINES,IOWA DPS DES MOINES,State Police,IA,2022,0,526,123,649,36,176,212,562,299,861,
MA0093700,SHERBORN PD,SHERBORN PD,City,MA,2022,4384,17,0,17,1,0,1,18,0,18,4.11
TN0170500,GADSDEN POLICE DEPARTMENT GADSDEN,GADSDEN POLICE DEPARTMENT GADSDEN,City,TN,2022,479,1,0,1,0,0,0,1,0,1,2.09
WV0400400,POCA,POCA,City,WV,2022,872,2,0,2,0,0,0,2,0,2,2.29
PA0024000,ROBINSON TOWNSHIP POLICE DEPARTMENT PITTSBURGH,ROBINSON TOWNSHIP POLICE DEPARTMENT PITTSBURGH,City,PA,2022,15400,28,0,28,0,1,1,28,1,29,1.88
NC0800800,GRANITE QUARRY PD,GRANITE QUARRY PD,City,NC,2022,3023,9,0,9,1,0,1,10,0,10,3.31
AZ0098900,WHITERIVER TRIBAL PD WHITERIVER,WHITERIVER TRIBAL PD WHITERIVER,Tribal,AZ,2022,0,23,7,30,5,16,21,28,23,51,
SC0210600,PAMPLICO PD,PAMPLICO PD,City,SC,2022,1046,4,0,4,0,0,0,4,0,4,3.82
OH0150200,EAST LIVERPOOL,EAST LIVERPOOL,City,OH,2022,9796,15,1,16,0,3,3,15,4,19,1.94
OH0181300,CHAGRIN FALLS,CHAGRIN FALLS,City,OH,2022,4084,10,0,10,2,1,3,12,1,13,3.18
ME0051300,GOULDSBORO POLICE DEPARTMENT,GOULDSBORO POLICE DEPARTMENT,City,ME,2022,1768,3,0,3,0,0,0,3,0,3,1.70
CA0500200,MODESTO PD,MODESTO PD,City,CA,2022,219083,159,15,174,13,69,82,172,84,256,1.17
IL0571100,HUDSON,HUDSON,City,IL,2022,1733,2,0,2,0,0,0,2,0,2,1.15
PA0031500,NORTH BUFFALO KITTANNING,NORTH BUFFALO KITTANNING,City,PA,2022,2658,1,0,1,0,0,0,1,0,1,0.38
AL0051200,ORANGE BEACH PD,ORANGE BEACH PD,City,AL,2022,8530,47,17,64,6,16,22,53,33,86,10.08
NJ0031800,LUMBERTON TWP PD LUMBERTON,LUMBERTON TWP PD LUMBERTON,City,NJ,2022,12764,16,0,16,2,2,4,18,2,20,1.57
IA0520500,NORTH LIBERTY POLICE DEPARTMENT,NORTH LIBERTY POLICE DEPARTMENT,City,IA,2022,21131,20,0,20,3,2,5,23,2,25,1.18
MT0270100,LIBBY PD,LIBBY PD,City,MT,2022,3055,6,0,6,0,0,0,6,0,6,1.96
CA0371500,SAN DIEGO UNIFIED PORT DIST HARBOR PD SAN DIEGO,SAN DIEGO UNIFIED PORT DIST HARBOR PD SAN DIEGO,Other,CA,2022,0,102,12,114,17,17,34,119,29,148,
KY0820000,MEADE CO SO BRANDENBURG,MEADE CO SO BRANDENBURG,County,KY,2022,26283,13,0,13,1,4,5,14,4,18,0.68
VT0140200,SPRINGFIELD PD,SPRINGFIELD PD,City,VT,2022,9180,8,2,10,0,3,3,8,5,13,1.42
IL0163900,GLENVIEW PD,GLENVIEW PD,City,IL,2022,47092,64,2,66,7,3,10,71,5,76,1.61
OK0110100,TAHLEQUAH,TAHLEQUAH,City,OK,2022,16757,37,1,38,2,5,7,39,6,45,2.69
NC0660100,RICH SQUARE PD,RICH SQUARE PD,City,NC,2022,847,3,0,3,0,1,1,3,1,4,4.72
MS0240100,BILOXI PD,BILOXI PD,City,MS,2022,49027,102,11,113,13,38,51,115,49,164,3.35
TX0190200,,,City,TX,2022,969,1,0,1,0,0,0,1,0,1,1.03
TN0390200,SCOTTS HILL PD,SCOTTS HILL PD,City,TN,2022,875,2,0,2,0,0,0,2,0,2,2.29
PADAA020X,,,Other,PA,2022,0,21,2,23,4,4,8,25,6,31,
IA0520400,UNIV OF IOWA DEPT OF PUB SAFETY IOWA CITY,UNIV OF IOWA DEPT OF PUB SAFETY IOWA CITY,University or College,IA,2022,0,34,23,57,6,15,21,40,38,78,
LA0280600,SCOTT PD,SCOTT PD,City,LA,2022,8111,25,0,25,0,2,2,25,2,27,3.33
UT0031600,UTAH STATE UNIVERSITY PD LOGAN,UTAH STATE UNIVERSITY PD LOGAN,University or College,UT,2022,0,15,8,23,2,4,6,17,12,29,
AZ0100700,ORO VALLEY PD ORO VALLEY,ORO VALLEY PD ORO VALLEY,City,AZ,2022,48441,80,4,84,13,21,34,93,25,118,2.44
PA0480700,NAZARETH PD,NAZARETH PD,City,PA,2022,6003,9,0,9,0,1,1,9,1,10,1.67
IL0166C00,UNIVERSITY OF ILLINOIS PD CHICAGO,UNIVERSITY OF ILLINOIS PD CHICAGO,University or College,IL,2022,0,55,6,61,15,9,24,70,15,85,
MT0280000,MCCONE CO SO CIRCLE,MCCONE CO SO CIRCLE,County,MT,2022,1703,4,0,4,0,1,1,4,1,5,2.94
WY0060000,CROOK CO SO SUNDANCE,CROOK CO SO SUNDANCE,County,WY,2022,6161,14,1,15,1,7,8,15,8,23,3.73
MN0020400,COLUMBIA HEIGHTS PD,COLUMBIA HEIGHTS PD,City,MN,2022,22682,25,3,28,3,3,6,28,6,34,1.50
OH0670800,HIRAM,HIRAM,City,OH,2022,956,3,0,3,0,0,0,3,0,3,3.14
NJ0211200,INDEPENDENCE TWP PD GREAT MEADOWS,INDEPENDENCE TWP PD GREAT MEADOWS,City,NJ,2022,5510,10,0,10,0,1,1,10,1,11,2.00
LA0010000,ACADIA CO SO CROWLEY,ACADIA CO SO CROWLEY,County,LA,2022,33913,55,10,65,11,26,37,66,36,102,3.01
VA0680000,ORANGE CO SO ORANGE,ORANGE CO SO ORANGE,County,VA,2022,31409,43,0,43,4,5,9,47,5,52,1.66
NY0275900,OGDEN TOWN PD SPENCERPORT,OGDEN TOWN PD SPENCERPORT,City,NY,2022,20293,10,1,11,1,2,3,11,3,14,0.69
KS0250000,ELK CO SO HOWARD,ELK CO SO HOWARD,County,KS,2022,1834,5,0,5,1,4,5,6,4,10,5.45
CA0350100,HOLLISTER PD,HOLLISTER PD,City,CA,2022,44823,27,4,31,5,14,19,32,18,50,1.12
NY0145100,AMHERST TOWN PD WEST AMHERST,AMHERST TOWN PD WEST AMHERST,City,NY,2022,123527,137,16,153,17,17,34,154,33,187,1.51
MI1380100,KELLOGG COMMUNITY COLLEG,KELLOGG COMMUNITY COLLEG,University or College,MI,2022,0,3,0,3,0,0,0,3,0,3,
CADIT1100,,,Tribal,CA,2022,0,17,5,22,2,3,5,19,8,27,
NB0280800,WATERLOO PD,WATERLOO PD,City,NB,2022,911,4,0,4,1,0,1,5,0,5,5.49
PA0060900,LAURELDALE PD,LAURELDALE PD,City,PA,2022,4265,4,0,4,0,0,0,4,0,4,0.94
MO0955300,NORTHWOODS,NORTHWOODS,City,MO,2022,3877,13,13,26,0,2,2,13,15,28,7.22
MO0150200,OSAGE BEACH,OSAGE BEACH,City,MO,2022,4741,19,1,20,3,8,11,22,9,31,6.54
WI0370400,ATHENS PD,ATHENS PD,City,WI,2022,1059,1,0,1,0,0,0,1,0,1,0.94
NJ0153000,STAFFORD TWP PD MANAHAWKIN,STAFFORD TWP PD MANAHAWKIN,City,NJ,2022,30365,57,10,67,2,15,17,59,25,84,2.77
IN0270000,GRANT CO SO MARION,GRANT CO SO MARION,County,IN,2022,29324,42,15,57,1,17,18,43,32,75,2.56
WV0550200,PINEVILLE PD,PINEVILLE PD,City,WV,2022,630,3,0,3,0,0,0,3,0,3,4.76
NC0240000,COLUMBUS CO SO WHITEVILLE,COLUMBUS CO SO WHITEVILLE,County,NC,2022,38132,77,1,78,17,6,23,94,7,101,2.65
KS0780000,RENO CO SO HUTCHINSON,RENO CO SO HUTCHINSON,County,KS,2022,16753,49,22,71,3,13,16,52,35,87,5.19
SC0060300,BLACKVILLE PD,BLACKVILLE PD,City,SC,2022,1952,7,0,7,0,1,1,7,1,8,4.10
VA1075000,FAIRFAX PD,FAIRFAX PD,City,VA,2022,24509,50,11,61,13,14,27,63,25,88,3.59
WV0540000,WOOD CO SO PARKERSBURG,WOOD CO SO PARKERSBURG,County,WV,2022,40515,31,17,48,3,7,10,34,24,58,1.43
FL0520100,BELLEAIR PD,BELLEAIR PD,City,FL,2022,4343,12,1,13,1,1,2,13,2,15,3.45
SC0300000,LAURENS CO SO LAURENS,LAURENS CO SO LAURENS,County,SC,2022,48543,55,26,81,6,25,31,61,51,112,2.31
SC0020600,NEW ELLENTON PD,NEW ELLENTON PD,City,SC,2022,2274,5,1,6,0,0,0,5,1,6,2.64
IA0270000,DECATUR CO SO LEON,DECATUR CO SO LEON,County,IA,2022,5899,6,2,8,0,8,8,6,10,16,2.71
PA0674800,SOUTHERN REGIONAL POLICE DEPARTMENT NEW FREEDOM,SOUTHERN REGIONAL POLICE DEPARTMENT NEW FREEDOM,City,PA,2022,13571,14,0,14,0,1,1,14,1,15,1.11
KS0490200,,,City,KS,2022,696,2,0,2,0,0,0,2,0,2,2.87
WV0270200,NEW HAVEN PD,NEW HAVEN PD,City,WV,2022,1447,1,0,1,0,1,1,1,1,2,1.38
MA0030900,FREETOWN PD EAST FREETOWN,FREETOWN PD EAST FREETOWN,City,MA,2022,9247,19,0,19,1,1,2,20,1,21,2.27
KY0090000,BOURBON CO SO PARIS,BOURBON CO SO PARIS,County,KY,2022,9257,10,0,10,0,1,1,10,1,11,1.19
MD0041200,MARYLAND TRANSIT ADMINISTRATION POLICE,MARYLAND TRANSIT ADMINISTRATION POLICE,Other State Agency,MD,2022,0,117,20,137,30,31,61,147,51,198,
MI8270900,ROMULUS PD,ROMULUS PD,City,MI,2022,25071,33,7,40,5,10,15,38,17,55,2.19
KY0180000,CALLOWAY CO SO MURRAY,CALLOWAY CO SO MURRAY,County,KY,2022,20448,20,5,25,1,4,5,21,9,30,1.47
TX2300100,BIG SANDY PD,BIG SANDY PD,City,TX,2022,1295,4,0,4,1,0,1,5,0,5,3.86
PA0250400,NORTH EAST PD,NORTH EAST PD,City,PA,2022,4052,8,0,8,0,0,0,8,0,8,1.97
IL0370000,HENRY CO SO CAMBRIDGE,HENRY CO SO CAMBRIDGE,County,IL,2022,15349,22,23,45,2,24,26,24,47,71,4.63
MA0095100,WESTON PD,WESTON PD,City,MA,2022,11589,22,3,25,3,7,10,25,10,35,3.02
WA0172400,UNIV WASH PD SEATTLE,UNIV WASH PD SEATTLE,University or College,WA,2022,0,22,17,39,2,13,15,24,30,54,
OH0481800,WATERVILLE TOWNSHIP,WATERVILLE TOWNSHIP,City,OH,2022,2042,4,0,4,1,0,1,5,0,5,2.45
OK0200000,CUSTER,CUSTER,County,OK,2022,5797,12,15,27,0,11,11,12,26,38,6.56
MT0250100,HELENA PD,HELENA PD,City,MT,2022,33896,43,7,50,5,16,21,48,23,71,2.09
OH0530200,POMEROY,POMEROY,City,OH,2022,1546,4,1,5,0,0,0,4,1,5,3.23
GA1320000,TATTNALL CO SO REIDSVILLE,TATTNALL CO SO REIDSVILLE,County,GA,2022,17136,25,16,41,0,20,20,25,36,61,3.56
CA0411600,SAN MATEO PD,SAN MATEO PD,City,CA,2022,99184,81,8,89,23,34,57,104,42,146,1.47
NJ0025900,SOUTH HACKENSACK PD,SOUTH HACKENSACK PD,City,NJ,2022,2668,19,1,20,1,0,1,20,1,21,7.87
NC0840500,LOCUST PD,LOCUST PD,City,NC,2022,4691,12,0,12,1,0,1,13,0,13,2.77
NJ0051500,WILDWOOD CREST PD,WILDWOOD CREST PD,City,NJ,2022,3079,27,2,29,2,1,3,29,3,32,10.39
KY0210100,CARROLLTON PD,CARROLLTON PD,City,KY,2022,3898,13,0,13,0,1,1,13,1,14,3.59
NJ0024200,OAKLAND PD,OAKLAND PD,City,NJ,2022,12616,25,3,28,2,3,5,27,6,33,2.62
OR0230000,MALHEUR,MALHEUR,County,OR,2022,16839,23,11,34,2,16,18,25,27,52,3.09
VT0040800,RICHMOND PD,RICHMOND PD,City,VT,2022,4110,2,0,2,1,0,1,3,0,3,0.73
SC0040600,IVA PD,IVA PD,City,SC,2022,1154,9,0,9,1,1,2,10,1,11,9.53
TN0030000,BENTON CO SO CAMDEN,BENTON CO SO CAMDEN,County,TN,2022,11781,17,17,34,3,16,19,20,33,53,4.50
OH0440200,IRONTON,IRONTON,City,OH,2022,10312,13,0,13,1,1,2,14,1,15,1.45
NJ0181500,PEAPACK-GLADSTONE PD PEAPACK,PEAPACK-GLADSTONE PD PEAPACK,City,NJ,2022,2588,9,0,9,0,1,1,9,1,10,3.86
AL0160100,JACKSON PD,JACKSON PD,City,AL,2022,4576,17,1,18,3,5,8,20,6,26,5.68
WV0480100,PADEN CITY PD,PADEN CITY PD,City,WV,2022,2424,4,1,5,0,0,0,4,1,5,2.06
IN0720200,AUSTIN PD,AUSTIN PD,City,IN,2022,4049,9,0,9,0,0,0,9,0,9,2.22
CT0013800,STRATFORD PD,STRATFORD PD,City,CT,2022,52320,91,1,92,15,6,21,106,7,113,2.16
NM0160000,LUNA CO SO DEMING,LUNA CO SO DEMING,County,NM,2022,10749,28,0,28,3,4,7,31,4,35,3.26
GA0400100,CORDELE PD,CORDELE PD,City,GA,2022,9929,17,0,17,5,9,14,22,9,31,3.12
IA0820000,SCOTT CO SO DAVENPORT,SCOTT CO SO DAVENPORT,County,IA,2022,16941,49,64,113,4,44,48,53,108,161,9.50
MA0011100,PROVINCETOWN PD,PROVINCETOWN PD,City,MA,2022,3775,13,2,15,5,6,11,18,8,26,6.89
NC0630900,FOXFIRE VILLAGE PD PINEHURST,FOXFIRE VILLAGE PD PINEHURST,City,NC,2022,1352,4,0,4,0,0,0,4,0,4,2.96
WI0680700,DELAFIELD PD,DELAFIELD PD,City,WI,2022,7192,13,0,13,2,2,4,15,2,17,2.36
OK0660900,,,City,OK,2022,260,2,0,2,0,2,2,2,2,4,15.38
KS0871000,CLEARWATER PD,CLEARWATER PD,City,KS,2022,2607,6,0,6,0,1,1,6,1,7,2.69
MO0660300,LAKE OZARK,LAKE OZARK,City,MO,2022,2161,7,2,9,0,3,3,7,5,12,5.55
NC0710300,SURF CITY PD,SURF CITY PD,City,NC,2022,4338,21,0,21,3,1,4,24,1,25,5.76
TX1780500,PORT ARANSAS PD,PORT ARANSAS PD,City,TX,2022,3286,17,2,19,3,7,10,20,9,29,8.83
AL0140100,CLANTON PD,CLANTON PD,City,AL,2022,8799,28,0,28,2,1,3,30,1,31,3.52
VA0850500,NEW MARKET PD,NEW MARKET PD,City,VA,2022,2180,6,0,6,0,0,0,6,0,6,2.75
WI0620200,ARCADIA PD,ARCADIA PD,City,WI,2022,3654,2,0,2,1,0,1,3,0,3,0.82
NC0640700,WHITAKERS PD,WHITAKERS PD,City,NC,2022,623,2,0,2,0,0,0,2,0,2,3.21
MS0450600,,,University or College,MS,2022,0,3,1,4,1,0,1,4,1,5,
AR0120300,GREERS FERRY PD GREERS FERRY,GREERS FERRY PD GREERS FERRY,City,AR,2022,833,4,0,4,0,1,1,4,1,5,6.00
ME0060800,WINTHROP PD,WINTHROP PD,City,ME,2022,6168,9,1,10,1,5,6,10,6,16,2.59
GA0050400,GEORGIA MILITARY COLLEGE,GEORGIA MILITARY COLLEGE,University or College,GA,2022,0,2,1,3,1,1,2,3,2,5,
MO0020100,SAVANNAH,SAVANNAH,City,MO,2022,5032,6,0,6,0,0,0,6,0,6,1.19
NH0082200,EXETER PD,EXETER PD,City,NH,2022,16155,20,2,22,4,6,10,24,8,32,1.98
NJ0211600,MANSFIELD TWP POLICE DEPARTMENT,MANSFIELD TWP POLICE DEPARTMENT,City,NJ,2022,7846,14,0,14,1,1,2,15,1,16,2.04
AR0740400,,,City,AR,2022,299,1,0,1,0,0,0,1,0,1,3.34
MN0272600,EDEN PRAIRIE PD,EDEN PRAIRIE PD,City,MN,2022,62008,61,7,68,9,15,24,70,22,92,1.48
SD0300000,HANSON CO SO ALEXANDRIA,HANSON CO SO ALEXANDRIA,County,SD,2022,3573,3,0,3,0,0,0,3,0,3,0.84
GA1500300,DAVISBORO PD,DAVISBORO PD,City,GA,2022,1854,2,0,2,0,0,0,2,0,2,1.08
PA0545400,SPR: TUSCARORA,SPR: TUSCARORA,Other State Agency,PA,2022,0,1,0,1,1,0,1,2,0,2,
IL0822500,SHILOH PD,SHILOH PD,City,IL,2022,14616,17,0,17,3,1,4,20,1,21,1.44
WV0190300,RANSON PD,RANSON PD,City,WV,2022,5995,15,0,15,1,1,2,16,1,17,2.84
WY0020300,GREYBULL POLICE DEPARTMENT,GREYBULL POLICE DEPARTMENT,City,WY,2022,1700,5,0,5,1,0,1,6,0,6,3.53
PA0481200,BETHLEHEM TWP PD BETHLEHEM,BETHLEHEM TWP PD BETHLEHEM,City,PA,2022,26039,31,0,31,4,1,5,35,1,36,1.38
TX2360300,,,University or College,TX,2022,0,23,3,26,3,12,15,26,15,41,
KS0340000,GRANT CO SO ULYSSES,GRANT CO SO ULYSSES,County,KS,2022,1566,6,4,10,0,5,5,6,9,15,9.58
WV0250700,GRANT TOWN PD,GRANT TOWN PD,City,WV,2022,681,1,0,1,0,0,0,1,0,1,1.47
PA0411700,MUNCY TOWNSHIP,MUNCY TOWNSHIP,City,PA,2022,1180,2,0,2,0,0,0,2,0,2,1.69
KS0570200,LINDSBORG PD,LINDSBORG PD,City,KS,2022,3474,6,0,6,0,1,1,6,1,7,2.01
NM0250100,LAS VEGAS PD,LAS VEGAS PD,City,NM,2022,13151,23,5,28,2,11,13,25,16,41,3.12
PA0610200,OIL CITY PD,OIL CITY PD,City,PA,2022,9422,14,0,14,0,2,2,14,2,16,1.70
TN0020000,BEDFORD CO SO SHELBYVILLE,BEDFORD CO SO SHELBYVILLE,County,TN,2022,27259,48,2,50,6,5,11,54,7,61,2.24
AR0410100,ASHDOWN PD,ASHDOWN PD,City,AR,2022,4150,12,1,13,0,1,1,12,2,14,3.37
GA0350400,NORMAN PARK,NORMAN PARK,City,GA,2022,960,2,0,2,0,0,0,2,0,2,2.08
MI3384300,LANSING TWP PD LANSING,LANSING TWP PD LANSING,City,MI,2022,8037,15,0,15,0,1,1,15,1,16,1.99
NY0602700,WARSAW VILLAGE PD WARSAW,WARSAW VILLAGE PD WARSAW,City,NY,2022,3632,5,0,5,0,0,0,5,0,5,1.38
FL0040000,BRADFORD CO SO STARKE,BRADFORD CO SO STARKE,County,FL,2022,22556,36,16,52,5,25,30,41,41,82,3.64
LA0490200,OPELOUSAS PD,OPELOUSAS PD,City,LA,2022,15447,26,2,28,10,12,22,36,14,50,3.24
PA0543600,RUSH TWP PD TAMAQUA,RUSH TWP PD TAMAQUA,City,PA,2022,3462,1,0,1,0,0,0,1,0,1,0.29
MD0110400,THURMONT PD,THURMONT PD,City,MD,2022,6645,8,0,8,1,4,5,9,4,13,1.96
SD0080000,BUFFALO CO SO GANNVALLEY,BUFFALO CO SO GANNVALLEY,County,SD,2022,1915,1,0,1,0,0,0,1,0,1,0.52
OR0260100,GRESHAM,GRESHAM,City,OR,2022,111590,106,7,113,7,26,33,113,33,146,1.31
PA0071900,,,Other State Agency,PA,2022,0,1,0,1,0,0,0,1,0,1,
WA0210000,LEWIS CO SO CHEHALIS,LEWIS CO SO CHEHALIS,County,WA,2022,52876,39,31,70,1,32,33,40,63,103,1.95
TN0910100,WAYNESBORO PD,WAYNESBORO PD,City,TN,2022,2353,7,0,7,0,0,0,7,0,7,2.97
MI5615600,MIDLAND CO SO MIDLAND,MIDLAND CO SO MIDLAND,County,MI,2022,39909,30,28,58,0,10,10,30,38,68,1.70
IN0430200,WINONA LAKE PD,WINONA LAKE PD,City,IN,2022,5066,6,0,6,0,0,0,6,0,6,1.18
PA0171800,,,Other State Agency,PA,2022,0,1,0,1,1,0,1,2,0,2,
PA0466200,,,University or College,PA,2022,0,7,0,7,1,0,1,8,0,8,
PA0670100,HANOVER PD,HANOVER PD,City,PA,2022,16535,21,0,21,1,2,3,22,2,24,1.45
AR0240000,FRANKLIN CO SO OZARK,FRANKLIN CO SO OZARK,County,AR,2022,11039,9,9,18,0,18,18,9,27,36,3.26
KY0340800,KENTUCKY HORSE PARK MOUNTED POLICE LEXINGTON,KENTUCKY HORSE PARK MOUNTED POLICE LEXINGTON,Other State Agency,KY,2022,0,7,0,7,1,0,1,8,0,8,
MN0830000,WATONWAN CO SO ST JAMES,WATONWAN CO SO ST JAMES,County,MN,2022,4030,7,3,10,1,8,9,8,11,19,4.71
WV0480200,SISTERSVILLE PD,SISTERSVILLE PD,City,WV,2022,1356,2,0,2,1,0,1,3,0,3,2.21
GA0080100,CARTERSVILLE PD,CARTERSVILLE PD,City,GA,2022,23293,40,3,43,8,7,15,48,10,58,2.49
WA0241000,WINTHROP PD,WINTHROP PD,City,WA,2022,550,3,0,3,0,0,0,3,0,3,5.45
SC033NR00,DNR: MCCORMICK COUNTY,DNR: MCCORMICK COUNTY,Other State Agency,SC,2022,0,3,0,3,0,0,0,3,0,3,
CA0199700,UNIV OF CALIFORNIA PD,UNIV OF CALIFORNIA PD,University or College,CA,2022,0,45,32,77,11,24,35,56,56,112,
MS0670300,RULEVILLE,RULEVILLE,City,MS,2022,2526,4,0,4,0,0,0,4,0,4,1.58
PA0070700,ALLEGHENY TWP PD DUNCANSVILLE,ALLEGHENY TWP PD DUNCANSVILLE,City,PA,2022,6501,9,0,9,0,1,1,9,1,10,1.54
AL0480100,DEMOPOLIS PD,DEMOPOLIS PD,City,AL,2022,6885,21,0,21,2,4,6,23,4,27,3.92
MN0274300,,,Other,MN,2022,0,87,13,100,22,13,35,109,26,135,
OK0551100,HARRAH,HARRAH,City,OK,2022,6425,11,1,12,0,1,1,11,2,13,2.02
MA0030400,DARTMOUTH PD SOUTH DARTMOUTH,DARTMOUTH PD SOUTH DARTMOUTH,City,MA,2022,34192,64,4,68,4,14,18,68,18,86,2.52
WY0040100,RAWLINS PD,RAWLINS PD,City,WY,2022,8355,14,1,15,2,11,13,16,12,28,3.35
TN0510000,LEWIS CO SO HOHENWALD,LEWIS CO SO HOHENWALD,County,TN,2022,9271,16,14,30,0,10,10,16,24,40,4.31
MN0810200,NEW RICHLAND PD,NEW RICHLAND PD,City,MN,2022,1231,1,0,1,1,0,1,2,0,2,1.62
PA0240300,CITY OF ST MARYS POLICE DEPARTMENT,CITY OF ST MARYS POLICE DEPARTMENT,City,PA,2022,12602,15,0,15,0,1,1,15,1,16,1.27
CO0630100,WRAY,WRAY,City,CO,2022,2298,6,0,6,0,1,1,6,1,7,3.05
OK0330200,,,City,OK,2022,730,1,0,1,0,0,0,1,0,1,1.37
SC0040500,WILLIAMSTON PD,WILLIAMSTON PD,City,SC,2022,4172,12,0,12,3,0,3,15,0,15,3.60
KS0690000,NORTON CO SO NORTON,NORTON CO SO NORTON,County,KS,2022,2556,6,0,6,0,4,4,6,4,10,3.91
NH0073400,LOUDON PD,LOUDON PD,City,NH,2022,5781,7,0,7,0,1,1,7,1,8,1.38
MN0140100,,,City,MN,2022,2799,5,0,5,0,1,1,5,1,6,2.14
AL0510200,FRISCO CITY PD,FRISCO CITY PD,City,AL,2022,1156,2,0,2,0,0,0,2,0,2,1.73
SC030FC00,FC: LAURENS COUNTY,FC: LAURENS COUNTY,Other State Agency,SC,2022,0,2,0,2,0,0,0,2,0,2,
TN0600300,SPRING HILL PD,SPRING HILL PD,City,TN,2022,56232,55,0,55,8,4,12,63,4,67,1.19
AL0310100,ATTALLA PD,ATTALLA PD,City,AL,2022,5840,22,1,23,0,4,4,22,5,27,4.62
WV0260600,LAW ENF DIV DEPT NATRL RESOURCES CAMERON,LAW ENF DIV DEPT NATRL RESOURCES CAMERON,Other State Agency,WV,2022,0,0,0,0,1,0,1,1,0,1,
NC0310700,MAGNOLIA PD,MAGNOLIA PD,City,NC,2022,833,2,0,2,0,0,0,2,0,2,2.40
TX1781700,DRISCOLL POLICE DEPARTMENT,DRISCOLL POLICE DEPARTMENT,City,TX,2022,668,2,0,2,0,1,1,2,1,3,4.49
NB0600100,NORFOLK PD,NORFOLK PD,City,NB,2022,25048,34,4,38,1,17,18,35,21,56,2.24
TX0190300,NASH PD,NASH PD,City,TX,2022,3847,9,0,9,0,0,0,9,0,9,2.34
MI8218200,WAYNE COUNTY SHERIFFS OFFICE,WAYNE COUNTY SHERIFFS OFFICE,County,MI,2022,0,455,34,489,128,65,193,583,99,682,
